,Liver_PerDKO_DD_CT0_A,Liver_PerDKO_DD_CT0_B,Liver_PerDKO_DD_CT0_C,Liver_PerDKO_DD_CT0_D,Liver_PerDKO_DD_CT12_A,Liver_PerDKO_DD_CT12_B,Liver_PerDKO_DD_CT12_C,Liver_PerDKO_DD_CT12_D,Liver_PerDKO_DD_CT16_A,Liver_PerDKO_DD_CT16_B,Liver_PerDKO_DD_CT16_C,Liver_PerDKO_DD_CT16_D,Liver_PerDKO_DD_CT20_A,Liver_PerDKO_DD_CT20_B,Liver_PerDKO_DD_CT20_C,Liver_PerDKO_DD_CT4_A,Liver_PerDKO_DD_CT4_B,Liver_PerDKO_DD_CT4_C,Liver_PerDKO_DD_CT4_D,Liver_PerDKO_DD_CT8_A,Liver_PerDKO_DD_CT8_B,Liver_PerDKO_DD_CT8_C,Liver_PerDKO_DD_CT24_A,Liver_PerDKO_DD_CT24_B,Liver_PerDKO_DD_CT24_C,Liver_PerDKO_DD_CT24_D,Liver_PerDKO_DD_CT28_A,Liver_PerDKO_DD_CT28_B,Liver_PerDKO_DD_CT28_C,Liver_PerDKO_DD_CT28_D,Liver_PerDKO_DD_CT32_A,Liver_PerDKO_DD_CT32_B,Liver_PerDKO_DD_CT32_C,Liver_PerDKO_DD_CT32_D,Liver_PerDKO_DD_CT36_A,Liver_PerDKO_DD_CT36_B,Liver_PerDKO_DD_CT36_C,Liver_PerDKO_DD_CT36_D,Liver_PerDKO_DD_CT40_A,Liver_PerDKO_DD_CT40_B,Liver_PerDKO_DD_CT40_C,Liver_PerDKO_DD_CT40_D,Liver_PerDKO_DD_CT44_A,Liver_PerDKO_DD_CT44_B,Liver_PerDKO_DD_CT44_C,Liver_PerDKO_DD_CT44_D
0610005C13Rik,1325,586,1139,1606,876,1178,1065,1001,1742,1297,1635,1546,1220,1294,1414,1674,1506,1313,1300,1149,421,1944,1412,813,1190,1020,1328,1296,1647,1314,950,767,1087,815,1218,1056,830,1106,1429,710,1630,1271,1106,910,1145,1004
0610007P14Rik,755,304,627,976,646,548,732,658,911,721,837,873,589,505,630,824,836,458,698,764,258,424,825,502,585,644,669,573,1046,783,601,421,515,441,656,655,547,697,651,405,813,587,723,478,548,619
0610009B22Rik,116,48,109,166,71,126,150,132,164,118,134,229,164,124,136,140,140,164,132,137,46,149,182,118,122,116,117,134,152,133,87,130,146,88,123,142,115,137,117,110,186,131,105,70,106,119
0610009L18Rik,6,3,4,9,6,6,7,5,5,9,4,10,3,7,8,7,19,17,5,7,3,26,16,5,7,4,1,6,9,7,11,11,1,7,3,7,10,12,3,0,5,3,9,4,6,7
0610009O20Rik,43,26,41,84,43,49,60,53,65,49,96,78,58,52,54,72,78,98,65,63,25,74,72,47,46,75,47,73,70,71,53,37,77,63,74,77,47,59,53,41,91,61,73,50,50,50
0610010F05Rik,3,1,0,3,3,7,5,2,2,6,4,8,2,4,5,2,5,4,5,5,1,5,6,1,5,5,2,1,8,3,4,3,5,1,3,2,4,9,3,1,2,6,6,3,1,4
0610010K14Rik,138,62,114,192,116,138,138,161,182,114,173,223,146,106,165,167,156,218,115,126,51,201,171,101,171,176,117,197,170,171,169,104,135,100,135,120,109,142,126,108,200,154,136,96,124,154
0610011F06Rik,897,388,608,1120,383,693,915,751,745,889,1145,1012,783,730,1040,1031,1054,559,1021,763,260,670,950,502,778,624,668,1046,893,870,622,682,913,642,924,953,669,912,1008,533,1151,911,889,656,760,722
0610012G03Rik,386,201,360,619,279,407,455,457,508,377,483,528,453,411,494,491,522,679,396,312,144,646,561,278,418,392,367,438,602,460,385,344,395,310,411,451,408,396,466,266,497,479,429,353,410,386
0610030E20Rik,38,11,30,45,51,36,42,29,72,44,49,57,43,33,31,41,48,61,39,34,19,55,55,37,34,37,48,40,51,59,20,19,40,18,20,31,30,27,23,25,49,30,33,25,23,46
0610031O16Rik,13,14,18,32,4,26,18,22,16,32,37,37,32,19,48,15,17,15,20,27,6,12,19,22,36,30,25,48,40,48,18,20,40,20,23,24,27,20,44,12,41,27,18,27,27,15
0610037L13Rik,117,35,88,151,91,119,145,126,153,102,129,122,100,104,110,116,126,178,120,90,37,144,142,78,147,108,129,116,169,156,111,86,102,85,101,99,95,118,106,63,139,122,104,72,119,113
0610040B10Rik,2,2,3,2,2,2,7,2,4,4,11,3,4,2,3,3,6,10,9,2,3,7,5,2,3,2,0,4,2,4,1,1,5,1,4,0,2,1,2,3,2,3,1,1,6,3
0610040J01Rik,99,57,103,152,105,103,99,104,188,113,156,170,94,111,148,130,137,154,122,126,49,188,140,80,129,109,127,142,155,106,90,73,115,73,119,62,85,127,78,74,155,131,92,73,111,109
0610043K17Rik,7,2,6,9,11,7,7,5,16,5,11,14,9,5,8,11,8,7,6,7,2,11,7,6,6,10,14,5,8,11,16,8,9,5,6,13,8,7,12,9,9,8,8,9,4,7
1010001N08Rik,5,5,9,10,3,7,5,6,21,1,7,12,13,8,12,8,11,7,8,4,3,25,10,7,6,8,4,10,13,5,4,4,6,6,6,4,6,7,3,3,5,5,8,6,8,9
1110001J03Rik,514,334,650,857,407,653,780,633,852,603,737,744,814,800,711,801,626,672,656,587,267,946,904,621,852,712,630,760,1066,856,500,553,736,552,823,839,705,760,871,517,1111,846,823,703,807,785
1110002L01Rik,10,7,8,16,10,7,9,6,4,8,20,20,10,2,9,11,8,11,4,12,5,17,10,4,9,7,12,5,10,5,6,8,19,5,6,8,4,5,6,8,10,8,2,5,4,6
1110004E09Rik,120,61,129,180,146,141,142,133,211,137,175,208,173,167,181,201,170,240,134,124,73,218,185,113,171,194,127,150,153,173,162,119,154,101,145,120,115,138,142,101,252,139,149,129,123,140
1110004F10Rik,132,65,120,225,127,123,157,136,237,145,159,198,167,155,183,194,131,270,152,158,64,282,175,120,162,119,126,170,249,193,148,105,162,85,158,154,125,139,138,108,182,156,148,67,129,144
1110006O24Rik,3,0,6,7,7,7,9,4,11,4,5,8,4,8,6,7,2,12,6,4,3,7,9,3,2,4,8,8,6,0,6,2,4,3,5,5,2,4,4,4,4,5,1,5,4,7
1110007C09Rik,96,68,97,181,101,87,140,146,148,112,129,178,148,144,128,143,106,297,95,90,46,348,128,107,116,129,121,122,164,114,133,89,77,93,111,95,109,128,105,80,168,117,108,74,123,113
1110008F13Rik,742,323,529,898,573,651,689,607,1037,687,849,906,857,900,889,1116,894,1253,675,649,348,1417,690,479,653,741,690,902,959,994,891,522,571,423,837,622,629,590,667,403,991,671,675,376,514,676
1110008L16Rik,52,34,39,76,54,69,72,49,72,62,77,82,59,66,57,69,76,82,61,36,29,72,57,44,63,63,47,80,69,79,32,45,61,42,67,42,60,62,48,27,70,58,75,46,56,63
1110008P14Rik,199,117,207,312,272,260,255,226,435,241,296,411,229,215,250,294,230,418,218,259,78,276,176,162,283,212,334,265,211,276,345,176,243,167,285,194,152,211,239,168,392,272,244,175,209,201
1110012L19Rik,67,31,60,71,70,63,63,75,137,64,73,97,81,68,72,92,79,69,64,49,25,95,86,46,93,79,56,77,99,83,67,57,61,53,81,96,66,76,76,66,109,66,75,58,83,60
1110019D14Rik,1,1,4,6,5,7,4,2,11,2,10,7,3,2,2,6,7,3,3,2,1,1,7,3,7,2,2,4,8,2,2,2,3,2,5,5,5,3,8,2,6,0,3,3,5,2
1110020A21Rik,17,5,16,21,9,10,27,11,20,17,21,16,10,15,25,17,19,25,13,12,9,21,14,18,30,15,15,22,28,20,12,14,13,12,24,20,10,16,16,10,21,14,20,9,14,7
1110028F11Rik,15,4,11,7,4,11,12,17,12,12,15,17,10,9,19,12,10,21,19,12,6,13,22,12,9,13,18,21,18,16,6,7,18,13,21,17,3,20,15,8,23,19,17,14,20,11
1110032A03Rik,70,45,88,127,86,92,99,94,112,90,107,92,119,114,123,89,102,114,76,100,47,95,144,61,104,105,76,97,149,113,94,73,117,61,112,122,83,128,117,63,134,128,98,90,88,90
1110034G24Rik,28,13,18,41,19,25,39,30,37,27,29,27,32,22,41,33,27,50,31,20,10,30,37,22,37,23,21,28,34,31,20,20,20,22,32,21,23,37,22,26,36,28,30,26,25,29
1110037F02Rik,10,3,7,17,15,19,14,26,20,14,11,19,11,15,15,15,16,21,18,11,3,30,22,6,13,20,13,11,18,22,15,5,16,8,16,9,14,14,7,7,19,4,11,6,10,12
1110038B12Rik,84,57,75,218,75,95,128,98,134,78,137,173,125,87,129,148,143,231,97,86,39,277,117,53,99,93,91,94,87,126,78,74,86,53,86,74,69,82,88,54,130,104,94,67,101,92
1110038F14Rik,70,31,51,62,59,49,86,67,81,52,81,88,59,51,74,88,100,96,42,53,22,110,65,51,53,68,61,65,90,71,112,40,51,46,52,53,57,49,67,28,82,64,61,50,47,53
1110051M20Rik,6,2,9,16,9,6,5,14,7,6,8,11,8,7,5,7,10,23,12,10,6,9,15,7,6,6,11,7,10,12,6,2,12,3,4,6,3,6,16,4,18,6,6,6,5,7
1110059E24Rik,33,25,45,77,39,56,58,50,64,53,53,75,55,54,67,48,50,55,43,40,14,78,78,31,66,53,64,60,80,76,50,53,57,28,68,56,54,52,53,24,65,62,72,40,52,73
1110065P20Rik,240,135,205,318,179,239,233,214,302,254,291,386,280,239,303,364,339,427,259,270,89,337,298,170,235,202,256,320,272,269,176,181,258,204,293,269,199,292,311,166,356,264,238,219,226,236
1190002F15Rik,0,0,0,4,2,0,1,12,0,1,0,3,2,0,1,3,0,9,0,2,0,1,0,1,3,1,2,1,2,0,1,1,0,0,2,1,2,1,1,1,0,0,2,1,1,0
1190002N15Rik,47,28,35,71,43,38,45,45,49,36,54,57,50,40,59,46,40,69,55,34,19,82,49,21,36,33,33,51,58,37,30,30,53,12,41,34,24,43,27,29,38,41,39,25,35,53
1190007I07Rik,94,67,100,174,82,125,146,146,151,107,135,146,165,120,143,153,129,120,140,111,40,123,169,107,139,156,101,120,177,153,111,105,142,95,116,137,106,107,185,93,179,125,117,109,119,127
1200014J11Rik,2,4,4,6,6,6,9,2,9,7,5,7,6,7,3,11,6,8,4,2,2,2,6,0,2,5,3,5,3,6,5,3,5,3,3,2,2,1,2,2,5,2,3,0,2,6
1300002E11Rik,36,26,29,26,26,28,27,22,49,25,30,32,39,27,36,37,33,51,30,31,18,58,35,13,32,28,27,29,29,37,20,16,26,14,28,31,26,32,18,19,38,21,33,19,15,34
1300017J02Rik,2219,1176,1988,3778,1729,2593,2862,2737,3084,2633,3417,3965,2182,1944,2928,3351,3277,2239,2805,2581,674,3105,3048,1591,2935,2288,2727,2988,3817,2687,1360,1819,2342,1954,1999,2243,1773,2514,2558,1836,3556,2829,2502,1761,2289,2138
1500011B03Rik,6,5,4,14,8,4,5,10,11,5,9,15,11,4,8,11,11,17,8,3,1,22,7,6,9,13,8,12,5,11,5,7,11,10,7,6,7,5,6,3,7,9,10,10,6,7
1500011K16Rik,159,111,182,306,236,194,327,255,268,175,243,260,227,212,224,215,226,410,253,212,100,287,262,198,281,216,195,229,261,306,239,156,264,189,196,235,193,228,268,157,328,240,253,195,221,218
1500012F01Rik,90,48,75,178,118,103,112,75,166,84,172,130,118,107,98,153,225,223,95,68,27,451,113,61,97,102,80,97,105,119,82,74,120,56,83,99,69,83,91,55,143,69,83,81,59,71
1500015A07Rik,7,2,5,8,6,7,15,8,4,1,11,6,6,6,7,7,8,9,7,4,0,17,4,2,5,3,3,7,12,6,6,3,12,7,4,8,9,3,6,3,8,3,7,6,9,2
1500017E21Rik,13,4,17,22,5,24,12,13,1,17,11,3,15,11,20,16,17,2,10,15,10,6,27,20,16,11,5,28,27,33,91,21,56,20,22,28,11,15,46,13,23,22,36,32,32,23
1600002H07Rik,278,191,366,439,227,274,313,248,527,403,361,462,499,740,615,420,299,170,282,258,113,224,496,278,499,426,341,412,408,398,177,316,427,256,429,255,244,374,449,253,727,499,431,314,423,404
1600002K03Rik,21,12,25,36,18,35,32,32,27,12,32,36,26,23,31,57,32,42,20,22,4,25,37,22,30,39,31,31,39,41,29,18,29,25,27,31,26,26,27,20,33,32,29,23,28,26
1600012H06Rik,35,24,27,63,41,48,50,53,62,46,64,64,42,46,52,47,51,59,44,25,19,76,74,34,46,54,37,55,86,52,34,38,41,23,46,41,41,44,35,21,58,56,58,32,29,35
1600014C10Rik,247,84,168,373,121,202,151,201,254,206,261,228,178,163,274,353,290,148,188,173,47,197,146,111,208,162,172,205,303,242,160,80,107,143,120,110,151,208,184,115,254,221,159,93,168,224
1600020E01Rik,71,21,47,81,41,62,72,49,78,48,73,81,52,46,60,83,86,79,54,60,16,96,72,32,51,49,53,64,85,57,44,32,56,38,47,51,38,45,41,24,64,34,45,33,40,43
1600023N17Rik,2,2,5,0,1,0,0,5,1,2,3,1,2,3,3,1,4,3,3,1,2,8,1,4,1,1,2,4,5,4,0,1,4,2,2,2,3,2,4,0,2,3,0,2,4,3
1700001C19Rik,50,21,23,54,11,21,29,32,52,43,24,31,40,34,39,44,29,22,37,36,13,27,62,28,47,29,28,31,66,38,14,21,23,23,44,45,44,27,37,40,54,33,44,17,35,30
1700001L05Rik,14,9,13,30,17,19,20,11,30,17,22,18,19,22,16,14,22,39,15,11,4,40,26,20,21,22,20,17,28,11,12,14,21,13,24,11,12,17,28,13,20,20,24,14,17,19
1700003E16Rik,5,2,1,4,5,4,6,8,8,3,6,8,7,11,6,4,7,3,6,7,2,7,6,3,4,8,0,15,8,3,1,0,9,4,3,2,6,3,2,4,7,2,4,4,4,3
1700003F12Rik,13,2,11,19,11,4,17,27,10,10,8,10,7,5,7,13,5,14,9,11,0,17,14,3,11,9,11,12,14,5,5,2,14,9,4,10,5,7,12,7,9,5,7,9,6,10
1700007L15Rik,10,5,4,17,9,7,9,11,11,11,13,25,10,5,9,8,16,32,15,9,3,30,12,4,15,10,5,13,5,17,7,10,8,9,15,6,11,15,9,10,14,11,11,10,15,14
1700008J07Rik,5,4,6,3,6,6,5,4,7,6,8,7,7,6,9,10,5,12,9,11,1,11,3,5,3,10,8,8,12,9,3,2,6,3,6,2,7,9,8,2,6,2,9,4,6,5
1700008O03Rik,2,2,2,2,0,0,1,0,4,0,2,6,3,2,2,0,3,1,1,0,0,1,1,0,2,2,3,0,4,1,1,0,0,6,1,1,0,3,1,2,0,0,0,2,0,0
1700010I14Rik,1,1,0,2,2,1,2,4,4,1,2,2,0,1,4,1,4,6,1,1,1,5,2,1,2,0,3,2,0,1,3,2,2,1,1,1,4,1,0,0,2,5,0,2,2,3
1700011H14Rik,8,2,0,7,8,3,9,17,1,3,9,7,11,1,6,4,13,6,17,2,3,7,5,4,6,10,6,5,2,6,4,6,7,1,3,4,4,5,6,8,11,5,6,4,6,5
1700012D01Rik,31,7,21,28,30,30,26,15,43,31,51,39,30,41,30,43,43,20,34,33,10,44,34,23,41,29,32,32,55,25,20,21,26,7,40,24,54,25,35,13,45,35,20,28,41,29
1700017B05Rik,38,26,22,48,37,28,45,43,42,27,30,43,40,36,37,43,33,99,36,21,11,75,36,18,41,33,26,28,42,39,30,14,46,17,37,23,25,38,31,18,53,20,38,31,26,35
1700018L02Rik,7,6,15,14,11,13,25,11,30,10,22,14,10,12,11,28,13,4,13,14,1,8,23,7,26,5,25,25,21,18,13,9,21,9,9,14,5,30,23,7,22,9,17,7,8,11
1700019G17Rik,9,8,11,9,6,9,7,7,9,9,9,14,9,9,6,10,5,11,12,9,2,11,13,7,13,14,13,14,12,19,7,11,12,10,7,9,8,10,10,8,20,6,11,7,12,6
1700020I14Rik,33,7,25,51,48,40,41,19,46,31,32,47,45,27,40,41,32,51,35,33,11,54,37,26,32,31,26,31,60,48,29,22,37,44,37,40,44,39,39,31,38,35,35,22,33,31
1700021F05Rik,151,93,148,241,151,123,190,157,160,155,193,216,165,149,184,233,211,230,137,136,80,225,191,123,215,170,121,171,212,172,126,138,165,113,193,165,141,185,146,114,204,150,195,157,160,167
1700021K19Rik,80,40,71,98,91,83,102,97,91,65,112,129,100,63,79,113,109,95,87,62,32,112,106,60,105,79,66,76,93,84,76,64,90,68,100,78,83,85,88,51,150,73,83,79,64,70
1700024P16Rik,10,7,5,18,21,6,17,26,20,14,11,42,20,17,17,7,11,49,14,17,5,49,21,8,19,21,9,16,25,17,31,14,9,14,10,19,17,23,15,5,27,14,12,11,11,11
1700025G04Rik,2,0,4,6,2,3,6,2,9,4,7,5,2,9,4,7,4,8,5,5,2,8,3,3,3,2,3,4,6,8,2,2,5,3,4,2,4,3,6,1,8,4,2,1,3,1
1700029I15Rik,7,4,9,23,11,10,7,16,8,11,15,17,9,13,20,9,10,7,7,11,5,7,9,9,16,13,11,16,12,14,9,12,12,15,8,19,13,13,13,14,17,16,21,13,9,13
1700029J07Rik,3,3,4,6,0,3,2,2,3,2,0,7,3,0,2,2,2,4,4,2,1,7,2,4,3,5,0,3,2,5,1,0,5,0,1,4,2,1,1,0,5,1,3,1,1,0
1700030C10Rik,2,0,1,2,1,1,1,1,2,5,5,3,4,4,3,3,5,4,0,1,0,5,4,4,2,5,0,1,1,0,4,3,1,0,6,2,3,0,5,0,2,1,3,1,1,3
1700030K09Rik,26,6,19,33,22,21,16,21,21,31,26,34,22,16,28,29,34,28,20,24,6,32,31,15,17,20,13,21,21,25,14,13,25,28,21,19,17,26,17,17,34,28,18,21,15,22
1700037C18Rik,4,1,2,1,4,1,2,3,4,1,5,5,3,1,3,1,4,14,2,1,1,4,4,1,3,2,0,2,2,2,6,2,0,4,6,3,1,5,5,0,2,1,3,2,1,6
1700037H04Rik,32,19,9,31,18,24,43,31,30,27,23,27,22,22,27,27,21,52,24,17,7,37,26,21,27,16,17,26,38,32,39,12,14,21,27,27,12,32,22,28,40,25,46,20,15,21
1700039E15Rik,1,0,0,1,0,0,1,0,1,2,6,1,1,0,2,2,2,3,1,1,0,5,2,0,0,1,0,1,1,1,0,1,2,0,1,0,0,0,0,0,1,0,1,1,1,1
1700040L02Rik,1,2,0,6,2,3,14,4,7,5,1,2,5,2,5,9,6,11,2,1,2,22,16,4,8,4,7,6,9,6,4,4,4,7,1,6,8,4,12,0,8,4,5,8,5,7
1700047M11Rik,1,1,1,6,3,2,4,3,1,4,5,1,3,2,2,1,3,1,2,1,0,6,3,1,2,4,2,7,9,6,0,2,1,0,2,1,0,4,2,1,0,3,0,1,3,3
1700048O20Rik,2,3,3,8,4,3,4,6,6,4,6,13,2,2,3,3,6,2,3,2,1,1,1,2,3,9,1,4,4,8,3,1,1,1,4,9,0,7,0,2,6,10,6,5,1,1
1700052K11Rik,10,13,4,19,11,16,23,22,21,12,9,37,19,12,14,16,16,13,11,10,7,18,18,9,5,17,12,11,19,17,13,9,15,13,14,13,15,7,17,6,19,14,19,8,11,16
1700056E22Rik,8,4,7,25,12,16,18,13,18,13,17,7,10,7,10,13,16,33,15,7,1,41,12,5,15,16,13,12,14,21,13,11,12,9,8,9,6,10,17,4,10,9,18,13,9,10
1700066M21Rik,27,20,15,29,23,12,28,23,28,21,27,29,21,23,33,37,24,16,35,23,10,25,37,16,27,21,29,40,31,34,18,20,42,6,29,22,26,30,20,20,30,39,22,20,19,26
1700067K01Rik,4,0,4,8,4,3,6,5,11,5,9,4,11,7,5,4,6,1,2,2,1,7,7,5,5,2,7,3,11,5,8,6,3,2,1,9,1,3,3,6,6,6,4,3,5,7
1700084E18Rik,1,1,3,2,1,3,1,4,3,3,3,2,1,1,1,0,2,3,6,3,1,7,2,1,4,6,4,3,3,2,1,1,0,2,4,7,0,5,4,0,0,0,0,1,2,1
1700086O06Rik,15,10,16,16,8,9,12,22,17,16,16,25,14,18,18,22,17,21,14,7,3,11,9,6,13,12,5,11,17,11,12,9,10,15,7,10,8,9,12,11,10,18,12,12,11,10
1700088E04Rik,7,1,1,10,4,5,1,5,5,3,4,4,6,2,5,1,8,3,2,0,1,2,2,1,0,3,3,5,1,3,1,5,4,3,1,3,2,4,4,1,2,1,1,1,1,2
1700092C10Rik,0,0,0,0,0,0,1,1,1,1,2,0,1,1,2,1,0,1,2,0,0,3,0,1,1,3,1,1,5,1,1,0,0,1,3,1,7,0,2,0,0,0,1,3,2,2
1700094D03Rik,7,8,6,25,6,10,8,5,11,5,15,16,5,9,4,10,12,8,3,4,2,14,12,4,6,13,4,9,13,12,2,6,8,5,3,7,5,6,10,3,11,4,10,6,5,10
1700096K18Rik,13,3,11,15,12,14,15,14,16,16,14,19,15,13,14,21,17,24,9,11,3,42,20,10,13,16,8,12,23,17,4,11,14,7,21,9,17,13,15,6,19,13,12,10,16,12
1700102H20Rik,3,2,3,4,1,0,1,2,5,0,2,6,2,2,2,3,4,2,1,1,3,8,2,2,3,3,4,2,8,4,1,1,2,3,5,1,4,2,3,3,2,5,1,2,1,5
1700109H08Rik,4,0,7,10,5,4,5,3,2,4,3,2,0,3,3,5,5,4,7,4,1,7,2,4,3,4,2,2,3,2,4,1,3,3,2,3,3,2,4,1,1,4,0,4,4,2
1700112E06Rik,18,13,28,36,32,22,40,36,79,22,20,45,43,16,26,17,17,31,21,20,8,27,52,22,37,38,37,28,31,19,66,21,17,21,13,16,10,18,15,27,42,15,28,28,14,17
1700113A16Rik,15,7,9,19,22,21,10,17,28,16,35,24,25,10,25,26,26,23,17,22,7,34,17,11,22,19,17,26,21,28,15,11,19,13,25,17,7,11,19,15,22,16,22,14,21,18
1700119H24Rik,6,6,4,7,14,3,12,10,16,8,11,6,5,2,7,6,8,32,6,1,4,34,10,3,9,8,9,9,4,11,11,3,9,8,9,3,3,5,6,7,10,6,10,3,3,7
1700120C14Rik,0,1,2,3,2,1,2,2,10,1,4,1,2,1,1,1,2,4,2,3,1,0,1,0,3,2,0,1,3,4,1,2,1,1,2,4,4,2,1,0,9,2,3,0,3,1
1700123O20Rik,147,78,143,200,124,137,147,136,249,149,185,241,162,187,203,210,190,194,143,141,69,222,213,130,160,161,143,162,213,187,138,129,147,101,182,200,152,162,162,109,202,153,140,111,175,135
1810008I18Rik,508,194,483,612,601,396,1183,599,650,354,284,180,357,296,351,437,343,66,462,464,150,108,1227,715,845,643,404,586,1141,687,164,367,557,448,697,967,785,790,530,514,848,543,829,562,609,744
1810010H24Rik,13,3,13,30,24,12,21,22,33,11,25,30,25,25,15,30,27,52,22,26,8,65,14,9,28,30,19,26,39,23,19,11,14,12,15,25,18,21,20,13,29,29,19,15,27,34
1810011H11Rik,4,2,2,5,8,3,5,8,6,4,4,15,2,3,10,5,7,11,4,8,5,1,5,2,8,4,4,6,8,9,11,7,5,8,2,8,1,5,3,1,3,6,5,5,1,1
1810011O10Rik,30,26,30,50,89,30,75,64,155,25,48,101,108,65,56,49,46,61,44,52,17,33,113,83,66,80,50,54,44,51,57,76,74,74,64,59,47,71,82,82,160,74,92,51,45,78
1810013L24Rik,31,10,23,49,18,27,41,12,50,33,27,30,29,28,27,41,24,33,21,20,8,18,28,17,21,9,25,35,36,34,25,9,15,11,23,15,27,13,14,19,35,23,29,14,14,20
1810014B01Rik,10,8,5,15,8,11,13,3,9,10,8,19,10,10,12,14,7,14,11,6,4,28,16,5,14,10,1,6,15,9,4,5,12,6,10,10,12,10,10,7,7,7,12,10,9,4
1810019D21Rik,169,73,143,171,115,267,136,178,283,180,223,234,162,144,234,154,163,144,125,161,34,208,201,146,135,211,175,275,332,167,123,164,208,161,200,217,166,187,195,117,234,185,136,143,148,135
1810021B22Rik,25,6,21,24,21,21,32,26,35,13,20,29,20,20,30,26,33,15,12,13,8,21,23,9,23,17,22,28,29,23,8,13,30,17,23,18,21,20,28,17,36,17,32,17,21,32
1810022K09Rik,1,2,4,7,2,2,2,2,3,4,3,6,3,4,5,1,4,6,3,4,0,7,4,1,4,0,2,8,5,8,1,2,2,4,2,4,0,5,3,6,3,2,4,1,3,5
1810026B05Rik,2,1,5,4,0,1,5,5,3,4,8,6,5,0,6,3,4,4,4,3,1,4,4,4,7,2,1,2,5,3,1,2,3,1,3,3,3,1,4,5,4,3,3,4,5,2
1810026J23Rik,106,50,72,95,64,72,101,67,124,91,104,146,95,96,119,106,104,99,131,90,39,110,132,57,73,104,89,95,98,102,68,58,95,40,75,64,87,94,85,41,118,91,84,55,63,93
1810030O07Rik,22,11,20,27,21,23,20,24,41,18,37,28,30,17,28,35,34,36,26,18,8,45,30,15,18,13,11,28,34,38,28,13,20,10,16,18,13,25,18,9,31,19,9,12,13,21
1810032O08Rik,9,4,14,25,5,14,20,14,11,6,23,14,11,14,7,15,15,14,14,15,3,21,19,11,12,13,14,11,11,9,10,7,10,12,6,3,2,6,10,4,15,7,10,8,7,9
1810034E14Rik,33,8,23,45,28,48,42,36,48,47,32,44,37,30,38,61,51,52,32,50,17,42,55,36,37,50,20,49,62,58,30,19,50,32,50,53,38,49,42,28,82,36,43,31,58,39
1810037I17Rik,149,71,142,230,140,142,209,165,225,156,189,257,179,161,189,145,141,239,183,173,58,239,227,121,184,135,169,184,240,186,205,140,145,130,171,179,140,188,193,88,210,176,167,114,180,187
1810043G02Rik,31,24,43,58,18,39,48,34,45,27,46,40,35,26,41,47,57,45,48,26,7,69,42,25,52,36,33,34,36,37,37,29,32,25,38,24,35,35,30,18,35,36,34,30,26,31
1810043H04Rik,335,178,350,406,277,395,432,376,545,394,454,521,414,411,398,536,468,475,386,365,148,530,502,332,442,379,348,413,611,471,386,245,383,306,443,454,334,389,481,249,559,470,402,328,403,323
1810044D09Rik,21,10,27,31,23,14,19,17,33,16,42,20,29,22,34,41,29,20,21,18,6,37,26,16,27,19,17,28,27,22,18,13,23,10,17,13,16,24,24,17,36,17,25,18,18,24
1810046K07Rik,4,1,6,7,13,3,5,8,22,11,6,19,10,6,11,3,7,6,5,9,7,13,17,14,19,11,9,5,46,18,8,12,14,5,9,14,8,5,12,6,9,8,16,6,11,8
1810053B23Rik,0,0,1,2,5,0,0,1,23,1,0,8,7,6,4,0,3,48,0,0,0,74,0,0,0,1,0,2,12,0,1,1,0,0,0,1,1,0,1,0,1,0,0,1,0,1
1810055G02Rik,65,25,66,200,59,118,108,83,128,70,96,100,114,118,123,175,158,295,62,80,18,149,127,51,81,100,86,130,137,94,94,117,111,120,114,153,81,100,148,101,191,109,194,80,126,92
1810058I24Rik,990,431,972,1415,965,1095,855,1130,1188,952,1497,999,992,716,1132,1336,1549,1376,981,1073,595,1184,1094,614,900,979,954,972,1218,1342,1494,762,1210,718,985,860,640,950,1154,443,1492,918,959,884,855,740
1810062G17Rik,9,2,6,16,11,12,16,15,24,14,10,10,11,3,9,19,15,24,13,13,2,23,16,3,6,12,5,14,8,21,11,5,8,10,14,13,8,12,8,5,26,8,14,10,6,8
1810062O18Rik,1,1,0,2,2,0,1,2,0,1,7,4,0,0,4,2,2,3,0,0,3,2,2,1,7,2,0,2,3,1,1,1,0,1,3,2,2,0,0,0,5,2,0,1,2,0
2010001A14Rik,9,8,14,13,7,8,15,9,11,13,9,11,10,8,5,9,10,12,7,12,3,14,15,10,18,4,11,6,6,7,7,9,10,12,16,20,9,13,4,8,10,6,13,6,12,7
2010003K11Rik,163,83,172,303,174,171,149,169,125,107,267,186,128,141,230,195,277,1161,85,137,48,418,133,62,132,101,92,118,126,127,276,194,119,169,119,147,80,114,148,74,112,88,172,109,138,117
2010012O05Rik,16,3,9,13,21,13,27,17,32,37,25,38,32,19,24,19,22,42,15,19,12,42,29,12,23,22,17,24,34,31,12,18,23,12,24,17,33,22,19,14,35,30,28,10,17,24
2010107E04Rik,100,51,114,172,119,139,158,103,150,113,168,145,144,138,158,124,141,111,137,109,68,225,134,96,156,151,94,171,132,172,127,114,198,107,182,141,136,126,181,80,199,159,125,129,121,123
2010107G23Rik,10,3,9,17,6,7,15,19,4,10,11,9,18,8,5,9,11,30,8,8,2,11,14,9,12,13,5,12,12,26,20,15,18,21,13,18,6,15,16,8,17,16,22,19,19,9
2010111I01Rik,101,44,110,141,166,121,132,134,236,110,141,182,126,119,126,140,152,153,114,125,44,196,148,101,131,118,135,128,159,145,112,65,106,67,94,82,81,116,106,90,162,102,119,91,99,121
2010204K13Rik,4,2,2,8,4,2,7,7,2,0,4,10,2,3,4,7,8,36,16,6,1,14,9,5,7,4,5,4,1,4,1,2,3,3,2,1,2,8,4,6,8,5,1,2,3,3
2010300C02Rik,1,0,2,3,2,1,2,2,4,1,4,1,2,0,1,0,0,1,2,1,0,0,4,0,2,3,1,1,5,2,2,2,3,0,1,2,4,5,1,1,6,1,3,2,1,3
2010308F09Rik,2,2,0,1,0,1,0,1,7,0,0,2,1,1,2,1,0,1,2,0,0,5,1,0,0,2,0,1,0,0,0,1,0,2,2,1,1,1,1,0,1,0,0,0,2,0
2010315B03Rik,29,18,43,52,30,36,55,57,53,53,63,74,35,41,32,49,37,42,47,35,15,69,55,38,38,39,31,36,57,29,27,39,59,26,36,43,40,45,40,22,58,37,43,28,46,49
2010320M18Rik,53,21,53,62,26,45,53,55,59,58,78,67,40,43,52,91,61,115,59,55,6,108,63,32,53,48,51,65,75,49,63,40,53,35,63,43,47,49,62,39,63,69,55,32,52,57
2200002D01Rik,252,132,378,457,386,373,436,477,442,230,444,380,251,259,258,339,214,584,228,383,112,185,405,233,496,441,418,365,359,525,456,253,311,205,394,266,192,331,353,279,580,391,437,258,266,258
2210011C24Rik,2,2,1,2,3,2,3,2,7,2,4,6,4,6,1,9,2,5,2,4,0,9,2,0,1,4,0,1,4,2,1,4,4,1,3,1,0,1,2,0,5,3,2,1,2,1
2210013O21Rik,11,2,4,13,18,11,20,20,21,13,15,14,19,13,7,16,16,28,10,12,7,17,16,3,3,11,20,12,23,15,22,7,13,15,23,15,15,11,12,6,14,11,6,3,10,12
2210015D19Rik,21,7,18,24,19,24,15,20,24,18,37,28,18,17,19,23,23,40,17,22,5,30,41,18,17,12,23,19,25,23,24,12,13,9,24,20,13,11,27,11,23,22,19,18,24,10
2210016F16Rik,3,4,0,3,2,8,0,6,6,3,3,4,3,2,2,4,5,4,2,2,0,5,2,2,2,2,3,5,5,3,3,3,1,2,0,2,3,0,1,1,4,5,3,4,5,2
2210016L21Rik,80,33,70,96,60,52,105,65,96,71,107,80,68,58,84,90,98,129,55,59,21,120,84,53,79,57,68,58,75,73,80,42,64,51,67,64,47,70,53,39,97,56,71,31,43,46
2210018M11Rik,88,46,83,116,56,95,103,67,92,69,91,106,81,82,79,102,94,70,55,69,16,65,76,52,65,68,62,80,90,60,60,46,58,54,65,49,50,76,76,35,72,56,69,41,51,55
2210039B01Rik,14,6,12,23,16,14,16,23,19,14,16,13,15,6,17,24,23,24,22,11,10,24,14,11,7,7,12,13,20,16,21,10,14,22,20,17,7,22,26,12,22,7,12,15,12,19
2210406O10Rik,3,1,2,8,3,6,2,0,4,5,8,2,4,4,5,1,6,4,3,0,0,5,5,2,5,1,6,4,5,6,5,4,6,1,9,2,1,2,1,2,5,3,6,2,2,4
2210408F21Rik,119,57,100,158,94,100,113,99,151,106,141,94,136,98,115,160,156,188,118,83,55,230,141,60,119,98,107,101,156,129,103,56,87,54,117,95,102,118,77,46,133,79,86,57,61,81
2210417A02Rik,5,2,2,6,2,1,8,3,5,4,4,3,7,4,2,3,4,6,9,1,1,6,5,3,4,5,4,1,4,11,2,2,3,4,7,1,5,4,7,5,5,1,6,4,4,1
2300009A05Rik,181,88,208,304,174,226,237,187,280,188,260,249,256,229,256,252,260,253,228,194,101,446,285,204,267,264,204,270,336,300,202,177,225,155,247,233,203,227,240,139,364,234,244,198,216,222
2310001H17Rik,59,19,41,61,57,58,53,45,67,64,61,61,61,55,71,84,58,29,80,43,22,34,66,44,89,64,62,85,85,69,36,46,64,24,63,76,64,58,64,48,113,76,63,52,73,60
2310009A05Rik,90,57,97,130,136,97,106,87,131,94,138,132,98,93,124,120,156,135,110,98,50,161,136,75,133,102,99,97,98,109,115,76,141,80,109,100,126,90,96,66,144,115,101,92,89,80
2310009B15Rik,102,61,83,134,65,109,102,93,114,98,142,132,124,124,121,133,128,247,98,76,56,263,115,68,107,115,75,118,134,111,90,80,102,76,124,110,100,68,96,60,138,98,86,70,93,103
2310010J17Rik,122,57,102,162,109,125,120,105,146,95,153,116,146,113,135,144,169,168,129,114,49,257,109,96,150,116,92,97,177,155,82,88,113,77,110,103,124,95,131,57,176,84,99,111,114,98
2310011J03Rik,93,46,93,126,78,91,102,113,122,119,129,124,102,99,105,118,132,141,110,97,34,135,117,71,102,86,76,120,126,119,136,84,119,85,119,117,79,114,105,73,122,97,125,103,92,80
2310015A10Rik,4,3,8,8,4,3,6,8,5,7,5,6,6,6,4,9,8,1,7,7,0,10,5,9,2,5,3,5,9,5,4,8,6,3,0,2,5,7,3,8,6,4,7,7,2,7
2310022A10Rik,33,19,25,40,24,19,25,23,23,20,27,41,35,23,28,37,20,32,22,15,7,41,28,16,17,18,19,24,29,28,24,17,20,30,17,23,24,18,22,8,33,18,21,12,25,18
2310022B05Rik,107,49,109,159,65,112,152,71,126,84,153,119,109,112,108,131,128,81,106,101,33,97,117,84,98,137,78,105,97,130,95,71,109,84,79,100,77,101,99,59,143,82,77,77,118,92
2310030G06Rik,67,29,86,105,84,91,89,94,126,73,92,108,74,93,113,83,102,127,73,63,25,120,112,53,83,80,56,90,104,76,91,82,82,53,101,90,62,69,64,60,115,70,76,60,71,90
2310033P09Rik,157,99,159,216,130,130,192,158,137,104,199,193,122,84,135,150,143,145,105,110,48,178,137,58,157,96,132,116,118,101,131,88,74,95,106,74,72,78,90,58,136,95,100,57,66,70
2310034G01Rik,0,0,0,2,0,0,1,0,2,2,1,6,1,1,0,0,1,1,1,0,1,6,0,0,1,0,1,1,0,1,0,0,1,1,0,0,0,0,0,1,1,2,1,0,0,0
2310034O05Rik,0,0,0,1,1,0,5,2,1,0,0,0,0,1,0,1,2,14,1,0,0,13,0,0,0,0,0,1,1,1,0,0,0,1,2,0,1,1,0,0,1,0,0,0,0,3
2310035C23Rik,30,13,19,31,14,18,26,38,29,30,33,34,29,23,32,26,27,29,28,16,8,50,29,18,14,26,22,17,32,28,12,22,24,16,24,16,18,18,15,23,25,23,15,14,18,21
2310036O22Rik,415,237,395,630,378,438,474,439,701,480,532,610,496,493,524,586,606,559,482,406,167,618,492,296,496,462,432,506,551,550,383,320,397,276,421,315,412,456,427,311,528,511,446,327,426,458
2310039H08Rik,391,187,440,619,367,403,446,412,622,481,583,570,509,428,531,653,584,929,489,448,209,1212,553,383,515,517,454,494,665,533,374,391,484,355,487,438,476,452,506,315,690,535,492,402,524,531
2310040G24Rik,20,22,19,42,57,25,58,46,46,31,37,50,37,31,31,40,47,31,53,35,11,24,53,32,37,38,36,45,51,44,26,16,26,17,43,27,26,37,37,21,59,31,35,30,19,38
2310045N01Rik,71,22,54,74,59,64,83,61,71,70,88,85,71,64,71,70,66,92,63,50,10,62,68,45,65,65,71,57,86,82,78,44,80,54,76,66,67,73,69,46,97,74,61,38,77,60
2310047M10Rik,66,44,67,89,78,64,82,70,83,53,76,113,64,58,79,90,96,67,67,76,43,104,76,48,50,71,57,69,66,79,69,39,61,51,71,60,52,63,74,50,91,58,62,56,53,51
2310057M21Rik,7,8,6,12,7,12,13,9,4,8,11,18,10,7,8,6,11,13,9,12,4,9,15,7,9,6,7,8,13,12,4,5,7,3,7,9,13,10,4,3,7,3,13,7,5,7
2310061I04Rik,208,126,196,294,154,215,269,249,311,210,289,290,268,238,251,284,257,280,247,172,61,341,254,232,267,257,197,245,280,271,180,190,257,173,226,218,184,216,241,194,335,265,254,197,214,207
2310067B10Rik,24,13,21,19,15,19,37,22,34,16,23,24,15,16,18,24,37,18,24,34,4,15,20,30,26,22,37,28,31,35,15,16,25,18,25,24,15,20,26,19,30,15,19,15,21,19
2310068J16Rik,5,3,2,9,4,9,4,6,4,5,6,4,5,2,5,7,6,6,2,5,3,7,4,6,3,9,4,7,4,6,1,8,6,3,2,7,3,4,5,2,4,4,4,0,7,4
2410002F23Rik,39,20,32,73,36,33,46,49,40,29,50,59,27,42,40,45,43,58,27,31,13,70,29,29,30,21,31,37,53,42,31,21,41,30,29,24,36,46,23,16,39,31,31,22,37,36
2410004B18Rik,31,19,39,50,29,40,47,43,43,27,50,47,47,45,42,49,46,68,31,31,17,54,49,29,42,32,35,40,53,42,41,34,44,13,43,38,36,34,39,27,44,47,33,27,23,37
2410006H16Rik,174,85,111,311,149,162,152,160,219,181,235,184,179,184,180,395,394,536,205,126,63,518,148,112,139,142,129,157,214,203,182,110,149,108,140,166,112,125,165,99,220,175,142,111,120,150
2410015M20Rik,885,477,872,1317,775,1023,1025,1083,1534,1050,1275,1459,945,1169,1113,1257,1232,1561,1075,989,406,1783,1424,738,1255,1167,1049,1231,1746,1405,975,771,1209,830,1162,1112,1123,1196,1307,744,1744,1225,1210,900,1078,1029
2410016O06Rik,28,18,30,50,25,23,58,32,34,31,40,60,46,45,42,42,48,59,26,33,8,61,36,30,21,28,43,44,56,45,36,24,22,27,44,33,30,29,38,24,26,28,59,36,36,36
2410089E03Rik,21,16,17,40,27,43,29,20,31,20,30,27,23,20,24,35,33,51,15,19,11,45,23,13,22,21,19,21,31,19,11,9,18,18,17,18,12,16,18,8,26,18,14,16,7,13
2410127L17Rik,0,3,1,2,3,0,0,0,12,1,1,8,0,1,9,13,7,15,1,4,1,9,8,0,0,2,5,0,2,6,0,8,0,6,1,10,5,0,0,0,7,1,1,3,8,0
2410131K14Rik,7,8,6,17,14,12,14,6,9,8,10,8,6,6,16,13,8,15,6,6,2,14,10,9,10,14,10,10,13,11,9,7,6,10,10,6,8,12,6,8,9,5,8,3,8,5
2500002B13Rik,4,1,2,3,1,1,0,1,3,3,1,3,1,2,1,5,3,2,3,0,0,1,0,0,7,4,2,0,6,3,2,1,0,0,3,1,3,0,2,1,1,1,1,1,0,0
2510002D24Rik,211,110,169,263,127,212,231,179,160,135,247,190,195,162,211,227,195,169,197,192,57,183,203,128,223,199,173,218,270,242,196,143,167,165,194,162,159,196,211,147,261,202,204,129,195,198
2510009E07Rik,40,18,38,59,57,44,67,72,73,47,65,77,61,32,62,65,71,69,62,39,18,82,50,42,66,52,58,34,73,62,96,33,47,42,46,46,35,55,46,28,63,53,52,35,27,34
2510039O18Rik,163,85,201,262,118,151,182,182,229,179,241,240,159,183,145,282,195,207,149,141,55,212,178,147,163,168,174,173,174,156,199,119,120,147,176,170,121,126,155,109,207,164,156,119,129,141
2610001J05Rik,58,26,48,98,46,46,57,49,77,65,82,66,76,39,72,49,66,93,58,76,18,73,66,41,63,63,44,57,77,69,66,37,59,41,54,47,48,56,47,40,76,55,60,37,55,54
2610002M06Rik,0,0,1,4,0,1,2,0,0,6,2,4,2,0,2,4,3,0,4,3,0,0,5,0,1,0,1,1,4,0,1,2,1,0,0,0,1,1,0,1,1,0,3,2,0,2
2610008E11Rik,31,10,13,25,16,11,10,14,21,18,23,22,17,11,18,20,26,11,14,15,9,34,26,15,12,29,16,22,27,17,10,12,17,16,11,9,15,23,9,11,18,13,18,10,11,10
2610015P09Rik,13,5,8,18,14,19,16,16,16,20,25,21,15,14,15,23,31,29,13,9,2,24,16,10,19,14,13,16,19,23,14,11,17,9,13,9,17,13,10,17,24,11,13,13,11,14
2610020H08Rik,7,2,14,13,11,9,9,10,21,9,14,6,12,8,6,11,13,7,8,13,3,10,7,11,11,14,12,10,11,13,11,7,8,8,13,10,9,9,10,4,7,6,8,3,11,2
2610035D17Rik,3,1,2,7,5,2,0,1,6,3,3,13,3,0,4,5,1,1,7,3,3,2,4,3,7,3,1,0,3,5,1,2,7,5,2,0,2,7,2,3,4,1,2,0,3,3
2610044O15Rik8,8,5,5,10,7,7,8,4,12,2,12,7,9,1,5,10,7,23,5,4,4,7,5,5,6,5,5,7,10,9,10,6,5,5,2,4,5,7,5,2,13,3,5,5,7,5
2610301B20Rik,3,9,7,18,8,5,13,13,14,15,11,28,9,8,10,3,6,8,5,10,5,10,12,8,9,11,9,15,10,10,4,11,6,8,3,12,7,9,9,8,9,7,13,6,7,9
2610305D13Rik,3,1,2,7,1,2,4,4,4,1,5,2,1,1,4,3,2,1,4,1,0,1,14,10,6,7,3,3,0,5,6,6,9,0,8,6,1,7,5,2,9,14,4,3,7,4
2610306M01Rik,7,3,8,5,4,0,7,7,3,6,3,6,13,4,3,6,6,17,7,5,3,15,7,8,7,6,11,7,11,3,2,2,1,3,8,4,2,3,6,1,8,4,5,3,2,7
2610507B11Rik,304,150,276,382,219,304,317,336,346,287,358,367,356,284,304,349,305,286,261,280,110,274,368,242,337,338,323,327,408,342,283,237,357,239,349,388,258,297,376,196,478,341,367,246,313,284
2610507I01Rik,49,26,40,71,55,43,66,44,60,41,64,62,55,53,40,57,56,59,39,48,12,52,76,39,52,43,46,41,59,34,27,27,44,39,48,39,47,51,45,29,74,46,53,34,40,45
2610524H06Rik,5,2,1,6,2,1,3,4,2,3,2,4,1,2,4,3,6,6,2,0,0,5,4,0,3,2,0,2,1,4,8,2,3,1,0,0,1,2,4,2,3,1,1,0,1,3
2610528J11Rik,46,10,31,52,29,43,65,52,55,32,36,43,45,43,49,62,68,33,42,48,22,43,57,37,61,48,37,54,84,95,31,32,55,41,56,54,47,57,72,43,100,64,58,47,45,37
2700029M09Rik,21,14,32,57,43,43,46,61,42,34,40,50,38,30,41,31,31,69,26,25,8,56,56,29,49,37,33,43,55,62,46,32,29,23,37,34,32,30,43,15,44,41,38,21,34,36
2700038G22Rik,2,1,3,2,2,0,4,3,0,1,1,4,2,0,2,6,0,9,0,0,0,7,2,1,1,1,3,2,5,3,4,1,0,0,4,1,1,1,2,0,0,1,0,2,1,3
2700049A03Rik,16,3,12,36,18,14,12,25,27,13,20,19,6,7,23,23,16,20,17,13,5,16,13,14,17,12,15,14,24,23,6,9,16,11,9,14,12,15,9,7,16,15,22,19,13,13
2700060E02Rik,156,75,107,264,232,160,204,153,299,200,213,206,249,219,273,188,220,287,140,202,93,304,252,131,211,222,173,233,232,288,174,145,203,100,220,191,204,177,249,143,296,226,188,117,177,179
2700062C07Rik,53,41,54,87,61,63,92,81,90,67,74,100,75,75,85,90,122,86,74,79,29,114,92,51,83,59,59,69,86,90,68,62,69,40,83,53,59,62,74,34,97,76,52,61,74,59
2700081O15Rik,5,3,2,8,9,5,15,17,10,5,3,5,13,3,11,7,5,10,4,8,3,6,10,6,5,5,9,10,10,9,6,5,7,2,7,5,4,9,9,7,9,5,4,8,3,8
2700094K13Rik,103,41,111,158,122,103,133,135,154,99,117,96,123,96,123,143,111,240,102,120,56,160,140,73,125,115,90,116,156,168,184,82,130,105,114,110,108,100,128,77,213,118,134,96,136,123
2700097O09Rik,22,11,16,21,12,14,18,18,29,16,18,39,22,18,13,26,17,27,12,15,6,31,14,11,20,14,12,13,14,19,19,11,15,7,13,13,12,17,13,8,15,13,19,7,4,11
2810001G20Rik,9,2,10,14,12,9,9,9,19,16,16,23,22,9,14,11,12,23,12,16,3,24,14,7,11,2,12,18,19,16,10,5,15,7,13,17,12,7,9,9,19,7,15,11,10,10
2810002D19Rik,4,3,4,4,8,5,9,2,8,4,6,11,4,6,6,9,4,10,6,5,3,8,5,6,6,4,4,2,7,6,3,5,2,5,2,8,7,3,3,6,10,3,4,6,2,2
2810004N23Rik,177,86,148,178,196,144,164,133,156,102,174,219,175,133,156,190,175,222,113,158,78,223,210,116,142,150,138,152,164,178,178,98,149,107,145,122,138,124,161,80,179,133,127,121,124,137
2810006K23Rik,20,5,6,17,15,22,22,19,25,11,13,29,13,12,19,22,19,18,9,13,8,6,15,15,14,9,13,24,37,25,21,18,23,10,15,16,15,13,23,9,21,12,15,10,10,12
2810013P06Rik,21,6,11,21,8,10,20,9,23,7,28,22,24,21,15,26,29,12,13,12,6,30,16,5,10,16,8,22,19,8,12,17,16,10,16,7,16,21,13,5,18,11,12,12,6,15
2810025M15Rik,32,10,30,46,21,33,40,41,55,32,36,34,45,38,37,55,44,56,26,42,16,73,47,34,37,46,40,34,53,47,34,18,35,18,40,24,31,39,41,18,57,37,34,29,30,42
2810403A07Rik,94,49,104,161,87,104,155,117,103,72,136,114,106,63,146,82,113,178,113,83,42,158,107,63,102,81,90,85,104,118,68,62,83,61,82,73,54,89,87,54,110,74,74,58,59,61
2810408A11Rik,1,0,3,2,0,1,1,1,2,2,6,2,0,0,0,2,2,6,1,2,0,1,0,2,2,2,2,0,1,0,0,0,3,0,1,0,0,4,2,0,1,1,0,1,1,2
2810408I11Rik,15,7,14,20,38,32,40,49,39,23,25,78,42,22,48,22,18,64,24,41,22,13,63,33,47,47,50,38,45,34,27,39,43,43,39,35,49,38,41,26,60,44,54,30,45,20
2810410L24Rik,3,0,1,3,0,1,3,1,3,3,5,6,1,5,2,2,3,5,2,2,2,1,7,2,2,4,0,6,5,6,0,0,3,3,3,3,1,2,1,3,5,1,3,4,2,2
2810428I15Rik,401,190,297,543,277,417,488,475,552,421,499,552,356,352,462,495,471,545,504,380,127,516,410,333,463,384,400,497,551,460,322,326,435,416,406,354,326,414,411,268,537,433,418,302,351,398
2810459M11Rik,231,117,217,279,153,191,205,179,231,180,273,272,178,147,230,260,291,244,210,166,51,315,183,113,191,201,206,193,238,204,139,135,208,149,233,182,184,153,192,108,225,202,216,143,184,177
2810474O19Rik,38,22,33,29,25,14,37,22,39,25,37,23,35,22,26,30,26,34,59,26,8,32,29,15,30,34,30,40,9,30,21,13,25,12,20,14,11,31,13,14,33,8,10,17,9,18
2900005J15Rik,7,7,10,12,17,5,19,10,17,16,9,17,7,3,8,29,15,21,11,5,3,21,10,8,9,10,10,11,12,14,5,5,12,7,9,8,4,10,9,4,7,5,8,4,3,8
2900008C10Rik,6,8,8,16,6,6,18,6,25,11,9,22,6,9,18,5,15,8,8,7,6,17,11,8,12,9,15,13,18,14,5,7,5,3,17,6,8,15,15,7,7,4,12,3,11,14
2900026A02Rik,234,106,184,311,243,252,187,219,282,185,243,235,207,173,229,171,174,211,230,187,89,244,270,190,210,217,203,180,283,203,146,154,226,156,187,139,181,234,173,125,285,194,175,151,159,149
2900076A07Rik,5,17,13,16,14,3,16,16,19,9,13,16,11,12,15,15,13,23,14,11,5,18,10,8,5,7,10,6,16,9,11,4,8,6,7,3,7,12,9,3,10,7,7,6,6,2
2900097C17Rik,0,3,0,9,2,1,2,2,3,0,5,4,1,2,2,4,3,1,2,3,0,6,1,0,3,2,2,3,2,4,4,2,1,2,3,0,1,0,2,0,1,3,3,3,0,2
3000002C10Rik,7,7,2,17,13,4,13,18,9,9,13,36,5,4,18,7,10,17,6,9,0,4,9,8,12,4,13,10,8,7,8,5,9,8,13,3,12,7,8,5,16,6,6,5,11,8
3010026O09Rik,42,13,29,68,34,27,37,52,46,38,73,24,29,25,27,70,48,52,41,29,12,37,40,30,47,38,31,44,40,37,27,30,47,37,35,56,47,37,39,28,62,31,50,35,35,35
3110001I22Rik,1,4,1,8,0,3,1,1,0,2,2,8,1,2,5,1,1,7,2,1,2,3,3,2,2,2,4,3,8,5,2,4,4,2,3,1,3,5,7,1,2,1,0,1,1,1
3110002H16Rik,65,16,44,62,29,37,62,59,43,62,55,63,47,46,48,63,51,53,45,35,23,51,46,33,41,40,33,43,53,53,46,26,43,28,41,31,40,44,34,34,49,38,36,33,41,45
3110009E18Rik,13,5,4,7,5,5,7,5,15,4,5,10,3,8,14,4,9,8,5,5,4,11,17,5,12,9,3,13,17,6,8,7,7,6,2,11,8,3,9,5,11,2,13,9,6,5
3110021A11Rik,8,3,4,9,6,5,7,5,10,13,6,7,4,3,5,9,9,9,10,6,1,11,8,3,2,3,6,4,5,7,3,6,5,3,7,6,2,2,6,3,8,2,2,4,3,5
3110021N24Rik,6,6,3,6,3,11,6,5,6,4,6,6,5,4,8,5,14,6,8,2,5,17,8,4,5,9,6,5,4,2,7,1,3,3,2,4,3,4,3,0,5,1,4,6,2,2
3110040N11Rik,58,29,47,63,58,53,53,58,76,45,67,75,50,37,46,57,49,87,49,55,23,61,57,45,62,63,41,69,67,52,79,51,50,41,63,59,57,48,66,41,79,50,61,46,59,31
3110043O21Rik,5,1,1,8,7,10,7,4,9,2,7,7,3,7,8,11,8,9,5,3,4,6,5,2,6,10,4,8,5,6,2,4,5,0,4,4,4,4,4,3,6,3,6,5,0,3
3110045C21Rik,5,2,4,3,5,4,3,3,7,1,6,9,2,4,1,1,3,1,3,7,1,1,9,4,6,0,3,6,4,8,3,5,3,3,7,3,2,7,5,4,5,5,2,1,7,5
3110056K07Rik,8,1,8,12,5,8,8,9,5,6,6,5,8,1,4,7,3,5,3,3,4,6,8,8,5,4,2,7,9,7,1,5,6,6,6,6,7,7,7,4,3,3,7,2,4,3
3110057O12Rik,32,10,27,27,23,28,30,27,23,29,29,35,19,16,21,34,30,22,23,20,8,20,34,15,13,15,15,38,39,23,19,28,24,14,38,23,24,38,31,18,29,38,19,17,28,27
3110070M22Rik,3,0,2,7,1,1,6,3,1,4,0,4,7,3,16,13,10,4,5,5,0,12,2,5,2,0,1,2,5,3,3,2,1,0,4,4,0,2,5,0,4,0,0,4,3,0
3110082I17Rik,20,7,11,20,40,18,43,37,22,9,41,20,24,14,19,17,18,32,34,14,12,30,30,10,60,23,33,39,29,43,13,14,29,13,26,6,22,22,25,16,33,16,22,17,25,20
3830406C13Rik,14,8,19,36,12,16,14,15,21,12,25,22,15,9,16,18,10,26,18,12,7,27,23,12,22,18,10,20,24,28,16,13,22,6,24,12,21,20,14,18,22,18,19,15,14,10
4430402I18Rik,9,2,7,5,9,2,6,7,5,2,2,5,9,7,7,4,4,6,5,3,3,2,8,0,6,4,3,14,9,5,1,1,1,2,6,3,1,8,8,1,9,3,4,8,4,6
4632404H12Rik,3,0,3,9,4,1,4,1,5,8,8,7,3,2,0,12,7,9,3,2,3,8,5,4,4,4,3,4,3,8,3,2,2,4,5,4,2,2,3,1,4,1,4,2,3,3
4632415L05Rik,2,1,1,3,3,5,2,0,4,1,2,3,1,3,3,1,3,3,0,4,0,5,3,2,0,0,2,5,2,3,1,0,1,0,6,1,0,3,2,1,0,1,3,0,0,1
4632428N05Rik,9,9,7,10,8,8,12,14,15,7,11,5,11,8,10,16,16,13,11,10,7,13,10,5,9,9,7,9,11,14,25,9,9,11,3,13,5,11,7,3,7,4,9,7,4,6
4732471J01Rik,5,1,5,3,0,4,3,1,5,3,0,3,0,3,4,2,5,2,2,1,1,3,0,2,2,2,1,6,3,2,1,3,0,1,1,5,4,2,3,1,3,1,0,1,1,1
4831440E17Rik,6,1,2,12,1,7,9,3,7,4,9,5,6,11,7,11,10,4,8,4,2,15,6,3,4,5,7,6,6,3,1,3,5,4,6,5,2,4,4,3,9,8,5,4,2,9
4833411C07Rik,29,11,23,91,17,35,33,17,39,31,59,21,25,37,26,76,85,51,39,25,9,94,17,7,32,26,12,30,40,24,14,24,19,17,27,16,27,34,28,11,27,24,19,23,18,20
4833417C18Rik,1,1,0,0,1,2,2,2,3,0,2,4,1,2,0,2,1,2,1,3,1,1,2,1,1,3,2,2,0,1,3,1,1,3,0,2,0,6,1,0,1,1,1,3,0,2
4833418N02Rik,8,4,7,9,6,12,11,6,15,5,8,21,10,8,10,11,7,13,7,5,3,11,12,5,8,5,8,7,12,12,7,6,8,5,3,10,9,2,12,8,15,7,6,9,3,6
4833419F23Rik,1,0,5,3,2,7,4,0,3,2,1,3,0,0,2,1,2,8,0,2,0,5,1,1,1,2,2,1,1,2,3,1,3,1,4,1,0,1,2,0,0,2,1,0,0,2
4833420G17Rik,51,23,42,147,58,39,81,42,51,67,59,46,66,54,102,96,94,159,80,76,33,243,36,41,52,55,38,46,66,43,24,32,45,17,38,51,36,44,31,26,47,32,40,32,37,33
4833422C13Rik,4,3,11,13,5,6,5,2,8,3,2,4,6,3,4,11,8,12,3,2,1,12,10,0,1,9,7,2,13,5,2,1,6,0,4,5,8,6,5,4,9,3,3,4,1,3
4833439L19Rik,162,69,130,174,187,143,174,132,228,177,161,255,156,182,189,164,161,173,142,109,83,202,222,122,178,194,163,196,171,199,142,131,183,97,198,165,147,135,183,108,296,198,186,110,171,182
4921524J17Rik,45,20,40,50,40,37,59,42,49,36,54,73,60,35,52,47,59,45,49,24,23,68,65,23,76,38,49,38,47,61,37,34,41,20,43,52,36,36,39,33,59,40,39,41,52,40
4921531C22Rik,9,1,4,10,8,4,4,5,9,5,10,8,7,3,7,8,8,10,6,9,2,14,4,7,3,8,5,6,4,4,11,4,7,4,5,6,4,11,6,6,8,4,6,6,5,5
4930402H24Rik,191,102,151,241,157,141,267,211,146,192,272,222,172,142,209,253,240,287,248,199,69,203,228,149,161,153,174,229,206,208,280,162,249,159,203,235,134,164,218,153,243,195,210,192,148,140
4930404H11Rik,19,6,17,24,6,13,21,13,16,24,20,16,15,14,20,13,18,18,16,22,5,17,23,7,15,10,9,22,32,21,12,13,14,12,16,17,4,14,15,13,16,20,25,18,14,12
4930412C18Rik,4,2,8,2,7,5,6,9,7,3,11,3,3,2,6,6,12,8,4,7,2,2,7,4,4,9,8,2,10,15,4,3,9,5,4,5,5,10,3,3,8,6,11,2,5,8
4930427A07Rik,1,0,1,0,2,1,0,3,0,0,1,0,2,0,0,0,2,8,1,0,0,3,0,0,1,3,1,0,2,1,4,0,1,3,0,0,3,0,1,0,2,3,3,0,0,0
4930430F08Rik,10,5,7,10,10,12,6,11,19,15,21,13,11,13,18,10,17,19,11,9,5,11,24,8,14,13,15,26,14,17,9,12,11,11,8,10,15,16,8,10,8,18,13,6,9,10
4930452B06Rik,4,1,0,8,10,3,18,13,6,1,1,2,3,4,4,1,3,7,2,8,1,0,10,5,6,7,2,5,1,10,1,2,2,5,2,4,4,5,8,8,7,5,6,3,5,2
4930453N24Rik,66,32,58,87,88,65,75,77,112,73,72,107,91,73,76,70,63,117,57,78,32,117,104,64,85,75,62,75,109,96,82,52,88,48,77,59,84,76,52,38,106,67,60,63,62,75
4930455G09Rik,0,1,0,3,2,0,4,2,2,1,4,1,2,3,1,3,4,7,2,1,0,2,2,2,2,3,3,0,0,2,2,1,3,1,1,0,0,0,0,0,0,1,1,0,0,0
4930480G23Rik,3,0,5,0,5,2,1,2,6,3,0,2,3,5,1,3,1,0,3,2,1,0,1,1,0,1,2,0,2,4,2,2,1,2,1,1,1,3,1,1,1,1,2,1,0,2
4930480K23Rik,2,0,4,4,1,2,2,2,2,3,4,4,6,1,3,5,2,2,1,3,2,1,4,0,4,2,4,3,7,7,5,3,2,2,3,4,5,4,3,2,2,1,2,3,8,3
4930481A15Rik,21,14,20,18,11,21,13,11,29,20,22,25,20,20,24,33,23,21,18,14,2,32,24,13,22,21,15,30,21,20,10,14,13,12,27,12,12,25,23,6,25,6,14,5,25,23
4930486L24Rik,1,1,3,4,1,2,3,3,5,3,3,2,3,2,3,2,2,5,1,1,2,1,4,4,0,2,2,2,3,1,6,0,0,2,1,0,4,5,6,0,0,2,2,1,1,1
4930511A08Rik,3,0,7,4,4,2,6,5,6,3,5,2,2,5,5,4,4,1,7,4,2,0,5,2,8,5,5,6,4,10,4,1,4,2,5,3,8,6,4,4,7,1,5,3,2,3
4930523C07Rik,14,6,12,54,10,20,28,23,23,16,29,18,14,15,16,34,30,34,16,19,7,23,22,21,16,16,19,28,30,29,16,14,12,13,23,19,18,15,20,13,31,18,31,16,15,20
4930526I15Rik,56,32,62,91,28,55,63,59,66,55,91,83,51,38,70,53,94,67,40,61,15,100,66,32,59,63,49,62,83,64,59,35,39,40,49,41,50,41,44,37,52,43,52,57,54,43
4930539E08Rik,0,0,0,2,1,0,0,1,2,0,0,0,2,1,0,0,2,6,0,0,0,4,1,0,0,0,0,0,1,0,3,0,0,0,0,0,0,0,0,0,1,0,0,1,0,0
4930539J05Rik,1,1,0,1,3,1,1,0,1,3,3,3,2,2,4,1,2,4,3,2,1,6,1,0,6,4,3,2,4,3,2,1,0,1,1,0,3,2,3,2,1,2,1,0,1,1
4930556M19Rik,16,4,12,7,11,7,14,11,9,12,15,14,8,5,15,16,17,14,12,10,3,7,17,13,11,15,17,19,10,17,17,5,19,7,10,13,12,18,19,11,18,9,11,11,16,11
4930577N17Rik,3,2,4,5,1,3,4,1,2,3,1,4,4,3,2,3,6,2,0,0,1,6,3,1,4,3,1,1,1,2,0,3,5,1,1,1,6,2,2,2,1,5,1,1,1,6
4930579G24Rik,4,1,2,8,2,8,7,4,8,1,7,7,5,6,10,6,5,13,2,1,3,7,7,2,4,5,0,7,8,6,8,3,2,2,10,3,3,6,6,3,10,3,6,5,6,3
4930579K19Rik,5,1,5,1,2,0,1,1,3,3,2,7,2,1,3,0,3,6,0,4,3,6,3,1,1,2,1,7,3,0,3,0,4,0,1,2,3,1,1,1,3,1,1,0,1,4
4930581F22Rik,45,25,45,57,41,50,41,26,69,45,60,26,52,47,41,55,70,32,41,31,13,81,33,19,36,30,38,29,60,67,25,16,31,17,39,29,29,36,40,6,45,21,49,37,49,36
4930599N23Rik,0,1,0,0,0,2,1,0,1,3,3,2,1,0,2,3,1,2,0,1,2,0,4,1,6,0,0,4,2,1,0,2,1,2,1,0,3,1,3,0,2,3,1,0,2,0
4931406C07Rik,910,431,846,1278,1056,1110,1187,1290,992,922,1242,1062,1133,828,1173,1139,1378,1110,1048,1045,600,1184,1434,975,1129,976,984,1214,1375,1293,1144,1079,1334,851,1285,1358,1000,1123,1463,673,1763,1198,1232,1071,957,1042
4931406P16Rik,35,12,28,61,36,39,41,25,30,26,64,40,41,35,30,51,49,51,42,35,15,53,31,31,30,37,42,38,39,63,34,27,36,21,30,20,21,25,39,19,51,31,25,26,18,27
4931408D14Rik,45,7,20,69,13,19,29,22,26,37,49,25,33,18,33,78,72,135,17,32,6,90,19,8,16,28,16,24,49,25,35,30,28,29,34,18,22,28,23,19,45,26,22,17,17,12
4931414P19Rik,11,4,9,13,15,13,18,23,23,10,20,48,17,22,16,34,38,25,15,20,10,22,24,9,23,17,14,14,24,12,18,21,22,17,13,10,11,16,13,14,28,15,12,15,12,13
4931428F04Rik,10,5,8,10,5,6,9,10,13,7,12,14,7,4,5,7,10,11,4,11,4,8,5,6,7,7,13,9,7,8,12,8,11,5,3,6,7,10,6,1,8,6,5,3,4,10
4931440P22Rik,2,1,4,5,2,6,4,0,12,2,6,7,5,4,4,3,8,9,3,4,2,6,2,4,3,4,1,2,6,1,3,0,2,4,4,4,2,4,3,1,1,3,4,0,2,2
4932438A13Rik,20,7,14,19,16,7,16,11,26,24,12,27,11,16,23,17,13,28,23,15,4,26,20,4,15,12,21,20,23,12,13,7,11,4,19,20,11,18,11,6,13,9,8,10,7,6
4933404O12Rik,16,4,9,14,22,7,14,8,7,9,17,15,16,11,12,18,21,13,14,8,4,13,7,8,16,17,12,19,21,19,7,9,6,3,11,9,14,14,7,3,13,12,6,8,9,11
4933411K16Rik,1,0,7,1,3,2,4,1,2,1,4,1,1,0,2,1,4,0,2,0,0,1,2,0,3,3,4,2,3,0,1,0,1,0,1,3,0,2,0,1,4,2,1,2,0,0
4933412E12Rik,6,1,4,5,5,5,8,3,6,7,13,4,7,3,11,3,6,3,3,3,0,1,4,3,7,5,7,2,0,5,14,2,5,4,3,0,2,8,2,3,4,3,2,4,3,3
4933421O10Rik,0,0,1,2,3,1,5,3,4,1,3,7,3,4,4,4,2,2,2,2,0,4,4,4,2,2,2,2,4,2,2,1,4,2,3,1,2,3,6,2,4,5,1,2,1,3
4933427D14Rik,11,6,13,22,10,15,18,24,21,12,24,21,13,8,19,14,18,22,9,20,4,31,19,4,15,16,8,12,7,16,15,8,6,15,12,13,15,16,13,10,21,10,21,15,10,11
4933431E20Rik,7,2,3,15,7,7,8,9,9,5,9,21,9,3,5,10,12,9,3,5,3,13,9,6,12,15,7,11,3,5,4,1,8,5,7,4,5,9,4,3,11,9,8,5,2,7
4933434E20Rik,66,24,47,52,45,45,61,33,95,53,58,72,43,38,63,49,69,88,35,53,25,68,65,39,41,47,45,59,82,80,61,48,42,27,61,34,37,46,41,23,52,28,41,36,48,34
4933439C10Rik,13,9,7,20,6,7,13,6,8,3,20,9,25,4,16,16,16,9,4,9,8,8,7,4,6,16,12,14,16,11,5,6,15,11,8,13,15,7,11,7,16,7,12,19,14,5
5031425E22Rik,47,23,29,62,33,27,48,31,44,60,60,54,45,35,40,70,55,42,42,42,8,116,56,20,27,28,35,32,47,46,22,31,36,24,28,38,27,35,40,16,70,39,33,41,36,33
5031425F14Rik,0,1,1,2,1,2,1,7,0,2,4,6,1,1,3,1,4,2,3,2,1,9,4,1,1,1,1,0,1,2,2,2,1,4,2,5,2,1,2,0,3,2,2,5,0,0
5031434O11Rik,2,4,5,3,1,0,2,2,2,1,3,2,1,1,1,2,3,10,4,1,1,3,2,1,3,4,3,3,2,3,3,3,0,0,2,1,1,1,2,3,2,0,3,2,0,2
5033403H07Rik,57,22,63,82,33,71,51,34,92,85,87,87,84,82,108,91,87,36,71,81,16,52,84,57,75,75,46,52,73,81,18,37,68,31,72,57,44,41,73,39,108,68,62,51,63,58
5033406O09Rik,44,17,31,56,42,38,58,53,60,41,54,47,56,34,40,50,66,104,39,20,17,54,61,41,45,48,47,54,63,56,58,38,67,55,31,56,31,56,65,28,64,40,47,40,59,40
5330417C22Rik,6,4,3,8,3,7,3,6,7,3,8,12,8,6,2,3,6,16,4,0,1,15,2,1,0,9,2,0,2,4,4,1,6,8,1,1,3,3,2,2,4,0,2,4,1,0
5430402O13Rik,10,5,5,7,3,7,11,5,11,4,12,6,9,4,8,5,6,9,5,9,3,9,9,8,3,4,4,5,9,10,6,3,5,7,9,10,6,5,5,1,11,7,6,9,6,6
5430405H02Rik,9,3,6,13,6,4,12,6,8,7,16,13,5,7,8,6,7,15,3,3,4,6,16,2,6,9,4,18,10,8,4,7,4,3,9,9,10,7,7,4,14,3,3,6,7,10
5430416N02Rik,56,33,46,93,46,56,66,36,41,53,75,74,58,69,62,50,79,85,52,51,33,63,81,41,45,59,47,61,62,74,55,52,74,39,52,48,42,44,54,30,72,54,39,49,53,51
5730405O15Rik,2,4,6,1,4,7,7,2,5,2,6,6,6,4,5,1,4,4,1,4,2,4,2,8,2,3,2,3,7,0,7,5,5,4,3,4,2,2,7,2,3,3,2,0,2,4
5730408K05Rik,3,6,10,9,12,5,12,4,9,0,6,19,6,3,12,20,13,19,8,8,4,18,6,4,6,6,4,5,5,4,8,3,5,4,4,5,6,9,6,6,8,2,2,4,2,10
5730409E04Rik,23,25,22,36,27,21,37,32,32,24,34,51,29,27,48,37,32,55,29,35,10,53,38,18,32,34,30,46,35,31,40,23,35,28,35,26,44,34,21,29,49,32,36,19,33,35
5730420D15Rik,0,1,1,0,1,0,0,0,0,0,2,0,0,0,1,0,1,6,2,1,0,3,0,0,0,0,0,0,1,0,0,0,0,0,0,0,1,0,2,0,0,0,0,0,0,0
5730435O14Rik,6,2,3,7,5,4,10,4,5,2,3,5,3,5,4,1,3,1,5,1,2,4,8,4,5,2,5,6,2,3,3,3,4,4,1,3,1,5,5,5,12,10,3,2,10,4
5730455P16Rik,18,14,30,38,11,24,19,13,18,17,20,41,18,9,15,28,11,32,13,25,6,22,24,16,19,13,22,18,24,18,16,17,21,21,30,18,23,12,23,13,28,8,15,7,15,11
5730480H06Rik,2,1,0,1,2,0,4,4,5,3,4,2,3,4,6,7,1,3,3,1,1,10,5,2,3,3,1,2,1,4,0,1,5,2,2,2,3,4,1,1,0,1,3,0,1,0
5730508B09Rik,21,7,27,45,19,19,28,21,32,27,24,29,22,19,29,25,32,36,21,21,10,53,29,33,20,25,21,23,30,22,24,14,19,22,35,13,27,23,16,10,19,18,17,14,13,21
5830415F09Rik,4,6,4,12,4,6,11,8,5,3,12,11,9,4,4,7,3,9,6,4,3,19,6,5,2,6,2,8,8,5,9,1,7,4,6,6,1,7,5,4,9,4,2,8,5,4
5830454E08Rik,6,1,5,9,6,7,6,5,12,8,5,10,8,5,10,7,10,7,9,7,0,11,10,3,8,6,8,14,16,5,6,3,2,8,10,3,7,6,3,6,9,7,9,8,7,5
5830473C10Rik,175,64,161,268,128,143,226,192,120,160,289,296,125,118,202,270,307,147,198,209,76,224,242,149,169,195,222,215,356,243,72,166,208,105,153,189,199,198,229,96,157,177,201,179,206,202
6030458C11Rik,46,36,44,53,48,44,45,44,64,49,65,74,45,31,55,58,64,68,50,58,19,77,62,37,51,52,48,51,86,51,56,46,49,35,45,49,56,51,45,29,81,62,52,42,49,34
6230400D17Rik,3,3,5,5,1,3,4,1,2,4,4,0,3,0,6,4,1,7,1,3,0,1,2,0,2,0,2,4,3,2,4,3,1,1,0,4,1,5,1,3,7,3,3,5,0,3
6330407A03Rik,3,1,4,3,11,3,4,7,1,6,2,6,4,3,13,11,4,7,0,8,4,4,6,1,5,4,2,4,7,1,7,1,2,0,1,1,1,1,0,3,2,1,3,5,1,2
6330408A02Rik,12,4,2,13,15,5,6,10,10,10,9,12,5,6,4,13,12,11,8,7,5,11,3,4,5,8,9,12,9,10,4,5,12,5,6,6,6,10,4,3,9,6,7,3,7,3
6330415G19Rik,3,1,1,5,4,0,5,2,1,4,6,1,5,4,6,3,4,2,2,4,1,4,2,2,3,2,1,2,4,5,1,3,3,1,0,3,4,4,3,2,1,5,0,2,3,2
6330416G13Rik,19,9,23,27,54,21,31,46,36,9,42,52,19,20,28,28,22,83,28,27,12,66,41,22,38,25,32,13,31,29,62,14,16,15,14,23,25,25,17,18,35,29,32,20,25,18
6330418K02Rik,4,3,3,9,8,6,3,6,6,6,9,9,5,5,6,8,11,7,9,6,4,4,8,1,11,4,3,3,8,10,7,3,5,8,5,5,4,5,5,5,6,5,7,7,5,4
6430548M08Rik,5,7,11,12,11,12,13,8,26,9,12,55,17,11,14,17,11,29,20,10,2,17,18,10,14,9,20,13,17,11,17,10,14,17,13,13,9,15,10,4,15,12,12,6,3,10
6430550D23Rik,2,0,1,6,0,4,0,3,3,2,1,6,4,0,1,5,6,2,6,3,4,5,4,3,3,2,2,5,2,3,2,4,5,1,4,4,3,3,1,1,8,2,6,6,5,2
6430571L13Rik,2,0,1,7,3,2,5,1,5,2,7,3,2,1,1,2,3,6,2,1,2,4,2,5,10,0,3,6,5,1,3,1,5,0,2,3,1,5,2,0,2,4,4,1,11,3
6430573F11Rik,10,0,11,20,3,15,15,9,5,8,18,8,14,17,10,16,11,12,11,8,5,13,18,7,12,8,8,10,16,30,20,11,13,8,20,19,7,10,11,8,24,16,15,13,7,13
6430706D22Rik,217,138,214,294,169,211,269,253,249,220,264,301,208,212,281,220,240,233,276,193,90,217,338,196,241,271,170,266,286,223,214,172,229,178,269,223,174,276,215,137,359,215,239,165,176,188
6530402F18Rik,2,1,5,2,1,2,3,3,4,0,1,4,1,1,1,2,3,3,0,1,0,0,2,2,2,2,1,0,0,1,10,2,1,0,0,3,2,2,1,1,3,1,1,1,1,2
8430408G22Rik,280,67,154,215,673,642,142,498,1715,426,311,138,127,91,189,1795,1490,379,637,657,195,895,155,170,72,293,368,525,638,527,404,574,395,332,329,517,349,347,344,394,519,968,160,206,252,209
8430419L09Rik,113,76,144,167,119,109,120,130,245,115,198,179,180,163,144,152,155,145,122,98,38,121,140,80,141,144,116,126,139,126,108,86,130,69,132,105,89,110,124,78,162,125,112,87,105,88
8430429K09Rik,4,4,5,6,8,3,10,4,6,2,8,5,8,6,2,4,6,6,6,4,8,12,8,4,8,4,4,2,6,3,2,1,7,4,7,2,3,6,3,5,1,5,5,5,7,5
9030617O03Rik,60,33,74,109,97,73,105,97,150,77,110,121,92,73,105,87,103,128,73,110,39,119,140,107,88,130,94,101,160,111,130,93,108,105,112,115,103,114,115,80,176,123,134,91,99,112
9030619P08Rik,21,12,27,26,94,20,51,87,333,41,36,44,46,41,74,26,41,19,34,38,26,7,90,92,58,64,137,88,44,127,203,78,59,81,57,81,26,105,46,57,81,86,87,80,71,57
9030624J02Rik,51,15,52,86,37,52,63,57,73,76,65,82,71,52,67,92,66,92,52,48,28,107,66,39,46,68,55,52,93,85,62,44,52,61,48,54,48,59,67,25,99,42,64,37,41,59
9130011E15Rik,5,5,3,8,8,6,7,8,4,10,4,9,10,2,11,5,6,7,4,7,0,4,4,3,6,4,6,2,7,5,3,3,2,6,3,6,4,4,8,3,7,4,4,5,2,8
9130023H24Rik,1,0,3,0,4,3,3,6,8,7,4,11,6,3,9,3,1,3,7,6,0,2,10,5,3,5,0,2,3,2,1,3,3,4,5,3,5,2,4,2,5,0,4,3,2,7
9130221H12Rik,32,21,23,61,32,51,33,31,43,25,42,42,45,22,32,33,35,47,30,20,15,54,30,23,35,46,25,22,46,55,22,19,36,28,23,30,35,36,39,17,59,22,26,18,30,28
9130401M01Rik,95,66,118,186,125,161,191,145,205,107,176,214,173,113,169,139,239,330,146,141,60,309,186,88,164,100,124,141,160,138,180,112,117,129,144,146,117,175,155,102,215,147,162,109,107,115
9130409I23Rik,23,9,11,28,6,7,37,17,3,18,32,7,17,18,23,22,35,15,26,15,11,51,48,27,11,14,6,20,33,16,25,26,34,13,28,33,36,28,21,27,22,31,38,9,18,35
9230114K14Rik,5,5,8,7,4,7,2,3,7,2,9,12,4,6,6,7,8,11,5,4,0,3,13,6,9,4,8,4,4,3,3,3,7,3,1,1,2,3,4,0,4,1,1,3,2,1
9330102E08Rik,2,0,0,3,0,0,3,1,2,1,2,8,3,1,1,4,2,5,1,0,0,4,5,0,5,1,0,3,2,3,2,3,2,0,0,0,2,0,2,3,1,1,1,2,2,1
9330133O14Rik,1,6,3,8,2,0,1,4,6,7,3,11,2,2,3,8,6,6,2,3,1,8,1,0,1,6,6,2,3,1,2,0,3,2,1,1,1,4,3,4,3,0,4,1,1,0
9330151L19Rik,21,10,30,36,17,25,28,26,30,27,37,23,15,24,36,32,26,28,23,17,6,25,36,20,28,22,27,25,36,29,14,15,19,14,23,20,22,25,20,21,32,22,23,14,16,15
9330162012Rik,13,9,14,22,16,13,26,13,25,27,17,41,19,19,22,30,23,24,23,22,9,28,21,14,24,10,15,24,24,21,15,15,20,19,15,18,13,13,23,7,26,20,17,8,18,24
9430015G10Rik,19,9,11,27,17,20,20,16,19,6,21,22,16,18,23,28,23,29,19,11,5,27,14,6,20,24,14,18,20,20,16,12,15,11,16,17,25,17,23,11,26,10,21,13,12,12
9430016H08Rik,47,24,48,108,54,69,71,54,66,70,78,93,93,68,70,95,117,89,62,57,26,86,89,49,68,75,65,97,82,96,63,63,77,32,81,62,77,80,71,54,71,97,62,48,76,80
9430020K01Rik,12,4,5,3,10,4,7,12,12,7,9,18,8,6,5,8,11,13,11,10,2,16,5,5,7,10,6,7,14,4,3,4,10,4,5,8,6,7,2,6,8,3,11,5,3,4
9430038I01Rik,61,35,33,96,40,69,80,35,71,58,70,73,78,56,88,103,96,90,58,49,18,77,73,50,58,46,37,62,111,73,54,53,55,54,73,67,61,69,57,35,97,45,71,44,48,66
9430060I03Rik,5,1,1,2,1,2,1,5,1,4,5,3,4,2,3,4,3,4,4,2,2,4,4,6,0,2,5,6,2,0,7,0,1,1,2,1,2,1,0,3,4,2,2,3,2,1
9430083A17Rik,5,2,7,6,3,11,9,5,9,7,11,14,6,4,13,16,15,3,4,6,0,19,3,1,4,10,5,6,11,7,2,3,7,5,5,11,6,2,6,1,10,12,5,6,4,3
9430091E24Rik,0,2,1,4,6,4,2,7,1,2,5,1,0,3,3,3,4,2,5,1,1,7,2,0,3,2,4,3,5,2,4,0,7,2,3,2,0,1,1,1,4,2,3,3,0,2
9530062K07Rik,3,0,2,6,3,1,1,2,0,1,2,0,3,1,3,2,0,1,4,1,0,2,0,0,2,1,1,0,2,1,2,1,2,1,0,0,1,1,1,0,2,0,1,1,0,0
9530068E07Rik,508,259,448,809,505,543,615,497,614,510,759,590,577,516,632,744,705,592,613,521,208,684,568,355,605,581,527,566,657,735,480,386,645,419,540,469,473,525,616,352,817,607,498,448,513,545
9530077C05Rik,2,0,0,1,4,0,0,2,6,0,2,0,2,1,0,0,1,1,1,1,0,2,3,0,0,1,0,1,1,1,0,1,1,3,0,0,0,3,0,1,1,1,1,0,1,1
9530082P21Rik,6,7,8,13,8,7,12,17,9,8,12,14,7,10,10,9,14,15,10,11,7,12,13,5,12,7,9,9,10,11,27,8,6,12,16,9,7,11,3,4,11,5,10,12,4,7
9530091C08Rik,4,4,6,1,6,14,13,3,8,9,10,6,11,5,3,10,10,3,3,12,2,2,6,7,17,10,4,6,6,5,1,5,6,1,6,5,7,3,7,5,9,4,3,5,2,7
9830147E19Rik,16,5,11,18,10,5,20,12,18,14,19,12,12,11,8,11,11,8,7,11,5,10,13,9,11,8,11,12,13,15,8,3,10,12,21,9,12,15,12,11,17,12,8,9,10,5
9930012K11Rik,3,0,0,1,1,0,1,1,0,3,2,1,4,1,3,0,2,2,1,1,1,3,2,2,0,1,3,3,6,0,2,2,3,1,2,0,1,5,1,2,6,0,2,3,1,4
9930021J03Rik,7,2,11,9,12,10,12,12,14,11,11,10,4,6,10,10,15,15,17,5,9,16,11,6,8,14,1,13,15,14,5,10,7,3,9,12,13,15,13,5,18,9,1,7,9,3
9930104L06Rik,22,15,26,32,15,13,13,21,14,28,22,27,24,19,17,18,20,28,16,25,6,29,20,11,21,19,17,24,20,12,28,13,25,12,15,14,13,14,11,13,18,18,22,19,8,22
A130010J15Rik,4,3,4,14,0,5,8,7,8,14,9,5,3,5,4,12,12,9,3,4,1,5,6,4,5,5,14,7,10,9,1,5,4,2,3,11,3,6,2,5,5,2,5,3,7,5
A1bg,0,1,2,3,2,1,0,0,0,1,1,1,0,0,2,2,0,0,0,3,0,2,0,1,1,0,0,0,9,0,1,1,1,5,1,3,5,1,0,0,0,0,2,1,1,0
A1cf,43,25,36,45,25,46,47,28,46,47,32,47,42,47,40,58,52,40,48,34,26,54,49,31,26,38,35,46,50,37,23,21,37,15,45,39,36,34,53,23,37,38,46,27,35,27
A230046K03Rik,48,35,38,63,53,44,55,55,61,51,71,85,57,37,53,60,67,68,46,48,20,69,67,43,40,50,52,51,69,69,49,29,56,47,46,34,39,38,43,32,72,44,44,28,26,49
A230050P20Rik,374,192,358,531,428,306,448,466,443,392,631,586,428,375,443,539,544,509,329,381,185,404,559,372,395,504,349,413,426,423,444,318,535,348,380,474,358,448,399,327,468,397,428,426,358,361
A230072C01Rik,8,8,12,9,8,27,10,11,16,9,17,11,9,14,14,14,14,4,16,5,1,7,11,10,10,16,15,15,14,13,6,5,11,8,11,24,8,11,18,8,17,12,6,8,13,9
A330009N23Rik,3,1,2,1,2,0,6,6,2,2,4,1,5,5,2,1,4,2,1,7,0,0,3,2,6,0,1,1,2,4,1,2,2,1,1,1,1,4,6,2,1,3,1,2,0,7
A330023F24Rik,10,4,7,3,5,7,5,1,15,2,8,5,8,5,8,7,2,2,5,3,2,7,4,7,4,10,2,9,3,4,2,4,7,2,8,5,4,7,2,2,6,5,4,5,3,4
A330040F15Rik,13,7,13,24,11,20,22,8,9,10,33,10,9,9,13,23,19,24,27,15,6,25,12,10,11,10,10,18,21,13,9,10,17,2,10,11,10,3,12,4,18,9,8,8,6,14
A330069E16Rik,3,0,6,3,4,4,3,2,4,2,7,3,5,8,2,10,4,5,4,0,0,5,6,4,3,4,4,2,5,7,5,1,10,5,10,8,4,4,4,2,8,6,2,2,3,2
A430005L14Rik,242,139,236,305,214,264,278,243,374,211,318,355,301,271,304,343,348,311,269,224,79,389,346,208,295,265,222,254,326,327,204,193,276,179,284,232,205,302,275,179,388,228,263,216,237,241
A430033K04Rik,12,6,9,19,8,7,14,10,13,8,8,15,7,6,3,11,6,11,7,7,4,12,11,7,7,4,14,7,9,10,3,2,6,6,8,9,4,3,8,3,11,14,10,3,11,10
A430035B10Rik,10,0,2,7,3,1,4,7,10,7,6,7,3,6,7,7,6,4,10,5,1,8,7,4,4,3,5,9,8,7,4,5,9,5,5,3,7,8,10,4,6,6,5,2,5,7
A430046D13Rik,4,4,2,2,1,6,3,4,3,3,3,5,6,2,2,6,1,4,2,5,2,2,4,0,1,1,2,0,7,2,4,1,1,0,4,2,2,1,0,0,3,1,3,2,3,1
A430105I19Rik,9,3,10,9,12,6,4,6,7,7,8,9,9,4,6,11,15,16,11,11,4,7,9,9,7,10,6,12,8,5,9,6,8,9,5,4,4,7,7,6,14,7,12,6,0,3
A530032D15Rik,1,0,1,0,1,0,2,1,0,0,0,1,2,0,0,0,2,0,0,0,0,1,3,0,0,0,1,0,0,0,8,1,0,0,0,1,0,0,0,0,0,0,1,0,1,0
A630001G21Rik,5,2,7,11,11,6,11,11,7,4,11,15,2,6,7,7,7,16,6,4,2,12,8,5,13,8,12,0,8,10,22,3,5,12,6,6,3,10,7,3,6,6,8,7,2,8
A630066F11Rik,6,2,5,4,2,9,1,5,9,4,2,1,5,6,2,7,14,9,5,6,2,16,6,3,5,6,4,8,4,4,5,1,1,5,4,2,4,4,6,2,11,0,2,5,4,6
A730008H23Rik,4,4,2,1,6,1,2,3,4,1,5,11,6,3,1,1,5,4,1,4,2,1,2,1,4,2,1,2,3,2,2,1,1,2,3,2,3,1,7,2,1,1,2,3,0,2
A730017L22Rik,14,5,16,19,19,21,11,15,27,37,28,36,14,19,16,28,34,19,26,13,6,29,29,25,18,19,15,18,33,18,17,20,11,13,31,15,25,21,19,13,34,14,14,13,15,11
A730036I17Rik,0,0,0,1,2,1,0,1,0,1,6,0,0,3,0,1,0,0,1,2,0,9,0,0,1,1,0,2,0,0,1,2,2,0,0,0,0,0,1,1,1,0,1,0,1,1
A830052D11Rik,12,1,6,13,9,5,6,8,12,5,11,6,6,2,7,6,11,6,10,9,1,8,13,9,7,8,7,11,9,10,11,3,4,7,11,13,6,12,13,8,7,4,13,6,10,8
A830080D01Rik,3,1,1,4,2,0,2,1,0,4,1,3,2,1,1,4,3,6,1,1,1,5,1,0,0,1,1,3,3,4,4,2,2,1,0,1,3,0,1,0,1,1,2,1,0,0
A930001C03Rik,19,10,26,24,18,13,17,14,16,10,17,15,20,16,17,22,17,70,8,20,4,63,16,8,14,17,12,13,12,21,39,11,16,19,9,20,23,15,13,11,27,11,11,10,18,14
A930002C04Rik,0,1,1,0,0,0,1,0,0,1,1,0,0,1,1,1,1,6,0,0,0,1,0,0,1,0,0,0,0,0,0,0,0,1,0,0,1,1,1,0,0,0,0,0,1,0
A930004D18Rik,5,1,1,4,3,3,2,3,2,3,0,4,1,1,0,3,4,2,5,4,1,4,2,2,4,3,3,3,1,2,2,0,2,2,2,0,2,1,0,2,6,1,3,0,1,1
A930005H10Rik,78,28,80,86,75,78,59,58,126,99,108,132,91,99,129,120,85,114,75,75,49,142,103,62,108,92,81,71,98,95,87,63,82,59,106,89,64,79,86,55,123,68,89,50,70,72
A930013F10Rik,24,16,21,18,18,16,10,15,9,12,23,31,20,13,12,15,18,19,10,10,9,25,15,5,13,15,19,20,12,18,14,8,18,8,13,16,8,12,12,3,23,7,17,10,7,12
A930018P22Rik,2,0,2,5,0,0,3,2,0,2,4,2,5,0,2,1,8,5,0,1,0,3,3,0,1,1,1,5,4,3,2,0,0,1,1,3,0,2,6,3,3,2,2,1,3,4
A930024E05Rik,2,1,3,8,0,1,0,3,1,1,2,7,5,0,0,1,3,2,2,3,1,4,4,2,2,4,2,3,3,1,2,1,1,2,2,1,1,2,2,0,4,4,2,1,2,3
AA415398,29,13,19,43,25,19,26,17,34,23,38,40,15,17,41,37,36,31,19,14,16,38,33,16,30,24,25,25,43,29,16,19,29,16,15,16,20,23,26,15,37,15,23,16,30,21
AA465934,0,0,0,0,0,0,0,0,1,1,0,1,4,0,12,2,0,0,0,0,0,0,18,12,9,13,0,15,8,3,0,0,0,0,0,0,0,0,9,1,0,0,0,1,0,0
AA986860,6,2,5,5,2,0,5,4,9,2,5,5,8,7,5,2,4,21,3,4,2,3,4,1,3,2,3,4,6,3,1,4,2,2,1,0,1,6,2,2,12,1,0,3,0,3
AB124611,8,11,24,31,28,19,20,32,20,11,32,30,26,9,33,15,29,31,13,17,7,44,17,8,34,10,31,7,22,27,63,10,12,17,7,13,21,11,11,6,12,16,22,17,8,7
AF251705,33,29,48,94,52,52,82,88,51,29,91,75,48,32,69,53,62,86,47,19,24,95,57,29,74,43,61,29,38,73,116,16,48,51,16,40,44,41,22,29,48,53,37,41,32,21
AI118078,1,2,0,1,0,2,1,1,2,2,0,4,2,1,2,12,2,3,4,3,0,4,5,2,4,8,3,3,9,3,1,0,0,2,2,0,2,4,5,2,3,5,1,0,2,4
AI182371,1179,608,1136,1635,1314,1414,1388,1306,2161,1270,1616,1981,1639,1046,1607,1719,1446,736,1420,1546,572,1107,1764,992,1831,1638,1679,1454,1903,1951,837,1042,1487,1017,1670,1579,1368,1360,1675,1060,2297,1765,1355,1296,1557,1382
AI314180,138,75,135,208,135,147,199,130,201,113,194,167,154,130,160,174,214,194,125,137,55,254,198,84,132,146,125,157,170,171,138,130,135,98,127,125,126,131,103,81,172,117,122,118,89,116
AI317395,97,53,83,152,64,92,108,110,143,130,104,111,154,128,167,125,112,77,93,91,50,132,149,86,106,120,104,128,177,180,79,86,142,47,140,132,102,112,112,76,147,152,150,90,128,148
AI413582,29,13,29,51,29,30,32,43,41,35,56,54,34,28,31,27,46,60,30,37,11,77,28,21,53,42,32,38,54,32,77,20,34,21,24,23,25,31,37,18,43,32,33,15,30,30
AI429214,1,1,0,3,3,4,4,2,3,2,2,3,3,0,5,2,6,1,1,0,3,0,2,2,2,2,4,3,2,4,0,0,2,1,2,0,4,2,0,0,0,4,2,1,0,4
AI463170,4,0,5,3,5,9,8,9,20,4,8,9,20,13,12,6,3,12,7,11,2,20,10,6,15,7,6,9,8,8,7,5,12,6,9,7,5,11,15,8,19,6,15,10,19,3
AI464131,96,49,127,144,117,143,149,120,190,120,154,209,136,132,143,165,149,97,120,138,53,152,179,91,124,99,126,142,191,179,118,101,144,87,125,120,98,142,151,80,209,135,126,108,115,114
AI467606,4,1,1,2,2,5,9,4,1,7,5,2,7,4,4,1,7,9,3,1,3,5,8,4,3,3,5,2,1,3,15,3,2,3,1,5,2,3,5,3,2,4,1,2,0,3
AI597479,16,12,16,35,15,19,24,24,41,20,25,33,16,18,24,24,24,14,13,18,14,26,22,26,25,13,19,19,22,34,12,14,6,14,10,30,22,16,22,15,28,18,24,10,10,20
AI607873,7,8,8,10,12,7,6,11,12,4,19,12,11,1,9,8,8,19,7,2,5,20,8,3,12,6,9,10,5,10,8,7,6,2,1,7,5,11,2,4,5,4,4,3,5,5
AI661453,112,78,113,117,107,93,121,120,102,90,93,138,97,69,99,103,105,86,117,96,35,101,127,89,150,134,86,87,109,83,84,83,112,65,134,94,88,106,88,76,149,102,97,91,68,111
AI837181,94,47,72,115,62,88,129,93,167,103,113,127,113,88,112,119,98,130,88,89,27,136,108,71,84,91,90,110,133,116,82,59,77,75,94,40,65,104,70,51,138,97,83,61,79,81
AI846148,2,1,1,1,2,0,5,2,4,4,4,8,2,2,4,5,7,4,2,3,1,3,2,0,1,1,3,2,2,1,1,2,1,2,2,1,5,3,4,1,3,5,2,2,1,3
AI987944,32,20,30,46,30,35,41,35,65,41,59,37,29,44,34,41,33,39,39,30,10,41,52,20,30,39,28,28,42,29,42,29,33,20,35,37,38,34,28,25,55,28,38,33,37,37
AK010878,19,10,19,28,15,28,34,18,27,14,43,22,21,14,25,24,20,26,28,15,13,27,31,11,19,22,24,23,28,22,16,15,17,15,25,23,24,15,22,12,32,17,21,16,12,17
AU019823,10,3,4,16,9,10,13,11,19,10,13,22,10,10,16,11,9,15,10,11,7,23,19,9,10,4,8,26,21,19,17,8,14,7,9,7,10,11,18,7,12,6,10,9,4,14
AU021092,7,9,6,4,5,5,12,6,8,6,1,12,13,9,11,11,9,11,4,10,4,5,21,3,6,8,8,17,19,16,19,5,15,8,14,8,10,4,8,11,13,8,15,7,9,11
AU022252,19,7,10,19,22,26,31,27,38,20,23,36,36,23,29,34,21,46,27,18,8,27,37,16,35,26,24,30,33,36,39,14,26,16,32,27,26,30,27,29,42,33,32,14,33,26
AU040320,147,76,108,162,121,133,148,164,171,128,176,177,128,113,146,187,184,229,124,113,58,126,152,87,149,137,125,142,171,174,142,123,113,107,157,146,109,107,137,89,180,122,126,103,119,127
AU041133,2,2,2,1,3,1,0,3,3,1,2,2,0,2,3,1,1,1,1,1,1,3,3,1,1,6,1,0,0,1,2,2,3,0,0,1,2,2,3,0,1,1,2,1,3,2
AV051173,0,2,2,4,2,1,2,2,5,2,0,6,2,0,5,3,2,0,5,4,2,3,2,0,1,3,5,2,4,4,3,0,4,2,2,0,1,5,4,1,2,1,2,1,5,2
AW011738,3,3,4,0,2,3,2,7,10,6,1,6,2,3,7,6,0,3,4,4,1,5,3,3,2,3,5,10,5,1,5,4,3,2,1,3,1,3,5,0,5,1,1,0,2,0
AW112010,9,9,21,20,20,16,14,8,14,16,11,15,19,6,15,22,26,9,11,14,15,8,15,18,15,14,15,4,16,8,46,5,16,16,7,10,10,13,12,5,15,9,10,11,7,7
AW146154,6,8,11,8,16,7,11,8,12,9,16,19,8,11,10,5,8,11,9,8,7,11,12,7,5,6,5,5,13,4,7,11,4,2,5,6,6,14,7,2,16,7,6,3,7,3
AW209491,45,34,40,80,51,53,61,59,68,46,63,116,77,53,72,55,56,91,47,63,20,77,86,51,54,55,51,78,67,61,46,42,48,46,41,50,44,32,56,29,64,63,60,41,59,51
AW549542,28,15,25,20,12,22,27,17,8,20,39,22,18,15,22,57,35,4,32,26,4,6,8,18,14,16,31,17,9,24,1,6,19,16,22,8,5,17,33,8,17,17,18,11,14,8
AW549877,3,3,9,9,8,5,5,8,6,5,7,8,3,3,9,6,6,0,5,4,1,12,8,5,3,4,4,4,8,10,4,6,6,3,9,3,5,3,5,8,5,3,6,3,4,1
AW554918,5,3,6,8,9,9,7,9,6,4,9,11,3,4,8,5,13,12,3,4,1,6,4,4,7,5,4,8,7,10,4,2,2,2,5,6,1,4,8,5,9,7,10,2,1,9
Aaas,19,12,36,33,19,20,31,29,23,23,29,32,21,21,34,27,24,75,20,25,8,47,25,14,28,26,34,35,27,32,30,12,19,35,22,33,23,27,33,11,27,32,35,18,21,14
Aacs,399,203,345,205,325,147,728,531,436,289,308,597,199,144,182,196,184,52,379,778,223,39,729,735,279,297,438,657,536,519,208,575,514,379,222,635,454,469,602,510,397,772,614,498,691,542
Aadac,15,13,21,36,9,30,24,24,18,19,9,24,21,16,22,25,18,11,34,18,8,8,26,15,41,15,11,20,28,18,6,26,21,38,20,23,23,13,34,18,42,29,21,12,25,19
Aadat,67,39,74,113,74,96,98,65,97,96,111,122,99,88,128,102,86,97,111,91,30,136,130,110,118,118,65,91,183,144,57,82,123,43,104,82,89,99,95,59,176,117,129,64,79,98
Aaed1,30,24,27,47,29,29,28,20,45,20,41,37,29,36,27,40,44,37,35,24,17,39,38,14,36,25,23,29,25,28,19,19,24,11,23,35,17,31,28,21,38,30,21,21,21,14
Aagab,99,43,99,167,94,118,152,142,101,70,141,135,120,115,140,111,116,110,87,79,47,128,141,90,137,84,95,117,173,132,116,104,122,94,97,135,100,105,107,79,168,99,146,116,88,104
Aak1,52,21,44,58,56,42,43,48,62,47,67,69,67,59,56,55,66,77,49,43,29,80,49,35,49,44,63,44,39,52,38,38,57,27,29,42,37,46,39,14,71,48,38,35,44,44
Aamdc,167,87,200,230,145,175,222,159,290,206,257,234,205,226,219,228,255,144,189,207,66,187,264,163,209,196,164,227,264,244,150,131,219,128,206,240,174,202,235,170,308,266,235,152,221,208
Aamp,893,368,767,1160,559,740,854,832,1013,788,929,971,803,733,890,1115,999,1152,859,710,258,1202,929,507,816,768,719,841,1042,890,833,653,726,642,863,787,674,768,892,511,1112,772,752,592,694,709
Aar2,45,16,39,58,53,52,45,36,66,42,70,64,61,62,48,68,73,60,51,50,22,63,49,32,55,57,46,51,74,62,60,28,51,33,67,49,46,50,59,24,68,43,55,52,53,38
Aard,7,1,3,11,6,3,5,4,2,5,4,3,2,2,2,5,9,3,4,3,2,9,4,3,2,4,4,2,5,7,4,3,6,2,4,3,4,6,4,2,6,2,9,3,5,2
Aars,544,233,524,761,339,485,533,560,672,578,597,865,560,478,675,741,613,384,486,639,152,363,583,361,595,467,515,598,509,600,571,474,483,489,577,475,340,514,624,337,757,561,549,361,355,434
Aars2,68,37,69,105,69,82,91,71,91,98,108,127,94,91,113,96,106,123,92,65,31,79,96,84,85,107,83,84,119,97,66,63,106,82,104,81,78,80,90,51,130,87,92,77,99,92
Aarsd1,195,117,192,279,133,187,260,263,192,233,251,290,227,184,217,231,203,268,189,195,58,248,271,168,227,210,195,269,275,217,178,145,203,177,267,243,179,201,259,181,353,229,270,204,206,215
Aasdh,26,9,26,27,30,16,38,32,28,29,25,28,27,17,26,35,24,33,23,31,11,25,24,18,28,27,11,33,32,21,15,16,34,15,11,24,18,16,28,17,39,33,26,31,23,20
Aasdhppt,10,4,4,7,5,14,12,9,14,12,10,10,6,10,12,8,13,12,7,5,4,11,20,6,6,10,16,19,9,11,14,5,10,4,11,12,10,6,10,7,12,8,11,8,9,9
Aass,393,201,431,617,384,542,443,314,759,469,508,534,753,596,597,514,377,426,421,375,180,720,627,402,604,557,352,517,984,627,279,307,451,264,493,501,523,438,540,278,734,562,507,398,454,470
Aatf,24,14,38,54,21,26,35,27,29,20,40,54,26,31,26,50,33,51,31,17,9,59,40,27,12,26,31,30,36,43,40,20,23,24,29,23,24,28,21,9,26,14,23,16,29,22
Aatk,40,14,24,18,9,52,29,21,12,23,73,27,41,50,42,58,38,5,80,48,20,15,103,29,61,33,16,72,17,44,47,83,88,38,85,47,19,98,131,49,122,75,90,38,41,37
Abat,370,195,449,622,457,655,543,508,757,627,624,509,659,600,705,663,605,449,613,550,314,810,749,560,799,635,632,672,1200,905,558,480,760,431,714,683,690,627,807,478,1218,842,787,541,830,723
Abca1,34,22,47,38,75,44,81,43,89,38,60,96,37,34,64,41,34,56,60,54,21,48,58,34,48,48,44,44,54,54,21,22,51,7,27,22,32,36,34,19,28,29,31,22,17,20
Abca2,78,41,88,88,111,73,114,123,121,69,110,169,95,59,68,53,53,97,90,95,33,76,117,103,107,136,114,107,115,113,76,55,103,86,93,70,96,127,123,52,176,154,99,102,84,74
Abca3,150,65,133,175,235,89,163,168,286,140,157,196,166,189,163,166,140,153,110,140,71,150,217,156,143,151,157,167,214,180,163,146,165,140,174,232,165,154,191,103,239,162,184,178,183,146
Abca5,16,10,5,15,15,17,10,17,23,10,21,12,17,10,10,23,15,64,13,14,9,63,12,4,8,11,8,13,18,15,10,9,21,6,13,6,6,14,7,12,13,9,13,8,14,8
Abca6,134,85,132,211,163,168,168,146,385,158,203,247,202,240,201,210,205,223,150,164,52,414,228,120,169,219,149,197,233,189,134,123,154,99,202,143,154,168,144,74,257,207,129,98,143,175
Abca7,33,19,35,53,34,29,37,31,33,31,39,54,32,27,43,45,35,53,33,28,14,51,38,26,39,26,30,32,27,33,55,25,24,22,27,23,30,29,26,18,51,23,26,25,17,22
Abca8a,427,214,255,578,191,291,363,301,269,503,379,244,351,372,508,860,783,161,461,315,148,306,390,204,440,448,388,493,641,507,101,204,387,144,279,299,315,315,387,193,436,358,352,253,415,393
Abca8b,49,21,22,95,44,27,34,23,48,31,40,44,23,24,31,81,87,55,60,31,16,107,40,14,33,47,33,36,44,51,29,24,34,25,21,24,38,27,22,25,52,33,40,20,23,29
Abca9,2,2,1,3,3,2,3,2,3,4,0,13,2,1,0,5,4,1,2,1,0,2,3,1,6,2,1,1,5,3,5,3,0,0,2,1,0,5,1,1,6,1,2,0,0,0
Abcb10,135,69,140,152,146,160,158,122,117,154,161,151,145,121,121,156,137,75,146,136,64,90,177,79,143,155,120,134,136,161,69,107,158,98,170,134,120,148,151,86,227,138,153,92,129,112
Abcb11,1375,641,1112,1663,1321,1088,1744,1352,1773,962,1031,1285,1194,1459,1213,1428,1270,964,1199,1103,435,1166,1891,1304,1316,1398,1100,1353,1762,1621,676,967,1113,1043,1389,1492,1352,1468,1240,968,2040,1566,1431,1181,1066,1408
Abcb1a,35,18,26,72,25,12,29,35,31,17,21,29,40,44,22,22,24,137,23,22,16,153,38,31,32,35,11,31,61,27,37,20,26,30,19,36,35,21,24,15,33,23,32,30,18,35
Abcb1b,4,0,3,7,2,8,7,15,4,4,6,4,6,2,4,3,5,19,2,3,2,9,8,4,20,3,2,7,6,8,5,3,2,4,13,3,8,9,13,11,17,9,6,1,0,4
Abcb4,539,288,428,961,258,509,544,483,330,485,765,494,544,470,530,940,967,1182,532,438,141,1277,590,345,429,459,325,528,437,447,531,469,473,553,493,495,310,440,596,311,778,545,455,337,346,425
Abcb6,384,167,279,480,190,371,370,335,346,380,483,389,351,389,461,588,526,384,446,396,144,421,394,265,325,290,309,423,487,403,330,324,316,226,319,385,241,373,407,233,510,386,351,229,355,333
Abcb7,12,2,1,9,5,6,7,6,5,6,11,10,3,8,7,7,10,3,5,10,0,8,8,2,6,2,3,5,7,3,4,5,7,1,8,1,3,7,3,2,1,2,1,0,5,2
Abcb8,130,47,123,207,113,113,166,171,186,107,173,157,161,88,133,134,138,198,133,136,62,211,214,111,139,128,113,154,180,194,146,116,142,121,145,171,159,142,158,105,225,131,146,133,143,120
Abcb9,5,4,10,14,9,14,15,12,10,8,13,12,3,16,12,12,12,13,9,8,4,15,16,10,11,9,10,12,13,9,22,13,6,17,11,15,5,16,11,4,18,8,9,16,13,12
Abcc1,2,2,3,7,12,5,6,8,5,6,6,4,6,9,5,4,6,16,4,4,3,17,12,3,2,1,4,4,4,2,20,8,3,8,8,2,2,4,0,3,5,6,4,2,5,6
Abcc10,25,26,38,65,21,19,45,43,48,41,64,65,25,34,32,50,43,32,35,25,8,66,40,25,26,28,25,33,37,41,29,34,27,26,29,32,12,26,32,18,41,27,22,25,24,20
Abcc12,2,0,0,4,2,0,1,2,0,4,2,1,0,0,0,4,13,16,1,1,2,13,2,1,1,0,1,2,0,0,17,0,0,1,1,1,0,0,0,0,0,2,0,0,0,0
Abcc2,601,276,446,819,475,593,573,596,575,562,593,516,542,548,611,708,865,1582,529,508,330,1387,682,392,460,556,453,594,731,566,923,380,511,415,491,483,443,470,559,260,714,521,452,387,427,387
Abcc3,330,170,250,439,178,241,334,263,265,343,450,295,283,254,383,506,539,452,350,258,126,575,271,173,197,234,210,383,343,343,355,230,287,221,263,228,160,273,209,152,331,266,268,163,265,244
Abcc4,6,5,8,17,8,7,6,14,6,8,15,7,9,13,14,31,33,243,16,15,7,91,14,5,6,14,11,15,25,15,58,10,14,15,15,27,25,5,9,6,8,7,22,10,4,11
Abcc5,17,12,19,40,27,19,21,31,25,19,40,21,28,19,25,24,27,64,22,15,11,41,30,14,21,15,14,21,37,17,46,14,20,21,9,19,14,13,13,8,16,11,9,13,24,20
Abcc6,174,90,148,257,136,197,220,214,221,196,231,220,194,196,223,274,236,133,201,173,45,217,220,137,230,175,153,237,291,222,130,146,166,129,191,172,155,203,187,100,276,173,174,143,174,175
Abcc9,2,5,5,14,8,6,12,9,4,6,14,12,8,4,8,11,6,19,12,2,3,35,8,3,4,5,4,4,10,6,4,1,5,0,7,1,2,5,5,3,7,1,10,6,1,10
Abcd1,47,20,34,60,31,37,54,43,60,42,48,56,37,29,49,40,38,27,45,33,15,37,42,30,44,38,48,38,60,48,77,38,40,35,43,43,32,39,53,25,50,42,51,46,42,39
Abcd2,5,3,5,11,6,2,6,3,10,11,8,9,4,2,5,9,15,7,7,6,2,12,5,3,1,3,6,3,15,2,0,2,1,4,4,4,12,2,3,2,1,3,7,0,7,5
Abcd3,756,317,575,1107,536,775,1222,976,620,809,767,644,840,774,1011,1023,921,610,932,814,335,624,1714,894,893,1045,621,1224,1349,1470,468,726,993,436,1069,1170,1001,1199,978,708,1220,1198,1288,788,924,1150
Abcd4,36,18,36,71,45,46,54,57,67,44,72,55,70,51,58,55,58,51,36,31,15,59,56,28,48,54,38,42,37,49,39,25,47,31,46,45,25,41,37,25,62,36,31,23,30,38
Abce1,28,8,8,35,22,20,31,24,41,23,31,46,19,25,26,24,24,34,27,18,14,48,35,14,30,27,27,28,27,43,17,18,30,9,18,13,26,20,16,15,24,13,29,16,14,18
Abcf1,242,156,282,388,315,310,345,299,346,242,411,382,344,282,327,423,417,483,278,265,140,460,339,254,326,304,260,288,386,326,326,217,319,240,367,292,296,258,336,167,460,322,334,298,317,236
Abcf2,17,12,18,31,26,26,21,22,32,25,30,38,32,23,24,31,37,37,25,25,10,38,20,21,20,24,22,38,14,35,28,23,29,18,22,26,16,27,43,11,40,17,29,15,24,27
Abcf3,124,76,134,182,98,138,131,124,170,117,158,237,129,119,152,174,169,183,113,122,35,192,135,89,105,118,113,160,171,150,144,97,130,92,137,99,130,114,111,78,170,129,96,91,92,109
Abcg1,10,8,13,20,11,10,26,12,6,10,10,21,15,10,7,19,10,18,6,10,0,27,14,6,19,10,20,13,10,14,17,10,8,12,4,9,13,6,4,3,8,9,14,9,10,7
Abcg2,83,34,77,134,60,88,140,108,68,91,122,106,80,71,87,120,134,97,172,96,45,102,198,84,130,124,79,113,132,121,117,88,148,48,105,92,72,119,103,81,157,123,105,72,80,88
Abcg3,6,3,12,31,13,7,21,16,4,0,16,11,8,3,15,3,7,16,9,7,6,14,10,7,12,6,9,6,5,7,11,4,6,7,3,6,9,8,4,1,10,9,10,2,4,5
Abcg5,179,122,175,408,178,179,250,233,263,192,292,207,253,225,279,344,347,307,207,171,73,360,239,182,275,275,223,248,588,298,257,127,201,155,235,216,248,241,266,119,337,253,229,216,240,215
Abcg8,243,119,242,545,185,253,315,299,237,258,413,214,301,250,363,436,404,460,247,215,92,513,304,242,339,328,297,281,700,356,285,161,301,178,282,259,303,306,328,190,450,356,309,274,335,295
Abhd1,17,11,15,23,7,17,23,19,14,21,25,19,16,8,19,10,6,23,10,12,5,15,20,15,16,10,17,27,24,21,9,19,12,13,18,12,16,17,15,9,20,12,15,11,27,12
Abhd10,10,5,8,19,13,9,18,19,16,13,17,20,12,11,13,14,10,19,18,15,6,16,19,8,21,11,8,12,30,18,7,7,10,5,13,15,12,10,14,13,17,16,17,15,9,19
Abhd11,222,100,186,241,147,198,266,220,276,196,279,247,227,207,251,273,273,353,241,201,72,328,271,141,205,201,191,254,281,205,189,148,197,145,218,233,162,213,231,112,276,165,219,138,163,152
Abhd11os,2,1,2,9,2,1,6,4,2,2,1,2,2,1,5,4,4,2,3,2,1,3,2,2,7,1,4,3,4,1,4,1,0,5,1,2,1,3,3,1,4,0,1,2,2,0
Abhd12,107,48,93,145,107,113,140,104,168,105,129,135,112,73,132,120,130,170,105,86,40,189,151,85,146,139,124,120,138,155,118,70,92,100,99,94,97,116,154,74,180,112,117,97,117,110
Abhd13,2,3,7,10,1,3,4,3,9,7,6,9,3,4,3,4,2,11,3,6,1,3,9,5,7,8,5,11,4,8,1,3,3,1,3,1,4,3,1,7,4,3,9,5,9,5
Abhd14a,61,39,51,79,34,42,80,65,71,62,74,70,63,48,67,49,73,71,65,46,18,78,81,48,63,47,61,70,97,70,50,30,53,42,49,61,61,66,60,51,75,58,61,49,53,71
Abhd14b,1181,596,1157,1704,933,1131,1481,1264,1793,1239,1570,1486,1369,1389,1445,1470,1467,1232,1284,1163,499,1757,1766,1139,1531,1440,1121,1515,2030,1717,797,928,1344,803,1115,1249,1096,1369,1275,805,1749,1341,1353,1044,1186,1180
Abhd15,178,78,156,177,84,116,128,102,133,95,153,172,170,114,131,168,135,132,105,119,57,175,120,106,126,117,104,126,130,107,100,99,137,98,110,64,75,77,104,77,145,102,141,107,119,87
Abhd16a,295,136,269,418,277,269,354,330,351,320,418,360,341,273,339,354,387,417,301,290,142,429,385,236,341,310,264,325,436,354,500,242,356,254,353,316,284,330,360,189,517,345,345,275,294,288
Abhd17a,669,302,689,846,561,918,902,768,806,629,931,892,746,666,844,897,925,844,755,709,291,857,961,676,711,805,642,882,1059,930,810,701,911,734,884,974,649,704,911,494,1155,730,907,658,673,638
Abhd17b,69,41,38,101,39,39,79,64,53,59,77,80,59,54,58,83,67,80,89,60,17,85,97,34,61,66,62,76,64,99,35,32,67,21,41,40,60,52,42,29,55,53,47,29,41,49
Abhd17c,174,80,155,268,162,167,162,124,235,217,211,237,195,156,213,297,217,171,196,174,71,186,171,140,169,199,189,218,257,276,141,127,209,119,200,205,174,178,170,100,264,218,190,124,214,206
Abhd2,6,3,7,8,11,3,2,6,11,6,10,13,7,2,5,10,7,32,5,5,3,15,5,1,5,10,7,6,12,10,18,4,7,8,8,8,11,6,7,1,18,3,6,9,2,8
Abhd3,202,94,214,278,195,217,288,205,319,213,334,332,261,275,321,296,266,150,242,209,84,202,323,199,245,238,188,266,262,274,185,233,275,192,255,258,205,223,247,141,316,267,225,179,178,169
Abhd4,198,86,202,314,185,190,314,257,238,191,306,291,236,185,245,286,278,472,236,230,68,385,239,176,213,225,179,235,275,267,476,171,229,177,228,214,181,210,191,167,265,243,193,151,218,198
Abhd5,10,7,15,19,12,13,14,14,32,21,19,27,19,16,29,16,12,27,17,12,8,29,34,22,18,21,19,20,28,28,9,18,24,9,28,14,14,24,22,15,23,23,26,14,23,16
Abhd6,367,163,262,374,135,265,325,272,174,294,417,298,302,248,425,472,405,236,308,254,121,230,260,205,237,251,211,360,250,329,248,290,323,200,293,283,209,271,331,151,376,297,254,200,238,223
Abhd8,61,36,55,69,51,31,69,56,74,46,80,104,72,39,73,101,103,79,67,55,23,63,79,37,56,83,59,64,44,45,35,45,56,33,56,45,43,65,53,33,66,48,39,35,49,42
Abi1,35,19,42,64,38,56,54,42,66,45,62,70,51,44,54,73,59,79,48,38,22,85,59,16,54,39,43,61,64,47,41,27,45,10,44,40,42,33,36,24,69,37,43,38,27,45
Abi2,1,0,3,6,1,0,0,3,1,1,1,0,0,2,1,0,4,3,2,0,2,4,3,0,0,1,1,3,3,0,0,0,2,0,1,0,2,1,2,0,2,0,1,0,1,1
Abi3,1,2,3,1,1,1,5,4,1,1,6,2,3,2,1,5,4,5,1,2,1,9,1,2,0,2,4,1,4,4,3,1,3,3,0,1,2,2,1,1,2,2,3,0,2,2
Abi3bp,2,1,6,17,5,4,4,6,3,5,6,5,8,5,4,6,1,3,6,2,4,6,6,3,5,7,4,4,5,5,3,2,5,2,1,5,4,4,3,1,3,5,4,4,5,5
Abl1,67,48,85,122,87,67,105,126,93,80,127,104,74,75,92,88,103,120,74,63,35,130,111,69,99,94,59,88,110,94,100,45,75,66,102,68,64,75,55,55,114,80,87,46,63,86
Abl2,26,11,31,60,38,18,53,23,31,31,48,50,36,38,47,34,32,39,36,21,16,44,30,31,31,17,31,27,35,35,29,16,27,11,25,17,28,25,24,20,48,45,25,19,26,36
Ablim1,86,32,74,133,90,55,95,115,149,108,76,137,78,59,75,104,116,162,91,80,27,148,110,72,88,95,82,89,116,72,79,62,73,78,74,81,75,91,66,55,110,73,68,42,53,63
Ablim2,8,8,11,7,10,4,4,7,26,11,17,15,4,3,7,11,13,11,7,7,1,13,3,1,9,10,7,10,8,8,3,8,11,8,8,6,1,8,10,3,15,8,10,6,6,8
Ablim3,81,37,63,142,64,89,106,105,89,89,147,102,124,83,103,110,84,113,74,82,33,135,117,59,84,93,75,104,109,125,58,69,68,67,105,55,101,100,109,62,148,95,84,67,74,72
Abr,24,11,18,51,38,24,46,36,25,10,47,36,31,16,30,23,37,87,21,9,11,79,31,21,40,21,22,18,28,46,92,22,22,42,22,22,18,38,17,15,35,24,27,16,19,27
Abracl,59,25,34,93,51,55,76,62,107,59,61,70,83,66,70,81,99,122,53,55,31,107,73,46,63,59,50,52,67,76,64,39,52,30,65,73,58,48,47,34,74,72,76,39,60,59
Abtb1,68,38,56,106,45,47,91,72,67,69,112,80,72,69,66,98,92,79,64,61,35,74,63,57,64,53,77,83,82,95,64,45,75,49,70,87,56,70,90,40,89,68,55,67,70,60
Abtb2,52,12,29,72,101,53,55,67,135,65,50,89,70,53,57,116,95,82,77,71,37,102,91,74,62,91,51,74,80,70,36,48,83,66,69,55,71,68,64,44,121,76,64,31,32,52
Acaa1a,786,374,920,1293,719,1104,990,929,1001,682,1305,883,1063,873,1152,1513,1648,1182,886,884,531,1355,1041,750,1006,964,679,1097,1239,1242,1298,726,1022,633,1092,1062,778,955,1237,650,1450,1074,1125,969,986,873
Acaa1b,6424,3487,5674,9458,2378,7767,9965,9303,1817,6410,8075,3491,7007,7370,9484,11270,10496,7484,8417,6880,3312,7339,13700,8494,7200,8228,3809,11811,13077,11238,7592,10749,10660,11311,15176,17006,11653,10946,13314,8318,13572,12562,13929,10562,11917,11726
Acaa2,4814,2163,3892,6559,3133,4889,4882,4368,5085,4936,5663,5135,4975,4759,5614,6938,7245,4401,5110,4773,2039,6302,5723,3477,4984,5222,4278,5488,6714,5959,3724,3799,5514,3600,5781,4926,4205,4967,6412,3315,7465,5910,5554,3969,5256,5299
Acaca,156,86,133,182,144,75,314,219,253,117,114,185,127,157,173,122,152,79,148,189,48,60,404,269,181,186,178,207,208,173,99,193,169,212,163,311,141,286,153,188,254,213,255,134,177,205
Acacb,180,92,214,233,414,118,626,546,343,136,73,99,278,228,184,111,89,72,117,183,57,30,815,336,379,327,208,276,454,358,152,189,302,307,383,567,406,493,363,328,540,369,638,380,432,444
Acad10,97,58,69,166,66,112,97,98,127,80,117,120,119,85,140,154,141,147,95,70,38,206,112,77,101,128,72,129,204,117,96,82,106,69,119,98,97,118,103,66,141,92,108,82,93,129
Acad11,1067,531,1022,1789,961,1400,1242,1082,1471,1247,1667,1557,1348,1417,1605,1791,2140,1500,1165,1235,611,1990,1510,1041,1213,1235,997,1467,1444,1667,1159,1197,1461,890,1438,1605,1080,1289,1506,794,1910,1509,1312,1058,1229,1301
Acad12,8,2,8,3,8,4,19,11,10,2,10,12,8,6,9,13,24,30,7,9,2,19,10,6,9,10,10,15,16,17,21,8,12,9,13,14,5,11,12,6,24,8,14,14,18,3
Acad8,45,27,47,74,30,63,49,51,59,51,51,79,70,27,62,63,52,46,65,52,17,59,54,29,52,58,44,51,70,52,28,41,43,27,62,45,45,55,60,38,67,74,55,32,38,53
Acad9,6,4,6,13,7,9,9,5,11,10,10,11,10,12,8,11,10,7,6,14,6,8,10,10,11,9,16,9,7,16,12,12,11,9,7,8,12,10,15,8,17,13,11,6,11,6
Acadl,1202,559,974,1929,754,949,1169,1053,961,1231,1540,1370,1104,1101,1466,1565,1693,2247,855,1030,487,2419,1227,731,821,905,907,1157,1512,1284,885,972,1081,704,1287,1216,948,1114,1111,617,1289,944,1075,788,946,971
Acadm,841,377,610,1281,586,974,789,572,851,861,1181,1015,1114,955,1029,1308,1598,1630,857,799,480,2185,968,603,703,785,569,917,1162,1006,818,694,812,559,849,824,753,655,818,380,1136,802,793,597,639,755
Acads,678,264,479,759,255,489,599,597,507,652,667,642,590,444,682,984,808,882,655,600,156,794,781,440,523,497,546,719,873,650,617,510,535,613,748,694,348,643,718,464,870,681,695,421,546,631
Acadsb,439,246,479,564,409,564,527,480,623,444,654,528,549,541,563,664,614,446,517,449,244,579,658,472,616,592,437,571,737,698,398,434,577,339,616,518,569,548,720,355,921,648,566,475,557,555
Acadvl,1771,760,1483,2566,1173,1524,1838,1544,1814,1689,2575,2117,1534,1605,2032,2323,2489,1966,1803,1583,617,2648,1793,1151,1441,1618,1507,1764,1911,1885,1443,1224,1867,1274,1641,1706,1234,1567,1750,1084,2195,1628,1612,1327,1463,1464
Acap1,7,3,14,10,4,8,10,8,4,8,12,11,5,4,14,14,9,18,5,4,5,18,5,6,8,7,5,4,7,2,11,4,4,17,3,7,6,12,5,1,8,4,3,3,7,9
Acap2,62,38,60,90,62,73,68,66,80,64,76,93,91,45,77,77,102,138,75,66,36,137,88,51,58,56,69,74,69,88,83,32,78,49,62,68,62,88,67,39,85,53,47,50,49,64
Acap3,19,19,11,26,31,25,24,29,28,17,24,30,23,17,32,13,18,45,22,21,8,27,21,18,19,20,28,24,20,27,15,18,30,19,19,19,17,24,17,7,25,18,15,15,19,21
Acat1,74,37,65,111,32,88,64,47,56,77,135,103,104,69,107,137,163,152,104,71,36,281,84,36,60,84,50,85,61,85,81,80,103,55,88,90,54,77,84,43,99,79,74,52,77,84
Acat2,168,70,124,194,211,104,252,186,246,170,116,210,138,95,126,170,133,71,205,180,77,87,316,144,178,151,116,172,223,175,109,134,160,141,144,170,132,203,97,97,145,125,234,95,128,145
Acat3,677,306,621,897,577,718,649,682,861,706,749,750,686,701,743,851,739,576,710,670,286,828,779,438,763,707,584,761,1131,792,860,520,709,529,782,647,594,714,826,449,1031,809,760,559,675,675
Acbd3,27,10,30,31,25,23,32,20,28,29,28,37,28,21,25,32,25,70,20,34,9,46,33,11,15,19,26,32,32,20,16,16,26,13,21,22,22,19,18,6,24,16,19,9,8,22
Acbd4,319,159,305,370,170,303,268,304,351,316,385,538,339,298,422,426,328,285,345,332,108,299,416,265,366,273,292,385,377,280,236,328,391,268,393,411,235,375,330,232,469,354,324,275,361,254
Acbd5,134,79,113,279,153,159,173,157,163,178,186,176,138,161,231,208,227,170,161,194,62,245,165,115,140,152,146,207,249,219,150,140,195,38,180,166,176,167,157,81,172,169,185,107,138,154
Acbd6,275,137,286,345,264,277,358,263,351,255,260,285,364,283,274,346,337,327,241,258,102,298,352,256,289,318,238,269,403,316,277,249,281,233,398,292,308,313,357,205,363,349,399,264,335,297
Acd,82,37,82,130,80,99,97,99,99,86,106,101,93,87,120,129,143,159,73,91,51,144,94,41,102,97,95,106,130,99,91,53,75,45,116,89,83,70,91,41,108,102,85,67,83,63
Ace,3,1,2,1,2,4,8,7,5,1,5,5,4,5,1,11,6,12,1,1,3,7,4,6,1,6,2,1,4,0,6,0,4,6,6,3,10,3,1,1,3,7,4,1,3,5
Acer2,21,11,12,22,12,17,19,23,38,17,20,47,32,21,24,39,21,34,25,17,5,49,33,19,19,21,16,31,26,22,26,12,24,19,18,13,8,16,34,11,30,15,16,23,11,18
Acer3,4,0,7,4,3,2,3,2,4,4,3,6,0,5,5,5,0,2,0,5,4,2,4,2,5,1,2,6,3,3,1,0,4,0,3,1,3,3,0,0,2,5,3,2,1,4
Ache,2,2,1,4,2,3,2,3,1,1,2,2,1,1,4,5,3,2,4,0,0,2,2,1,4,5,3,5,2,3,1,1,2,2,0,3,1,2,1,1,4,2,0,2,3,6
Acin1,133,84,124,186,95,139,171,174,173,125,168,219,135,129,136,167,157,165,136,134,36,171,137,73,120,99,138,117,127,115,135,91,92,105,95,81,88,93,108,69,124,113,114,76,107,92
Ackr1,6,4,10,8,8,11,9,21,10,11,6,8,9,8,8,18,11,8,11,6,2,15,10,7,4,10,14,3,21,17,6,5,12,4,7,10,6,5,3,6,2,6,11,1,8,17
Ackr2,8,2,5,5,3,4,4,12,7,1,5,3,6,6,2,11,8,4,8,1,2,5,5,0,9,5,6,5,6,13,5,3,3,7,5,4,5,5,4,7,9,7,10,10,1,11
Ackr3,2,1,3,6,5,1,7,4,8,2,4,4,12,0,4,4,6,6,2,5,2,5,4,4,5,5,4,4,2,3,5,2,4,6,3,1,4,7,1,1,2,5,3,2,4,5
Ackr4,2,0,2,3,3,3,6,1,2,5,3,3,9,3,3,1,3,4,5,2,0,4,4,1,3,6,1,7,2,4,2,2,5,2,5,2,3,3,2,1,5,5,4,2,2,7
Acly,449,286,393,616,537,292,1636,1385,986,634,349,685,660,639,694,453,411,216,487,614,170,223,2383,1508,1053,790,616,942,1350,800,328,706,780,764,819,2482,1241,1222,684,1103,1295,1313,1583,762,1038,1182
Acmsd,2,0,2,3,5,3,10,5,2,3,2,4,7,8,5,4,1,6,1,1,1,14,6,5,6,6,3,5,15,11,5,3,2,3,3,3,10,3,3,2,12,7,3,3,9,5
Acnat1,38,16,29,29,39,44,26,38,69,72,38,64,21,37,47,51,53,19,55,45,16,31,42,29,32,43,36,50,45,42,14,38,41,7,40,30,24,43,30,26,39,43,27,15,29,36
Acnat2,271,145,303,305,461,193,209,189,1071,444,254,950,549,574,435,265,461,179,146,289,143,297,370,202,241,251,336,259,133,232,279,192,233,188,227,261,88,252,278,194,335,331,185,223,185,194
Aco1,694,333,619,1039,721,717,957,885,921,836,897,902,880,777,866,1023,946,758,776,753,367,833,1027,622,885,755,695,877,1170,883,785,647,867,709,754,900,714,808,961,514,1347,894,860,698,782,741
Aco2,663,344,593,905,509,595,740,602,802,652,670,823,844,672,732,860,860,1020,619,517,255,1151,778,484,577,708,521,728,967,731,656,517,629,607,664,673,580,718,756,442,1012,737,681,578,642,661
Acot1,537,216,354,1191,66,481,510,376,70,571,625,156,641,731,909,1084,1541,461,569,375,197,752,490,212,246,321,165,617,516,653,89,427,495,358,622,651,549,603,768,177,411,455,680,396,454,494
Acot10,0,2,1,4,0,0,0,0,0,0,0,0,0,0,1,6,0,0,1,1,0,1,0,0,3,0,1,2,0,0,0,0,3,0,0,1,2,1,1,0,2,2,0,0,2,0
Acot11,5,2,4,3,4,8,9,5,18,6,4,12,5,3,7,8,9,6,4,9,2,2,10,12,10,15,10,10,5,8,9,14,11,6,4,9,2,9,8,10,17,15,10,11,5,7
Acot12,98,54,84,172,65,89,123,83,110,77,147,106,112,104,123,130,152,185,130,88,33,179,96,57,103,96,72,91,111,125,68,74,78,72,93,88,61,90,101,59,109,93,89,58,62,84
Acot13,529,272,514,714,501,464,728,600,624,543,576,562,630,668,614,539,722,890,711,546,325,929,748,492,553,553,393,540,799,664,397,486,615,399,610,644,629,599,575,407,723,543,566,513,587,553
Acot2,64,32,42,151,20,50,55,30,8,38,53,22,54,44,74,57,156,504,42,46,20,380,47,31,30,21,16,57,60,44,33,50,42,56,62,90,38,42,37,27,39,28,65,44,34,45
Acot3,404,180,380,786,35,234,166,132,128,504,262,82,356,521,526,539,1099,304,286,200,104,550,203,158,45,128,104,177,489,170,120,206,262,189,290,408,364,204,300,51,105,127,305,282,243,240
Acot4,176,71,114,245,53,141,122,97,117,188,144,119,165,195,222,245,312,151,143,107,60,196,143,104,54,107,80,112,234,130,109,138,140,97,169,216,149,109,156,49,87,114,162,112,130,131
Acot7,146,85,139,170,102,120,208,173,208,159,147,157,193,165,156,194,159,131,149,138,37,201,226,117,191,186,121,183,246,158,152,121,156,132,162,165,163,203,197,112,259,189,187,122,158,167
Acot8,139,71,120,203,124,156,159,152,133,144,192,147,150,133,193,177,225,155,152,134,55,154,183,110,159,133,134,164,172,175,171,112,157,152,164,181,121,150,210,95,213,180,195,151,155,139
Acot9,9,4,2,16,22,10,14,14,17,7,18,17,14,10,12,15,15,70,7,10,4,38,20,10,10,13,11,14,21,10,21,12,5,4,9,8,9,7,15,9,19,7,16,9,4,15
Acox1,7227,3680,8978,12641,7961,11595,9060,8787,8304,6753,10555,6632,8427,7804,10257,11780,11982,5781,7799,8739,4178,5417,11025,7199,9137,8409,7200,10380,11746,13190,6123,8367,11429,6633,13234,10257,7631,9552,10058,7293,14440,11461,13178,8519,10953,9624
Acox2,522,248,420,824,595,570,666,638,1158,690,818,1024,868,741,862,787,924,1759,649,592,325,1729,904,559,851,763,618,784,1024,797,912,546,760,467,684,630,672,749,681,488,997,802,669,527,600,557
Acox3,96,46,70,106,83,76,121,100,103,81,119,116,94,90,87,120,90,96,81,85,31,86,99,94,124,97,81,108,107,126,105,75,102,61,96,85,89,114,100,78,160,94,110,75,73,79
Acp1,19,10,12,19,15,12,16,19,22,12,18,22,16,12,20,15,23,21,10,18,11,21,19,11,16,16,20,22,19,18,24,14,21,11,20,18,9,15,16,6,23,15,25,8,16,12
Acp2,40,29,31,75,33,53,42,42,61,60,64,75,52,39,44,65,62,55,49,42,11,70,32,31,36,39,37,41,50,48,47,37,54,34,47,46,36,30,30,17,53,51,39,29,36,32
Acp5,919,502,841,1413,933,1084,1130,1172,1343,1023,1418,1294,953,944,1264,1404,1505,1430,1053,904,498,1717,1238,826,1251,1085,979,1201,1320,1423,1103,838,1152,787,1029,970,963,1115,1130,702,1596,1207,1016,861,1010,978
Acp6,154,65,186,300,154,177,187,171,207,159,202,231,209,168,227,240,206,269,163,175,82,260,241,158,175,184,147,190,245,197,129,120,181,132,184,174,122,169,188,98,263,165,191,132,135,150
Acpp,2,1,2,3,4,3,11,6,16,1,3,3,8,0,2,2,1,1,2,1,1,2,26,10,13,6,2,8,8,9,6,3,6,7,6,24,2,5,4,8,12,10,6,3,3,4
Acrbp,32,6,12,21,8,17,20,21,16,21,29,22,7,11,16,22,27,15,19,14,7,22,15,13,9,16,13,21,14,13,20,13,24,10,13,17,12,25,19,9,27,17,19,16,11,15
Acsf2,39,27,31,57,12,37,34,27,31,34,46,67,28,32,55,34,44,33,38,35,7,28,40,27,28,49,40,42,54,56,45,29,52,39,80,37,38,70,47,28,47,55,50,31,37,37
Acsf3,125,60,114,225,94,124,170,177,126,121,194,137,145,101,152,170,184,256,128,124,30,181,182,137,167,121,128,176,190,192,160,117,135,138,191,158,125,162,120,108,233,164,192,131,171,119
Acsl1,1862,893,1488,2836,848,2266,2031,1554,1090,2311,2540,1419,1974,2181,2927,3221,3729,1077,2586,1847,860,1312,2730,1595,2157,1989,1539,2872,3029,2834,1021,2018,2681,1307,2403,2635,2021,2404,3306,1652,3252,2821,2561,2108,2680,2409
Acsl3,43,16,13,22,51,36,27,27,97,41,39,94,23,19,31,40,46,36,49,51,20,27,56,28,26,40,36,50,61,28,23,55,32,10,25,35,34,30,28,32,54,18,23,16,15,18
Acsl4,44,34,35,107,54,53,100,48,102,84,71,102,70,38,86,71,59,95,73,58,21,48,115,62,82,81,94,80,111,110,33,57,74,32,54,51,92,73,76,44,101,84,77,45,60,77
Acsl5,513,188,414,719,542,459,714,602,743,466,370,476,503,442,599,505,511,563,526,441,208,388,897,476,594,739,485,637,1083,846,393,465,574,429,602,663,660,684,515,367,771,572,774,326,531,654
Acsm1,1538,695,1230,2040,1106,1365,1821,1630,1714,1541,1856,1687,1422,1240,1593,2110,2072,779,1671,1636,507,805,1731,951,1604,1361,1482,1758,1838,1909,1583,963,1402,911,1632,1034,1191,1567,1469,994,1999,1481,1355,1171,1419,1287
Acsm3,76,28,57,106,36,76,96,45,102,70,100,97,112,82,113,105,117,53,98,48,34,74,94,66,77,74,55,105,119,131,36,59,115,33,73,84,55,86,94,62,122,76,88,66,69,74
Acsm5,401,191,360,575,323,342,506,390,366,376,492,429,384,372,426,515,569,387,474,333,201,558,491,286,411,371,289,429,553,493,384,288,397,272,413,365,358,405,400,229,506,337,417,289,364,411
Acss1,3,2,3,7,2,6,3,4,2,2,6,3,5,1,1,3,6,3,6,2,0,4,2,1,4,1,1,2,3,1,5,1,0,1,1,2,2,4,2,0,2,1,0,0,1,3
Acss2,389,199,446,833,787,357,1497,1203,788,406,288,373,669,468,427,339,291,106,381,506,175,212,2142,1254,1040,817,403,626,1928,863,347,380,602,603,631,1459,1117,1222,599,813,1121,781,1447,651,740,1102
Actb,5669,2262,3844,7647,4647,3759,5837,4875,4197,5286,5851,6232,4287,3233,5062,5009,4733,9935,4971,4620,1784,7165,5038,2771,4212,3457,5732,5192,5035,4830,9657,3648,4449,4659,4016,3803,3253,4482,4603,2842,5511,4615,4461,3559,3880,3956
Actg1,10,5,6,8,12,2,9,14,10,5,3,22,11,6,10,7,7,15,3,9,3,16,6,3,6,8,7,15,4,8,29,15,7,6,7,3,10,4,9,3,6,6,11,7,12,12
Actl6a,69,48,73,103,72,74,76,77,92,88,86,127,73,70,93,99,89,151,67,83,36,132,95,52,82,79,73,75,100,78,83,79,76,43,80,60,64,89,50,47,85,86,95,53,66,66
Actn1,206,121,193,249,183,150,277,188,255,204,274,277,188,161,201,223,198,227,192,174,61,207,246,156,147,198,204,175,210,194,176,98,127,137,132,151,157,197,160,108,218,164,148,99,133,121
Actn4,866,413,764,1096,604,785,908,727,1118,742,1080,1250,1057,807,853,1020,913,1106,876,650,241,1406,1058,544,750,837,751,802,1020,736,585,566,682,652,739,667,625,727,733,414,1006,623,652,556,501,537
Actr10,7,2,1,11,2,2,3,0,2,7,5,9,2,3,9,3,4,5,4,8,0,4,5,5,3,6,2,6,8,3,4,7,4,3,7,5,2,1,3,2,9,6,4,3,2,3
Actr1a,136,83,120,164,108,160,166,150,244,132,178,237,209,166,149,195,162,137,126,134,46,140,165,117,169,141,142,189,184,151,156,119,124,147,134,134,120,154,165,119,198,156,174,97,132,135
Actr1b,131,57,168,227,144,171,193,204,188,195,218,242,152,169,182,215,194,289,173,163,63,204,211,102,163,189,158,206,192,201,190,148,182,151,177,140,150,179,184,109,260,172,215,100,169,151
Actr2,306,130,257,412,278,317,353,230,428,303,367,390,387,300,384,403,394,361,277,304,127,302,408,241,365,319,279,291,347,315,295,229,350,211,334,331,266,310,323,210,486,339,302,250,259,291
Actr3,125,71,106,178,118,114,148,130,174,96,181,189,127,124,159,141,147,217,128,97,42,176,190,71,117,116,117,116,159,157,183,84,95,68,110,72,117,109,108,64,126,108,108,74,83,95
Actr5,17,14,24,32,12,13,21,23,20,19,30,25,28,19,27,34,18,34,14,21,6,32,19,15,13,21,23,19,32,21,21,15,13,22,22,18,22,12,22,12,22,22,25,12,10,17
Actr6,5,2,7,18,9,4,9,5,6,7,13,6,7,12,8,12,2,5,3,5,1,5,9,5,6,6,1,8,11,9,3,5,5,6,2,7,6,6,7,3,5,5,4,5,4,6
Actr8,142,71,112,177,122,131,146,121,171,107,182,197,153,113,119,206,175,168,124,101,51,221,159,98,106,115,111,149,156,141,97,87,125,89,106,82,90,122,124,77,181,129,131,86,111,86
Acvr1,37,22,56,72,55,44,76,40,47,49,65,70,71,45,61,53,64,70,60,49,15,71,61,43,67,60,59,50,58,69,47,35,60,42,60,62,52,56,63,23,112,50,63,34,47,66
Acvr2a,1,3,2,5,0,1,3,3,4,4,1,4,4,3,4,1,2,2,2,1,4,6,4,1,3,1,2,2,5,1,5,1,3,0,0,3,2,4,3,1,1,4,0,2,1,3
Acvr2b,78,41,57,74,44,63,70,42,71,46,70,47,40,27,43,80,85,24,32,29,10,25,45,31,64,39,65,58,67,60,17,19,25,12,47,48,19,42,40,27,59,31,49,35,45,36
Acvrl1,4,4,3,14,3,7,12,11,7,4,5,9,7,4,5,4,3,10,4,4,3,15,5,3,3,6,5,4,3,6,20,3,5,5,3,1,2,7,2,1,4,8,5,5,3,4
Acy1,122,82,104,185,95,127,177,169,264,190,151,185,180,144,200,189,160,132,107,137,39,174,167,157,170,187,153,171,302,181,109,130,134,123,143,158,152,161,167,123,221,189,145,131,163,165
Acy3,275,115,252,425,253,325,331,437,480,414,389,429,369,329,484,358,432,336,377,387,100,317,491,274,452,451,407,532,640,495,546,324,437,307,522,441,386,453,503,294,615,514,478,333,409,399
Acyp1,76,31,90,124,79,99,129,104,122,96,133,128,99,107,133,111,116,89,110,76,43,79,127,82,143,100,69,122,113,140,75,87,102,75,98,96,81,105,120,61,157,90,97,82,101,70
Acyp2,21,14,17,31,15,14,31,21,19,19,29,30,27,13,24,33,32,44,30,16,12,21,34,23,21,23,14,19,17,15,25,22,29,23,27,36,20,16,27,9,38,19,24,14,19,29
Ada,9,4,2,8,9,5,8,4,6,7,7,8,8,5,6,9,9,10,5,7,0,7,12,4,4,3,3,1,4,6,16,6,9,2,12,3,4,7,5,6,6,2,4,4,3,4
Adal,31,20,35,62,36,41,51,29,38,37,47,43,40,38,33,42,34,28,40,39,14,25,46,24,36,33,33,33,61,53,21,16,40,19,39,41,36,30,51,17,42,30,42,31,29,39
Adam10,15,9,17,37,33,25,35,29,36,28,39,36,28,27,37,24,25,35,19,30,5,33,39,16,32,19,26,33,24,29,22,9,25,5,27,30,21,23,18,13,22,28,24,12,16,11
Adam11,7,12,28,23,28,15,11,21,82,13,17,51,36,27,10,20,11,53,22,30,2,73,33,27,43,26,47,21,31,40,11,13,11,7,30,22,6,11,20,30,42,23,20,18,15,27
Adam15,15,9,13,23,14,13,23,16,14,17,18,8,15,9,17,19,21,28,16,5,4,10,15,4,11,17,13,26,19,20,38,11,9,18,21,16,8,23,18,9,15,8,11,15,13,20
Adam17,58,31,51,79,61,60,66,66,67,54,80,86,67,60,67,71,62,78,46,51,14,80,67,56,64,57,73,55,66,88,96,42,58,60,61,46,49,52,52,30,85,59,62,34,44,48
Adam19,0,1,2,0,2,2,2,2,2,3,3,0,1,5,3,2,0,2,2,0,0,5,2,1,3,2,2,3,1,1,5,1,2,1,5,2,0,3,2,0,3,3,0,4,6,5
Adam1a,4,3,6,9,4,3,4,4,4,6,3,4,4,5,5,4,6,4,1,3,4,4,5,4,3,6,4,5,2,4,4,3,4,5,3,1,2,3,1,2,8,2,2,5,4,5
Adam23,0,0,0,3,0,1,1,1,6,1,3,1,1,1,1,6,2,4,0,2,0,2,3,0,2,2,4,0,1,3,0,1,0,1,1,1,0,0,3,0,0,0,3,1,1,0
Adam32,2,1,1,1,1,0,3,0,0,3,2,3,2,3,0,4,3,6,3,1,0,3,2,0,2,1,0,1,3,1,3,3,1,1,2,2,3,1,1,3,1,0,0,1,1,1
Adam33,11,12,10,20,7,13,17,11,8,4,19,10,24,6,8,2,15,12,14,7,4,12,13,3,12,10,3,20,7,11,15,4,12,13,4,5,11,10,11,7,19,11,9,7,3,8
Adam8,4,2,5,17,7,7,6,8,3,2,8,7,2,2,5,7,3,10,5,1,4,16,3,2,1,5,3,3,1,2,11,5,1,4,2,4,2,3,5,0,8,2,1,2,0,3
Adam9,94,48,77,168,96,112,155,106,163,124,133,190,141,136,143,149,140,138,118,115,44,175,166,96,133,153,112,129,167,139,74,90,147,69,121,127,125,123,111,84,207,128,118,97,102,97
Adamdec1,12,5,17,16,17,9,24,21,17,5,14,16,11,9,9,13,14,4,13,8,11,13,19,13,16,6,17,13,8,14,13,7,11,12,6,4,7,13,6,7,6,5,18,10,5,18
Adamts1,48,26,31,80,36,22,42,40,22,31,50,64,34,23,48,24,58,88,36,20,21,93,31,20,27,30,19,17,29,40,44,10,22,26,26,24,33,21,22,17,39,20,27,16,24,27
Adamts10,13,10,13,33,13,25,24,27,18,18,32,30,18,10,26,22,21,25,24,11,9,20,23,10,15,24,19,21,36,20,16,16,16,21,11,13,11,31,19,11,19,15,21,11,19,13
Adamts13,1,2,0,5,1,0,3,1,5,3,8,5,4,2,3,2,2,1,5,1,1,4,5,4,0,3,3,2,5,2,1,1,3,2,0,4,4,2,2,2,3,2,0,5,3,2
Adamts14,3,2,3,9,2,1,6,4,2,1,3,3,3,3,3,2,7,24,2,2,0,6,1,1,4,1,1,1,0,3,6,3,4,8,0,1,3,3,2,1,1,4,1,1,0,3
Adamts15,2,2,4,8,4,5,8,8,4,4,8,7,4,1,2,4,13,19,4,5,2,15,8,3,5,4,3,5,9,5,4,6,8,3,7,2,3,6,2,5,4,3,7,5,3,3
Adamts2,3,0,1,11,5,4,3,8,1,2,2,4,3,2,3,6,3,11,7,3,1,6,4,0,1,4,5,5,2,2,5,1,5,7,2,1,4,8,2,1,3,0,1,1,1,3
Adamts7,31,27,21,49,22,23,20,31,36,41,17,51,29,34,23,40,28,28,46,22,6,76,19,17,25,19,31,22,36,15,20,17,20,24,19,24,21,29,21,17,30,22,24,18,24,20
Adamtsl1,1,1,3,3,4,3,1,3,1,2,2,4,3,2,5,2,1,5,3,4,2,0,2,4,1,3,1,5,2,2,2,1,1,0,3,3,2,2,6,3,3,1,1,4,0,6
Adamtsl2,2,3,6,5,3,0,2,3,2,1,10,4,5,1,4,2,3,6,7,5,0,8,4,1,2,5,1,2,7,3,2,1,3,5,1,4,4,6,2,5,5,4,3,4,1,5
Adamtsl4,10,9,12,29,8,6,17,9,9,12,20,20,15,14,18,7,17,25,20,6,5,46,10,4,15,11,11,12,17,6,3,4,9,7,14,11,11,19,13,5,18,11,17,13,10,10
Adamtsl5,1,1,4,2,6,1,5,4,3,1,0,10,2,0,1,7,3,4,2,2,1,1,4,4,3,2,6,4,4,2,2,0,3,0,1,2,1,2,1,2,2,1,0,2,0,2
Adap1,6,5,8,14,9,13,10,16,8,5,8,18,19,5,9,6,13,18,7,7,3,18,14,5,7,4,14,8,8,10,58,6,4,12,7,13,6,9,4,9,9,5,9,6,8,9
Adap2,240,138,201,265,152,185,266,155,118,158,306,301,215,163,170,258,209,231,141,176,93,222,177,116,114,135,174,212,166,153,227,128,147,126,119,123,99,103,122,80,193,96,117,93,96,82
Adar,37,16,39,70,45,39,69,41,75,43,56,66,51,33,67,55,41,53,35,47,14,46,54,28,54,43,54,44,43,55,83,26,47,51,39,29,44,40,46,28,54,35,54,45,44,28
Adarb1,27,15,34,29,48,32,43,44,58,27,31,46,37,28,34,38,40,72,31,38,11,89,48,27,39,39,39,28,32,29,30,23,25,22,34,28,28,36,23,18,52,31,27,15,22,26
Adat1,16,2,7,4,6,8,12,2,9,4,12,6,14,4,6,9,13,16,7,7,2,16,13,6,9,16,7,12,8,15,7,7,11,0,10,9,12,6,8,1,19,8,15,10,10,8
Adat2,10,13,11,20,11,15,14,10,12,12,13,15,18,11,13,18,19,17,14,11,8,29,11,6,13,7,9,18,12,13,11,2,14,10,12,9,11,14,6,3,13,14,15,4,7,6
Adat3,10,10,11,13,11,3,13,4,10,6,8,13,14,6,8,12,10,11,9,4,0,15,9,4,6,6,14,9,10,9,9,4,6,10,7,4,7,9,12,12,7,8,16,6,8,9
Adck1,49,21,56,71,54,66,70,46,80,61,62,84,55,65,53,68,79,78,54,60,38,96,65,58,66,51,38,51,79,64,69,48,61,51,61,69,47,61,50,38,76,73,60,48,45,54
Adck3,46,32,48,60,64,55,69,87,86,66,73,74,58,39,68,64,62,29,76,49,22,58,63,74,68,65,59,65,103,105,31,61,93,51,73,85,50,61,69,56,122,81,50,56,83,61
Adck4,70,27,44,105,52,49,73,60,101,50,66,82,67,44,65,71,54,139,49,51,23,104,46,39,66,81,56,63,97,56,58,43,48,59,52,48,60,53,49,32,84,50,47,37,59,38
Adck5,208,97,140,313,118,201,199,155,109,183,344,150,167,153,202,329,339,193,173,207,63,246,185,90,180,185,189,236,188,198,86,122,189,102,230,175,147,175,228,118,237,165,210,170,239,178
Adcy3,2,4,8,11,7,5,11,12,6,5,5,13,10,8,7,7,10,6,8,6,2,9,6,4,5,5,0,6,10,13,6,9,7,4,6,2,4,7,3,4,10,2,2,2,6,2
Adcy4,26,9,26,37,22,19,26,27,31,23,29,22,19,17,30,33,25,16,20,17,11,17,22,15,26,19,26,27,22,31,31,14,12,22,26,13,19,23,14,9,29,25,23,20,18,21
Adcy5,4,1,6,3,5,3,4,2,1,4,8,5,4,4,4,4,6,4,4,2,5,4,5,2,1,5,1,5,5,4,1,2,1,4,1,3,3,3,4,2,2,1,2,4,5,2
Adcy6,87,57,96,195,42,86,91,67,52,63,123,58,82,69,75,142,117,79,92,60,17,80,92,48,55,38,52,81,85,78,62,81,63,77,117,98,47,70,79,36,83,53,102,58,66,61
Adcy7,12,6,11,22,19,11,25,30,14,11,24,22,13,10,17,6,15,28,7,1,10,24,13,7,14,6,9,6,11,16,26,7,10,14,7,12,13,9,9,7,11,10,10,14,6,10
Adcy9,54,28,63,78,43,63,84,56,81,63,73,67,93,55,64,99,67,64,62,78,18,96,69,56,88,71,59,81,65,68,26,58,68,53,55,63,36,65,62,41,80,52,55,51,64,63
Adcyap1r1,2,4,1,7,2,1,5,2,2,5,4,4,6,0,2,5,5,15,6,5,2,12,6,4,4,7,2,7,6,2,5,5,2,2,3,0,6,3,5,3,4,1,6,0,3,1
Add1,168,54,116,207,107,107,143,153,151,127,177,192,162,121,115,176,163,241,131,128,54,202,176,95,127,161,114,130,202,187,154,97,114,104,110,115,104,124,138,62,194,139,136,90,111,129
Add3,34,15,39,58,35,32,51,36,33,43,49,45,48,37,44,66,67,54,36,37,18,47,62,27,33,44,20,47,71,63,23,29,47,31,42,45,39,42,51,19,73,35,41,28,25,38
Adgb,12,17,15,29,12,12,25,25,15,10,24,26,19,15,23,18,24,19,12,11,5,30,22,7,12,11,22,17,13,29,40,11,13,8,10,10,8,17,5,8,24,13,6,15,11,10
Adgra2,89,44,90,118,62,110,106,107,83,95,95,106,98,88,121,177,129,93,113,110,42,76,130,90,96,95,99,139,126,120,95,91,95,79,111,100,83,101,114,67,140,104,95,61,96,81
Adgra3,19,7,19,27,20,15,30,24,12,31,25,38,38,20,22,24,31,39,21,9,13,32,27,8,12,24,12,17,22,16,35,18,12,15,14,20,14,31,10,6,20,11,22,17,11,14
Adgrd1,3,6,1,6,2,4,7,6,3,4,6,4,6,4,1,5,5,7,4,6,2,6,5,3,3,9,3,5,8,4,2,0,3,3,5,4,1,1,2,2,1,3,3,3,6,5
Adgre1,28,16,49,62,60,22,83,67,40,24,65,68,29,21,63,42,44,57,39,29,36,54,63,18,44,28,54,29,45,54,100,18,21,27,17,21,22,37,26,15,33,34,44,18,24,37
Adgre4,13,6,24,20,25,15,17,29,25,7,14,23,14,11,22,20,20,15,9,13,11,15,19,10,31,12,25,8,5,22,22,7,17,12,7,14,14,17,8,7,21,18,22,16,8,15
Adgre5,72,47,110,181,132,116,172,151,116,84,166,153,109,72,122,122,145,159,87,80,46,160,166,76,154,86,137,77,90,144,163,66,105,116,75,95,88,116,115,59,109,104,100,102,83,96
Adgrf1,6,4,10,17,15,11,22,14,8,4,9,3,6,9,6,6,12,3,1,7,1,3,6,3,14,5,12,6,38,21,1,2,7,2,6,4,18,10,8,4,13,9,10,2,12,10
Adgrf5,14,8,13,17,11,14,12,13,21,15,17,8,27,7,23,25,24,17,17,10,6,31,19,10,20,11,12,16,12,18,6,11,7,11,5,15,18,20,9,8,21,17,6,8,9,12
Adgrg1,16,11,10,7,12,10,14,16,20,11,13,16,29,26,11,16,14,31,17,4,3,17,28,6,15,22,7,12,19,14,10,15,10,13,17,20,12,29,14,10,22,9,17,8,10,19
Adgrg3,19,6,13,20,18,14,26,22,31,24,34,26,34,13,22,24,20,29,17,18,5,40,21,11,15,24,19,35,23,23,31,11,19,16,22,16,10,23,21,6,28,15,18,14,17,19
Adgrg5,0,0,3,4,1,3,2,1,0,1,2,1,4,2,1,2,2,5,0,1,0,5,1,0,3,0,2,1,3,4,6,2,0,3,2,0,0,0,1,0,0,0,1,0,3,0
Adgrg6,3,3,3,2,2,1,5,9,0,4,3,4,2,1,4,2,2,4,5,4,1,5,5,1,1,2,1,3,5,5,0,4,2,4,0,2,2,3,0,2,3,2,2,5,4,4
Adgrl1,20,9,10,36,17,15,25,23,16,11,30,28,27,10,22,18,24,19,21,12,9,28,20,20,8,21,13,19,14,28,13,15,20,24,14,17,12,21,25,6,24,23,22,10,9,12
Adgrl2,75,55,73,134,93,73,83,52,119,78,96,134,99,72,79,107,152,80,76,71,36,101,73,42,69,91,84,82,109,101,45,71,88,35,79,89,74,74,70,45,121,78,105,64,77,81
Adgrl4,31,13,28,30,24,18,33,28,39,32,52,27,51,30,39,40,41,30,42,20,16,38,34,29,34,20,34,30,32,46,21,23,37,32,34,22,27,35,19,13,35,32,35,17,24,33
Adgrv1,14,3,11,15,16,19,18,23,8,11,23,3,11,10,12,17,16,25,28,13,6,10,33,11,15,16,10,28,15,31,27,37,18,11,6,15,10,27,21,11,28,21,12,14,12,17
Adh1,21178,9506,16084,27152,16515,15139,21308,20098,27555,20606,18256,24201,22899,18928,23686,25719,24141,13216,19015,19703,7986,15241,27156,14746,19582,22347,17534,20892,27795,20630,18061,14482,19782,14249,21737,19901,17887,22030,20785,12944,23769,19983,19927,16111,18364,20078
Adh4,454,178,485,549,305,689,392,343,421,326,534,488,410,311,414,550,478,143,392,478,137,259,400,212,340,400,404,418,477,558,318,273,282,234,529,281,195,389,454,220,530,407,324,314,306,301
Adh5,2221,1127,2419,3839,2960,2905,3028,2751,4150,2439,2972,3219,3235,2567,3119,3195,3333,2816,2646,2741,1185,4535,3733,2015,3355,3297,2556,2918,4086,3648,2348,2050,3118,1763,2984,2613,2413,2795,3215,1896,4475,3123,3118,2313,2630,2738
Adh6-ps1,58,19,36,39,17,45,68,51,18,36,58,36,33,9,28,57,46,7,51,37,16,7,61,27,51,43,39,49,31,50,17,22,44,16,35,29,16,43,45,21,74,40,39,25,37,29
Adh6a,1,0,0,1,1,1,1,3,0,0,0,1,1,1,1,0,2,0,0,1,0,0,0,0,4,2,1,0,2,1,10,0,1,0,2,4,0,0,0,2,3,1,2,1,2,2
Adh7,10,11,15,14,13,14,13,11,11,7,12,10,12,8,13,20,17,29,15,4,10,19,19,12,16,13,6,7,15,3,9,5,12,9,15,14,8,6,12,10,17,6,8,12,11,7
Adhfe1,3,1,6,7,2,1,9,1,2,2,3,5,7,1,4,4,4,1,7,2,2,3,7,1,2,3,5,0,6,6,4,2,2,2,4,4,4,4,2,0,4,2,3,4,0,2
Adi1,665,303,640,906,488,747,796,696,1134,802,816,969,741,841,934,911,771,524,889,787,184,802,992,640,867,858,767,933,1176,942,507,632,758,491,841,612,658,760,804,553,963,901,822,437,704,790
Adipor1,48,32,30,65,27,34,46,21,62,57,65,75,27,48,57,63,62,68,43,40,7,93,38,25,51,41,54,53,40,43,24,28,45,25,37,25,28,34,37,19,60,45,38,20,40,53
Adipor2,1231,575,1294,1518,766,1158,1711,1447,1446,1228,1287,1014,1328,1252,1504,1545,1218,847,1264,1337,413,826,2236,1374,1614,1304,935,1725,1747,1903,1107,1270,1425,1164,1659,1805,1180,1744,1708,1078,2051,1865,1881,1147,1552,1554
Adk,1663,952,1440,2691,1517,1897,2118,1878,3610,2380,2365,3369,2240,2336,2727,2141,1832,1887,2064,1839,576,3037,2935,1809,2230,2095,1888,2137,3003,2277,1153,1683,2095,1491,1871,1843,1760,1756,1924,1497,2946,2591,2069,1294,1804,2010
Adm,4,3,5,9,2,2,7,6,5,4,5,4,7,5,6,1,4,4,5,1,0,2,4,0,5,1,6,1,2,5,8,0,5,3,1,0,3,2,2,2,3,6,7,3,3,5
Adnp2,7,6,4,11,9,5,20,9,12,13,11,19,6,6,10,13,16,10,16,8,4,14,14,2,10,8,6,11,8,8,13,3,8,10,4,9,6,7,3,6,16,8,7,4,9,4
Ado,12,4,13,22,15,15,11,15,16,23,16,32,13,12,33,22,10,20,16,16,4,17,20,13,26,22,14,22,19,22,9,18,21,6,14,10,12,15,8,17,13,16,22,7,20,15
Adora1,24,10,14,42,16,22,20,15,22,19,33,27,29,28,27,59,41,115,54,23,13,149,26,9,20,25,10,25,39,24,58,29,37,39,28,26,27,22,16,13,28,20,17,13,16,24
Adora2a,4,3,1,11,0,1,12,7,3,4,9,6,3,3,5,8,4,3,2,5,4,10,7,2,2,3,1,6,9,2,7,2,2,4,1,0,3,9,6,0,4,3,6,0,2,2
Adpgk,81,45,97,149,69,85,110,100,120,99,127,165,77,95,114,126,124,118,86,80,26,149,99,69,97,66,84,93,107,117,80,75,61,93,85,81,56,75,88,71,107,88,83,62,65,84
Adprh,34,15,16,60,48,23,53,64,71,50,41,61,43,36,52,49,40,70,48,38,17,39,74,42,74,53,52,47,49,54,68,38,47,32,55,41,34,48,55,32,54,48,45,33,38,47
Adprhl2,27,14,28,39,16,17,25,16,18,25,50,38,23,22,29,32,33,42,22,23,10,40,30,11,16,13,30,26,25,34,25,19,22,25,24,16,14,28,18,11,34,25,27,19,19,18
Adprm,54,28,41,62,52,49,59,42,58,37,47,52,59,67,45,60,56,91,57,51,22,98,53,28,31,42,31,32,73,58,44,40,38,19,59,42,33,30,37,23,68,49,48,31,34,44
Adra1a,5,0,10,3,8,6,6,2,5,1,8,2,7,0,9,8,10,2,7,5,0,8,6,1,5,7,3,3,5,7,8,4,7,3,4,6,2,2,3,1,8,7,2,3,4,4
Adra1b,563,253,498,761,672,546,749,704,861,654,713,690,636,528,679,679,612,340,610,549,240,383,772,603,697,758,597,630,921,709,506,451,717,526,712,669,665,645,618,439,926,618,652,579,563,643
Adra2b,16,7,14,17,11,13,19,17,10,16,18,30,13,11,10,16,21,32,32,15,5,30,28,10,13,16,8,23,29,16,11,14,10,10,12,9,14,15,10,5,20,12,13,11,17,21
Adrb1,9,4,3,8,14,11,11,9,8,2,11,9,12,2,12,16,4,13,4,3,3,10,7,3,3,5,12,0,5,9,7,5,3,7,5,3,3,9,2,8,4,4,4,1,3,2
Adrb2,0,0,2,2,2,0,2,3,2,4,3,4,5,0,5,4,3,7,3,2,0,13,1,3,0,0,7,0,4,3,6,1,0,0,0,1,3,2,2,0,2,1,2,0,0,1
Adrb3,31,12,24,41,30,29,32,36,30,36,44,37,35,13,27,69,28,26,46,33,14,19,23,17,56,37,26,37,55,45,7,16,27,19,28,24,22,36,24,15,42,24,31,12,32,25
Adrbk1,97,67,100,115,73,89,137,116,89,83,98,135,79,82,100,134,126,98,110,84,29,70,102,80,99,87,78,66,115,105,190,73,77,131,85,63,87,89,85,65,96,92,80,79,72,73
Adrbk2,13,9,17,39,23,12,29,27,28,9,24,35,23,4,14,21,29,35,28,17,8,22,18,8,21,6,25,10,23,16,18,11,9,15,6,12,18,13,7,8,7,7,12,7,8,8
Adrm1,114,71,123,184,129,126,157,104,113,129,170,182,142,119,147,139,148,141,141,124,27,196,165,96,110,103,141,163,118,136,117,99,156,117,115,124,94,109,120,69,152,95,118,112,85,94
Adss,64,31,66,89,68,84,92,74,93,75,74,107,86,80,97,69,86,133,94,75,38,115,108,55,62,83,54,86,104,117,77,60,70,31,70,62,64,74,73,46,112,80,79,46,49,64
Adssl1,117,48,110,195,78,99,144,101,106,91,86,114,162,105,120,148,141,130,110,113,41,202,154,108,143,146,72,123,201,136,104,76,87,72,149,141,100,104,144,83,158,103,118,131,119,115
Adtrp,24,8,23,41,26,30,25,19,27,25,27,26,16,16,28,23,19,14,15,35,11,25,27,15,18,26,22,34,33,39,24,22,27,20,28,24,22,18,17,16,32,23,24,21,15,13
Aebp1,10,4,8,25,6,8,8,5,11,3,16,10,8,6,10,17,15,27,9,11,4,16,17,5,5,19,20,18,22,23,7,6,8,17,7,5,12,10,9,3,19,6,10,9,5,9
Aebp2,35,22,40,58,29,38,38,37,51,37,54,43,48,37,37,51,56,59,33,34,22,63,37,23,33,40,41,44,51,41,36,29,49,31,42,33,45,29,39,25,57,40,29,32,23,38
Aes,2700,1123,2395,3519,1801,3359,3451,3011,3772,2908,3495,3658,3013,3361,3910,3261,3153,2341,3092,2843,775,3155,4573,2717,3511,2904,3094,3885,4490,4047,2198,2771,3063,2539,3671,3736,2623,3514,4086,2247,4790,3469,3322,2553,3017,2881
Afap1,6,0,3,6,6,3,7,6,8,9,10,11,5,7,3,12,14,12,13,4,1,12,6,5,5,3,6,7,10,9,1,7,1,9,5,4,3,9,6,1,11,6,4,6,4,9
Afap1l1,7,3,3,7,6,6,7,9,5,4,5,8,12,2,6,9,11,4,6,8,4,13,17,2,9,5,5,3,10,9,4,4,8,3,3,8,6,10,6,6,10,2,4,7,6,7
Afap1l2,2,1,3,2,5,1,9,1,1,2,0,3,2,1,2,2,4,6,0,1,2,6,2,2,4,1,0,5,3,2,1,0,1,2,2,0,6,0,0,0,3,2,1,1,1,3
Aff1,84,33,83,109,61,68,104,86,86,86,104,93,93,81,114,97,95,90,86,77,35,129,97,64,80,73,91,81,96,125,78,67,95,73,75,74,75,71,86,46,122,80,106,79,67,80
Aff4,137,71,114,225,131,117,162,103,181,150,204,169,160,134,155,201,194,188,125,91,57,230,161,70,137,127,111,128,151,147,114,80,147,50,108,80,76,114,140,76,172,102,118,62,91,122
Afg3l1,81,41,74,114,66,87,81,51,68,46,108,80,79,90,80,129,110,118,79,65,52,105,88,39,93,80,68,83,83,88,66,73,99,64,87,79,68,77,87,51,118,70,70,64,75,67
Afg3l2,303,193,270,492,281,330,352,367,404,316,367,447,361,304,384,490,487,534,327,310,145,611,420,232,381,374,298,350,462,418,339,272,333,312,361,382,330,321,391,237,520,342,361,310,319,320
Afm,1544,765,1286,1809,1492,1337,1606,1449,2158,1718,1510,2480,1399,1488,1906,2182,1978,540,1459,1522,574,744,2047,1117,1639,1616,1979,1746,2309,1894,768,1042,1566,937,1447,1346,1489,1398,1634,863,1814,1442,1550,1289,1451,1466
Afmid,1066,454,949,1424,514,791,1027,1063,1375,1012,1206,1171,1325,1183,1254,1193,1194,670,1166,857,328,1252,1373,950,1274,1040,884,1136,2100,1084,560,641,1041,831,1048,1097,1033,1063,1279,734,1463,968,1001,784,932,1008
Afp,11,3,3,17,19,9,23,29,21,14,14,26,9,9,17,8,9,91,6,10,3,36,16,6,11,4,10,9,29,13,32,7,14,14,14,9,32,6,3,8,10,8,11,5,6,7
Aftph,104,53,84,135,76,69,98,71,115,87,99,105,88,96,102,139,113,97,90,80,34,137,105,69,73,82,68,90,118,105,67,57,79,45,73,61,88,64,78,40,104,87,92,57,65,66
Aga,92,47,95,161,130,123,153,154,172,101,172,184,130,104,131,171,194,189,120,103,50,198,164,79,138,139,109,130,177,163,125,94,132,87,113,118,132,133,138,75,169,150,124,93,102,129
Agap1,30,9,9,31,23,29,29,26,32,18,41,51,22,21,24,40,50,55,29,19,12,61,27,24,14,25,24,34,29,32,32,9,24,10,22,20,16,19,25,13,49,26,21,20,19,16
Agap2,1,0,0,1,2,2,1,3,2,1,2,3,4,0,0,1,1,6,1,0,1,2,0,0,2,1,1,2,1,3,5,1,0,1,1,3,1,0,2,0,4,3,1,1,1,0
Agap3,126,57,125,233,124,115,148,127,136,125,207,140,128,124,149,175,155,207,121,135,50,194,134,99,145,141,119,131,157,161,128,97,126,108,163,142,128,131,130,100,193,132,138,92,146,145
Agbl3,11,7,13,12,8,15,12,16,17,7,11,17,10,11,12,13,23,12,13,10,6,22,19,5,28,18,9,9,10,13,12,10,11,9,19,13,9,13,11,7,25,7,12,11,5,9
Agbl5,22,14,18,35,20,23,23,22,23,19,28,16,18,18,15,36,37,36,24,20,5,19,27,23,12,29,21,21,34,20,10,14,18,20,13,17,10,23,24,9,26,15,17,21,26,17
Ager,0,0,3,4,1,1,2,6,2,1,1,2,4,2,0,2,4,4,2,2,1,8,4,0,2,0,2,0,0,2,2,3,2,2,0,1,0,1,2,1,0,2,5,2,3,1
Agfg1,26,9,23,27,29,19,17,30,43,26,40,40,31,12,22,38,26,70,40,25,7,55,37,17,26,20,24,27,41,29,22,20,17,18,29,26,17,24,27,13,31,22,27,12,14,21
Agfg2,114,66,100,140,98,115,158,94,146,152,156,187,124,88,138,208,178,114,168,126,55,179,152,99,112,100,115,156,161,125,93,83,134,79,113,83,85,130,115,59,196,105,91,88,87,96
Aggf1,58,38,75,95,62,82,82,97,124,76,113,127,70,82,98,87,92,81,57,74,28,119,97,47,74,94,60,70,98,96,64,44,69,66,78,55,56,72,66,45,90,77,74,59,71,60
Agk,4,3,6,16,9,9,13,7,10,13,11,17,16,9,13,17,24,17,12,9,4,14,15,9,18,12,14,14,22,10,6,7,10,7,17,15,12,9,10,7,20,15,14,15,10,7
Agl,3,1,1,4,3,1,7,2,8,8,6,3,1,3,4,3,5,2,4,3,6,2,2,4,8,2,3,3,11,7,2,2,7,3,2,3,1,4,1,2,3,3,1,1,3,2
Agmat,496,254,641,829,457,740,588,552,735,546,821,655,743,583,793,608,777,659,502,516,211,979,713,496,642,664,534,689,919,787,394,491,561,506,606,496,506,557,548,346,708,601,571,488,483,484
Agmo,2,2,7,6,3,3,5,4,5,5,8,6,6,2,3,3,2,4,4,3,3,0,2,4,3,2,6,3,8,8,2,1,11,2,1,4,4,3,1,3,4,1,2,7,4,4
Ago1,53,17,39,57,51,32,45,46,62,48,54,65,43,33,38,67,51,70,45,37,17,60,56,25,45,47,49,62,78,48,33,17,46,28,44,31,42,42,50,32,43,28,45,29,24,49
Ago2,2,1,0,2,0,3,0,1,1,4,6,4,2,1,0,1,2,4,2,3,0,5,2,1,0,1,0,3,2,4,0,0,1,2,1,2,0,1,1,0,2,3,0,1,2,0
Ago3,11,8,6,9,8,5,5,3,0,4,2,10,5,2,3,4,6,2,1,2,1,7,5,2,4,3,7,3,5,6,3,4,3,4,3,1,2,5,3,0,2,2,5,4,1,2
Ago4,14,7,9,21,13,6,15,11,14,7,12,12,11,14,10,21,21,13,9,8,8,16,15,12,11,18,7,12,11,13,9,6,13,10,17,19,11,11,13,4,23,14,9,9,13,18
Agpat1,19,10,18,28,25,10,24,28,18,19,18,35,19,19,35,23,20,32,24,24,8,15,29,20,18,23,26,23,18,19,34,18,19,19,17,17,15,24,23,16,35,28,25,27,17,25
Agpat2,1140,637,1273,1469,1200,1466,1875,1758,2436,1230,1517,2123,1645,1616,1780,1559,1311,1374,1475,1518,618,1260,2646,1991,1954,1748,1665,2143,2503,2212,1527,1766,1869,1218,2144,2277,1476,1952,2116,1510,2759,2095,2205,1426,1879,1821
Agpat3,185,92,172,273,191,230,216,180,306,206,247,286,311,186,210,282,289,369,199,181,96,382,225,151,216,183,214,192,232,215,126,186,201,174,275,254,182,211,237,115,323,293,245,205,243,239
Agpat4,4,2,4,12,5,13,4,22,8,7,15,6,7,4,6,5,17,15,4,1,4,8,12,2,5,7,4,10,8,7,14,6,7,3,6,3,4,8,6,4,4,2,4,5,7,4
Agpat6,701,397,791,1080,450,813,810,730,796,590,836,749,968,954,911,1114,808,801,696,703,285,957,999,718,777,757,676,943,1317,954,679,678,740,702,1011,1028,775,785,987,503,1303,922,998,785,844,782
Agpat9,11,3,15,32,12,17,9,12,20,12,16,17,18,16,33,16,25,60,13,13,7,51,17,13,12,12,4,6,18,13,22,16,15,10,15,17,14,13,9,9,18,7,13,10,9,14
Agps,1,2,2,5,5,2,4,4,5,1,4,7,8,2,8,1,2,5,9,2,1,8,6,1,7,0,6,1,2,4,3,2,0,1,2,5,0,5,4,1,0,3,2,0,2,3
Agrn,86,42,70,98,86,83,99,104,88,70,129,147,108,64,81,104,104,131,95,68,36,124,95,73,94,95,69,99,81,72,67,73,96,65,86,79,60,78,64,50,132,68,81,52,58,75
Agt,2335,1091,2230,2994,1554,2152,1893,1778,3778,2562,2906,3619,2152,2764,2897,3275,3113,1809,2226,2173,717,3007,2290,1652,2150,1790,2993,2516,3155,2448,1451,1398,1941,1693,2094,1984,1652,1828,2097,1166,2882,1952,2020,1687,1902,1681
Agtpbp1,26,8,11,13,15,28,19,24,26,23,34,35,18,21,19,29,38,29,23,13,15,41,25,4,24,25,23,18,15,20,18,14,18,11,29,18,19,19,22,7,28,16,13,11,15,15
Agtr1a,160,78,160,290,151,157,154,154,253,176,211,220,196,184,187,224,229,251,152,144,58,411,179,78,153,166,136,142,227,188,62,109,123,87,124,129,130,127,149,67,192,140,169,106,123,145
Agtrap,13,10,16,33,9,19,18,15,14,22,33,29,20,19,20,33,13,22,14,16,4,26,24,5,19,19,22,15,14,17,39,8,9,13,4,13,7,18,9,2,14,11,14,4,10,13
Agxt,831,310,917,1245,691,1002,820,963,1295,968,857,1150,753,828,1073,875,766,1120,703,853,239,1772,965,640,1154,906,1141,1149,2207,1124,617,569,806,625,947,734,1005,956,823,552,1216,954,1019,594,974,909
Agxt2,39,19,38,82,66,42,71,64,80,56,55,85,64,62,78,64,56,119,52,46,30,140,78,49,74,70,66,78,116,63,76,41,61,37,53,48,54,58,56,44,97,75,76,41,51,45
Ahctf1,121,78,127,185,127,146,169,113,161,154,130,184,139,156,136,185,183,104,150,108,50,146,161,80,150,129,128,150,173,129,72,97,146,93,111,116,118,124,155,77,176,100,108,96,103,122
Ahcy,1229,583,1150,1702,875,1477,1119,963,2532,1412,1588,1849,2034,1848,2036,1607,1435,1226,1134,1207,426,2874,1722,1125,1572,1503,1187,1553,2441,1860,715,1091,1385,883,1445,1403,1334,1200,1608,935,1806,1544,1425,1091,1399,1292
Ahcyl1,57,37,57,79,73,67,71,86,101,104,75,108,60,79,87,116,101,94,59,81,26,96,116,64,92,89,74,98,115,84,46,46,80,16,79,85,58,74,75,44,71,80,99,54,47,68
Ahcyl2,45,36,39,57,49,55,61,58,52,53,63,82,45,39,48,69,45,61,61,47,25,51,78,37,63,60,53,67,56,67,52,51,46,43,55,52,26,52,60,40,120,62,50,43,43,39
Ahdc1,34,21,26,43,27,26,33,30,36,37,34,39,43,39,38,34,37,40,32,31,10,16,38,20,31,13,32,43,51,29,20,15,34,28,24,28,21,16,25,19,39,18,18,12,23,24
Ahi1,7,1,3,2,2,3,5,3,4,4,4,11,3,5,8,4,2,12,3,5,0,8,4,1,7,5,2,6,8,6,4,3,5,3,1,6,3,6,3,1,5,0,4,3,2,2
Ahnak,54,30,48,87,75,39,89,60,77,57,82,64,81,43,57,62,78,104,72,55,21,67,83,35,69,56,43,61,80,86,60,32,55,42,46,48,52,61,51,46,72,54,61,36,48,39
Ahr,31,27,47,75,62,49,55,40,85,49,65,61,77,50,82,41,56,57,53,45,21,80,50,28,43,54,41,34,73,57,46,31,38,34,38,22,30,27,34,16,62,27,41,35,22,39
Ahsa1,123,72,103,147,100,106,124,90,132,129,169,193,110,111,142,149,158,129,146,109,28,123,139,101,122,111,138,168,141,146,133,90,137,124,117,116,96,99,140,77,185,105,91,102,91,93
Ahsa2,8,5,4,12,3,5,10,10,12,7,13,15,7,7,6,5,11,5,10,9,2,8,6,3,2,8,12,8,6,13,8,9,9,3,7,4,9,7,4,4,10,5,6,6,8,8
Ahsg,26723,13546,24388,46160,31636,26260,32192,25608,66852,29831,38912,61086,31335,30033,39626,36220,41407,36207,27994,32264,13091,34229,24866,16745,33142,38869,41443,34057,38172,39811,13756,18021,25690,18409,24545,20489,27923,29251,32525,19593,37410,33698,19950,23292,28318,28166
Aida,26,7,16,29,22,21,22,24,23,14,26,28,20,9,18,30,15,59,21,22,14,33,12,17,20,21,13,19,25,18,41,10,14,15,8,17,12,17,13,4,20,18,12,11,20,12
Aif1,70,53,89,150,72,43,142,164,56,63,129,117,61,27,110,96,81,100,40,72,40,89,92,56,108,52,101,47,96,80,369,45,72,106,56,77,78,75,51,28,58,72,117,67,47,77
Aifm1,372,178,348,519,427,432,432,447,484,412,448,529,457,407,492,488,564,581,417,370,183,698,532,324,479,409,354,474,576,487,342,332,511,343,450,437,388,427,441,241,715,450,435,360,360,405
Aifm2,142,63,101,197,88,96,123,89,139,129,191,156,126,158,153,204,173,213,126,116,50,204,152,76,106,121,113,132,155,112,159,110,125,106,145,113,102,118,133,90,171,113,131,93,140,124
Aifm3,34,16,30,45,22,27,37,31,37,33,45,37,48,30,43,63,43,22,36,46,9,34,37,32,30,40,31,48,52,44,39,41,23,30,31,37,37,37,45,23,59,42,38,38,23,37
Aig1,13,5,8,15,16,8,5,9,16,9,11,19,9,9,11,7,11,37,10,12,3,17,13,6,7,5,7,6,26,8,17,4,6,10,13,11,8,11,4,6,10,4,16,3,4,7
Aim1,67,23,48,125,91,75,111,79,113,64,109,84,115,89,95,111,107,225,68,66,24,197,101,52,109,91,86,65,135,108,180,38,49,65,92,53,57,87,64,66,117,73,76,62,66,68
Aim1l,12,5,19,30,7,17,21,18,22,24,19,4,20,35,24,15,18,9,7,17,1,15,14,20,22,17,5,7,22,15,18,6,18,9,10,19,7,10,26,8,18,14,9,10,2,5
Aim2,3,1,4,12,6,4,11,9,10,5,15,6,4,5,8,8,6,11,4,2,5,10,5,3,5,2,8,5,2,7,20,5,4,3,3,4,3,3,1,0,2,2,3,1,0,1
Aimp1,237,109,251,383,196,198,291,242,370,232,353,396,279,250,265,354,388,398,282,249,90,438,299,196,229,256,242,282,298,317,242,178,233,217,251,255,209,233,305,167,367,256,246,184,209,253
Aimp2,101,46,83,115,83,84,106,88,124,79,96,175,103,84,99,124,110,186,90,73,42,162,131,66,104,92,87,106,103,117,99,84,93,63,91,69,67,88,123,51,137,73,98,76,83,71
Aip,97,49,87,138,67,106,124,103,106,100,161,156,103,106,118,114,127,112,101,111,38,125,118,73,105,66,103,132,142,78,126,76,95,93,105,85,82,94,97,49,137,103,91,84,75,104
Airn,3,1,5,7,4,4,4,2,0,2,2,4,0,1,4,4,5,15,5,2,1,12,6,1,0,1,3,2,0,2,3,3,1,4,2,0,1,1,1,2,1,0,0,2,1,3
Ajuba,22,27,26,25,43,26,48,42,31,27,36,65,30,21,20,18,18,146,21,36,14,92,31,15,29,29,32,22,35,50,31,15,34,13,25,16,29,21,27,19,38,34,34,18,40,25
Ak2,1720,971,1656,2562,1269,1791,2233,2001,1370,1582,2114,1487,1787,1765,2020,2765,2468,2383,1634,1516,692,2212,2269,1426,1776,1787,1506,1973,2722,2161,1799,1876,1786,1571,2203,2231,1800,2005,2095,1175,2499,1938,2056,1681,1833,1750
Ak3,983,494,972,1510,899,1024,1235,950,1968,1305,1509,1679,1160,1274,1515,1374,1497,1023,1178,1140,404,1293,1396,1027,1117,1371,1241,1672,1968,1656,735,869,1164,726,1550,1084,1144,1342,1302,590,1738,1426,1325,720,1259,1444
Ak4,220,107,171,268,121,174,192,143,214,164,211,197,184,179,189,222,251,209,225,141,69,240,217,149,149,161,131,160,250,174,88,107,170,100,179,149,117,134,149,101,194,133,136,97,128,148
Ak6,74,51,39,122,66,72,68,64,90,49,69,82,78,92,71,105,86,139,65,73,33,142,81,45,65,70,62,70,86,80,50,43,73,52,87,51,61,57,75,37,123,82,59,47,56,63
Ak7,3,0,1,4,7,5,1,7,9,3,5,5,3,2,4,8,7,3,3,4,1,2,2,3,5,4,6,5,3,3,7,2,5,4,3,1,2,10,5,1,6,7,1,0,4,0
Akap1,415,237,420,687,286,455,487,396,437,415,572,517,454,402,524,627,528,397,468,402,130,467,531,333,413,357,375,536,597,515,345,356,395,354,483,430,307,389,473,238,538,391,411,280,380,295
Akap10,20,13,30,40,23,28,34,23,21,20,30,34,33,15,22,23,24,30,23,18,7,39,28,22,31,16,16,24,23,35,25,22,18,19,23,29,21,19,25,12,40,25,26,16,16,18
Akap11,71,37,62,133,78,63,67,61,106,70,106,95,94,83,93,104,100,99,89,53,26,148,87,52,85,65,66,65,128,100,74,58,80,43,64,60,74,74,70,36,99,72,75,74,70,58
Akap13,178,80,147,263,201,157,159,167,170,190,237,192,165,129,169,253,242,241,196,113,110,211,207,106,165,142,157,152,176,173,203,125,176,128,148,173,146,125,188,86,233,161,167,112,167,139
Akap17b,3,2,4,1,1,3,5,0,2,3,0,6,2,1,5,6,1,2,5,5,0,3,2,3,4,0,3,4,2,0,2,3,1,1,2,2,4,2,1,0,0,3,5,0,1,0
Akap7,3,1,1,10,2,7,7,4,4,6,5,3,6,10,6,7,6,8,2,7,1,8,4,5,3,7,2,2,5,11,3,6,5,1,6,3,2,3,3,1,7,4,5,4,2,4
Akap8,47,17,52,70,46,46,66,51,78,50,82,78,52,55,59,57,69,68,58,38,20,85,64,32,57,54,42,52,67,44,41,41,39,19,35,41,42,51,23,21,45,28,34,34,43,32
Akap8l,102,50,79,162,85,89,107,103,97,91,151,94,85,67,95,141,127,75,109,76,32,115,82,33,66,82,78,97,96,95,73,47,88,84,72,69,69,67,78,41,108,60,69,61,61,66
Akap9,45,11,48,89,45,42,61,47,55,47,50,59,49,46,48,77,64,84,38,37,23,95,54,30,49,50,60,50,54,53,56,41,50,27,48,50,52,41,32,20,79,54,58,36,25,47
Akip1,157,61,144,197,103,159,166,138,183,137,173,132,157,131,166,249,235,171,161,134,56,166,198,111,145,158,120,237,232,287,141,122,164,91,171,146,107,166,188,82,200,160,180,116,163,168
Akirin1,60,24,71,83,89,56,95,68,119,41,79,112,93,63,76,68,64,95,56,61,36,114,98,43,59,57,73,78,80,87,59,42,65,44,63,59,64,70,74,36,122,59,68,56,51,63
Akirin2,68,38,72,123,56,76,84,88,103,78,86,96,79,74,90,91,88,95,51,55,27,89,106,49,60,60,77,95,79,90,75,49,72,38,70,72,63,70,66,30,98,65,77,46,50,65
Akna,2,6,11,8,3,5,8,13,6,2,9,4,5,3,8,8,7,8,6,3,2,9,7,3,5,3,7,3,9,3,17,4,3,3,1,6,7,9,4,0,4,7,9,0,3,6
Akr1a1,2914,1292,2292,3733,1949,2508,2880,2724,2941,2926,3501,3264,3368,2707,3438,4195,4015,3725,2874,2723,1220,4445,3180,2253,2830,3216,2260,3574,4017,3790,4091,2467,3220,2080,3323,2263,2488,2945,2716,1863,4094,3314,2921,2208,2741,2920
Akr1b10,16,7,15,21,14,5,17,22,13,9,17,22,15,12,12,22,9,20,9,12,2,19,8,6,23,7,18,8,10,14,41,7,12,10,5,5,2,9,9,1,10,6,12,6,13,11
Akr1b7,2,1,0,11,5,2,1,2,5,2,0,3,2,4,1,0,2,110,0,1,1,109,1,2,0,0,3,0,3,0,0,1,1,1,2,1,2,3,0,1,0,1,0,2,0,0
Akr1b8,7,9,11,12,7,12,16,5,11,5,16,5,6,9,6,13,10,24,8,7,3,23,11,8,4,12,14,13,11,11,10,7,14,8,7,7,7,14,10,3,4,7,15,7,5,13
Akr1c12,134,46,135,65,80,87,170,87,87,81,98,102,87,130,114,88,85,100,253,125,58,54,144,40,69,60,51,58,106,101,43,51,59,33,36,45,41,61,76,25,70,50,25,23,38,27
Akr1c13,186,72,138,92,80,115,175,85,165,111,136,108,113,143,130,118,93,122,256,170,51,82,153,38,73,100,51,71,138,141,81,58,75,44,49,39,26,77,72,47,76,39,21,20,21,36
Akr1c14,646,335,388,752,385,444,563,416,708,834,624,688,604,758,907,1088,932,260,897,597,241,476,819,341,604,610,479,679,745,902,418,408,603,269,586,467,427,610,530,340,789,594,431,352,496,514
Akr1c19,2,4,18,8,6,10,11,6,4,8,9,6,7,9,8,4,13,5,26,15,3,13,9,6,6,4,7,9,12,4,9,9,8,3,5,6,6,9,10,5,9,4,5,4,5,6
Akr1c20,42,21,29,53,25,30,36,26,61,52,46,55,42,49,73,46,35,27,44,50,16,22,50,22,46,30,38,54,40,43,32,31,54,34,35,27,30,40,40,22,64,53,28,32,26,24
Akr1c6,2407,1070,1745,3532,2046,2170,2864,2344,2354,2671,2546,2452,2941,2190,3367,3087,3236,1178,2891,2840,1270,1623,3380,1717,2989,2897,2259,2898,3945,3435,2280,1809,2758,1448,2535,2180,2374,2641,2644,1440,3482,2563,2349,1974,2149,2207
Akr1d1,481,251,415,816,624,496,607,531,1176,714,500,838,890,804,724,502,577,434,581,676,270,1187,823,623,636,676,626,713,1229,762,452,401,650,406,580,637,578,599,820,457,814,777,672,585,683,660
Akr1e1,104,39,97,144,119,113,140,107,127,108,136,152,111,101,126,103,136,114,110,133,35,96,151,88,122,134,104,145,183,184,73,103,135,69,116,110,112,111,117,84,164,144,132,86,121,99
Akr7a5,1117,509,882,1436,483,923,1093,1132,1317,1129,1300,1277,1248,1128,1307,1561,1394,904,1140,1017,319,1390,1002,788,1189,1113,1100,1389,1664,1303,1025,923,1146,945,1240,1097,922,1094,1389,793,1742,1386,1172,781,1061,1094
Akt1,293,177,301,385,261,296,372,376,460,333,415,490,304,289,299,342,345,495,320,304,88,496,292,183,285,249,370,264,368,330,291,209,246,261,311,219,194,312,342,168,368,288,309,200,239,269
Akt1s1,192,87,194,244,168,264,228,223,193,186,287,209,168,184,210,243,254,314,205,167,57,317,247,121,179,157,177,219,264,259,179,130,187,153,190,195,148,215,213,141,228,174,214,169,180,151
Akt2,60,34,63,89,37,45,68,58,71,48,61,79,53,44,67,79,71,67,65,59,17,51,65,51,45,46,45,53,63,61,46,39,56,46,56,37,39,44,50,25,57,46,48,52,59,50
Akt3,3,1,4,5,2,5,4,2,2,2,7,13,7,5,4,5,5,11,5,1,3,9,4,3,4,3,3,0,8,3,16,5,1,6,4,2,3,5,6,5,4,0,5,4,6,6
Aktip,30,17,23,32,26,22,40,39,36,26,27,45,28,21,31,43,40,56,34,24,19,49,28,22,29,27,24,36,28,34,22,20,33,15,38,26,30,26,27,16,37,32,39,14,28,17
Alad,49,42,46,54,34,40,41,33,19,45,36,86,42,31,71,13,21,9,28,30,18,7,37,20,25,33,33,28,60,41,27,14,21,17,31,7,25,26,26,12,32,16,29,23,23,24
Alas1,2202,1364,2929,3814,2022,1430,4389,1660,2712,1773,4534,4034,2616,1968,1808,2697,3105,3467,1983,3479,1440,3440,2515,1589,1780,1161,2460,3177,2399,4066,2230,1701,2140,1206,1544,1645,1213,2005,4335,751,2353,2368,3218,3126,3363,2798
Alas2,269,115,242,432,155,429,428,428,214,269,430,390,312,338,504,398,307,97,324,286,98,93,612,360,586,548,392,525,666,712,348,443,509,478,569,553,505,487,681,468,910,669,540,429,486,414
Alb,205865,87434,161642,203302,198893,163578,216273,180704,215975,158491,167029,299097,191692,205335,213072,203816,187000,199646,179116,199206,89146,224650,248684,121744,158625,172272,220617,202506,261186,188598,110645,142070,164754,134814,190914,181752,169705,177310,197944,118921,168857,158166,155163,128822,150509,160659
Alcam,35,22,42,68,82,38,48,34,64,50,50,74,57,31,56,59,46,77,53,39,17,52,43,22,45,45,39,30,41,36,20,26,40,31,34,22,33,31,23,22,55,19,21,36,34,35
Aldh16a1,323,164,325,460,249,360,322,344,540,342,406,524,347,345,388,435,371,448,335,281,97,475,358,226,334,298,292,313,376,298,249,196,275,247,332,231,235,334,270,159,453,285,254,193,269,250
Aldh18a1,1,0,2,6,4,0,3,4,0,0,3,8,1,2,1,5,5,8,2,3,1,2,0,0,1,0,5,1,4,1,5,0,1,0,0,1,0,2,1,1,0,0,1,3,1,1
Aldh1a1,4092,1660,3634,5028,2797,5400,4011,3978,4968,5623,5292,4396,5917,4570,7139,5039,5918,2666,4681,5490,2148,3081,6387,3643,4895,4564,4608,6420,7257,6793,7024,4258,5496,3209,5717,5510,3090,5120,5922,3079,6233,6170,5532,3143,5070,5254
Aldh1a7,540,286,463,843,676,544,828,859,721,472,501,746,617,630,658,591,507,743,561,748,268,738,1162,590,818,734,543,830,1255,931,983,731,777,618,756,891,793,863,835,610,1085,876,1056,606,742,913
Aldh1b1,160,124,214,334,401,224,399,479,727,251,190,437,425,292,271,160,151,717,208,257,83,765,411,375,438,335,443,346,1036,422,457,346,277,475,300,425,536,324,370,327,519,555,371,372,369,399
Aldh1l1,2575,1501,3659,4363,3855,3195,4116,3767,6427,2684,2898,3831,4468,4305,3347,3446,2390,1515,2289,2958,1040,3276,4780,4285,5091,4675,3531,3891,7261,4595,3777,2836,3720,3217,4384,4080,3584,3773,4087,3211,6351,4801,4743,3323,4017,3957
Aldh1l2,4,2,1,2,1,0,2,3,2,0,4,6,1,2,4,6,15,13,7,1,0,6,2,0,0,0,1,0,0,0,1,0,1,0,0,1,1,1,1,1,2,0,0,0,0,1
Aldh2,216,92,180,297,206,176,238,184,205,226,309,227,199,202,234,303,256,149,203,220,87,191,189,170,209,167,226,209,226,271,164,180,263,190,214,189,170,170,251,114,311,212,193,182,209,201
Aldh3a2,1501,598,868,2146,371,1515,1474,1122,519,1392,1849,666,1459,988,1833,2333,2578,2393,1867,1294,756,1967,1861,996,1084,1157,497,1610,1318,1915,1388,1753,2395,1869,1744,1715,1065,1601,1988,914,2071,1583,1571,1344,1304,1363
Aldh3b1,22,15,25,57,70,15,32,50,37,27,50,45,29,21,34,34,34,44,26,23,12,55,34,13,38,31,37,21,35,28,97,26,22,23,21,20,26,40,18,10,39,23,28,32,16,18
Aldh3b3,0,0,1,2,8,1,0,2,10,2,1,0,3,0,1,2,5,2,2,2,2,0,2,1,0,1,1,1,7,0,6,1,1,0,0,3,4,2,0,0,3,1,2,1,1,2
Aldh4a1,1379,635,1402,2109,1072,1725,1811,1515,2068,1433,1668,1428,1905,1576,1762,2018,1904,1137,1333,1527,558,1513,2372,1499,2049,2039,1493,1950,3830,2341,1227,1299,1646,1433,2134,1970,1951,1865,2239,1155,2980,1989,2253,1568,1995,1862
Aldh5a1,17,12,21,26,19,21,22,16,19,42,34,37,27,29,30,33,31,13,27,20,5,30,33,26,26,26,30,25,45,20,6,23,32,11,27,27,24,34,30,10,28,26,33,15,24,31
Aldh6a1,377,207,301,522,294,430,452,311,589,527,560,539,467,463,575,547,532,365,530,414,181,641,571,325,444,412,315,586,727,571,344,341,521,150,449,402,445,385,396,269,543,471,472,309,367,433
Aldh7a1,3,4,4,9,6,8,6,2,2,7,8,6,4,7,5,7,5,3,1,4,0,1,10,4,11,1,6,8,10,9,4,1,5,5,4,2,4,9,10,1,7,11,9,4,4,4
Aldh8a1,1070,483,1084,1639,1229,1380,1266,1264,2028,1433,1334,1622,1540,1464,1468,1516,1400,1228,1197,1282,575,1887,1883,1168,1564,1540,1199,1580,2223,1569,987,1055,1460,944,1536,1613,1355,1427,1587,965,2106,1712,1467,1113,1364,1395
Aldh9a1,511,264,435,745,311,533,589,570,533,571,627,736,555,434,591,614,546,655,546,505,165,749,726,331,446,537,422,623,830,679,391,434,526,376,573,553,411,539,530,316,616,463,667,330,414,453
Aldoa,399,299,455,680,319,279,520,417,279,475,472,468,454,378,410,480,546,855,447,386,124,739,571,274,341,370,276,430,417,320,636,231,377,338,383,395,284,449,357,279,557,422,501,387,406,455
Aldob,15067,8527,15465,21539,13712,15920,21673,15915,24590,16825,16640,20395,21081,24802,22956,21626,23356,21969,16205,17384,7731,27090,27031,15701,17844,19380,13665,19301,24531,21430,13066,16836,19545,14104,19019,21614,15618,17964,20682,15385,23216,22288,19136,14708,17401,19080
Alg1,141,80,133,200,92,133,127,133,181,133,178,197,150,138,176,216,177,231,132,98,52,217,120,83,131,177,114,141,178,180,133,99,124,87,149,127,111,118,156,81,179,156,152,92,102,123
Alg10b,5,3,12,11,7,5,11,15,11,6,8,8,5,13,8,10,11,5,10,9,8,12,5,6,3,9,8,10,10,11,9,2,5,3,10,6,5,7,10,5,7,11,11,9,9,5
Alg11,26,16,37,26,26,35,25,18,39,34,30,48,23,33,37,32,33,26,25,24,13,34,23,16,27,32,27,38,40,32,18,21,26,10,12,18,26,23,23,15,35,37,18,16,21,28
Alg12,8,7,16,16,8,21,11,8,17,6,13,37,10,5,18,16,16,15,8,15,6,10,16,10,6,15,13,21,2,22,11,13,12,10,17,10,6,15,10,6,18,6,11,8,10,6
Alg13,12,9,9,21,14,17,13,11,13,21,15,27,18,12,21,13,20,25,18,16,5,24,13,5,21,14,16,18,15,27,10,14,11,3,13,13,14,16,9,6,12,15,14,7,9,14
Alg14,106,62,96,139,104,95,111,89,130,102,109,117,121,90,124,148,132,146,92,96,50,119,135,55,112,114,71,112,118,142,106,91,135,98,102,114,96,111,127,66,164,100,114,69,99,84
Alg2,33,30,31,43,45,39,47,38,39,39,37,108,34,30,42,45,58,58,36,48,17,49,55,32,27,35,48,32,44,46,46,36,38,24,29,24,27,41,44,17,66,33,35,23,43,55
Alg3,69,28,55,96,83,64,117,109,114,83,98,132,66,82,108,93,86,209,88,77,20,124,111,57,87,78,79,104,100,114,81,61,76,53,52,82,75,80,107,63,124,104,88,71,94,70
Alg5,211,107,225,285,208,204,288,221,366,205,311,375,222,242,276,258,212,410,245,216,82,389,345,154,237,180,225,269,270,279,221,171,206,142,266,194,183,231,228,169,303,219,212,189,216,195
Alg6,33,18,32,48,37,44,47,42,59,54,72,61,38,42,53,46,45,70,54,44,21,56,56,23,41,49,32,42,60,59,34,27,48,22,48,31,26,46,33,23,53,39,25,34,24,39
Alg8,14,7,13,18,19,13,23,10,20,12,14,20,13,12,10,9,8,29,25,22,8,12,9,11,2,4,11,12,15,18,8,9,4,4,13,8,7,10,10,9,11,3,7,4,4,6
Alg9,57,29,61,57,45,64,88,80,84,64,64,57,66,56,74,91,85,101,62,71,28,64,79,40,67,57,47,59,86,80,88,48,71,44,76,64,64,64,76,45,88,89,75,68,68,71
Alkbh1,12,14,26,35,12,21,27,16,17,16,21,25,33,16,25,17,19,15,8,17,5,36,17,13,16,20,21,12,11,26,16,4,20,16,18,15,13,20,16,10,26,12,12,17,9,12
Alkbh2,54,31,41,62,27,45,54,54,54,35,80,103,32,29,32,79,67,75,58,43,13,79,47,24,28,36,46,38,49,39,34,35,28,40,36,32,36,36,28,16,44,39,32,31,28,27
Alkbh3,100,54,95,158,120,126,141,151,152,118,167,152,135,113,135,133,145,248,114,120,61,209,143,99,120,140,114,129,174,157,102,87,146,59,139,111,105,113,138,63,159,136,139,112,131,117
Alkbh4,31,13,21,65,22,19,38,17,31,29,45,51,31,41,43,32,35,46,19,28,7,37,34,14,24,32,30,29,25,47,29,15,18,24,32,10,19,28,27,21,23,28,21,21,28,22
Alkbh5,14,11,22,16,10,13,15,0,22,16,36,21,19,20,19,18,24,10,22,22,9,13,26,11,12,13,19,13,17,17,8,10,15,9,12,31,13,19,28,8,25,18,12,12,12,11
Alkbh6,85,59,72,158,79,86,148,118,103,87,119,129,111,92,125,140,131,191,98,96,39,172,125,88,113,125,97,141,151,88,101,85,90,90,92,82,77,110,109,50,141,85,78,74,84,69
Alkbh7,145,68,120,170,165,130,186,217,208,183,159,235,178,125,144,198,171,195,191,162,66,239,240,145,193,176,169,197,308,182,156,119,178,135,170,142,172,176,169,145,231,189,202,149,206,147
Alkbh8,11,5,5,10,4,4,11,8,7,4,7,15,5,2,10,9,12,6,6,7,7,5,9,8,2,3,4,8,3,9,6,7,6,3,4,5,2,7,3,6,6,0,6,5,5,5
Alox12,3,4,3,1,3,9,5,4,2,4,6,4,5,1,3,3,5,1,10,4,1,8,9,3,10,7,4,1,2,9,9,5,3,4,6,2,3,8,4,4,4,1,5,3,2,4
Alox12e,0,2,0,2,0,1,3,0,0,1,3,2,6,3,2,2,1,1,2,1,1,0,0,0,0,0,0,1,0,0,3,0,1,1,0,0,0,0,2,0,2,1,0,0,0,1
Alox5ap,19,7,18,22,15,8,22,17,23,15,33,21,14,12,17,17,22,20,11,6,7,29,16,6,19,7,12,11,8,12,44,2,10,6,5,8,12,8,8,8,13,10,10,4,10,8
Alpk1,1,0,4,5,10,6,4,9,30,1,7,10,0,2,4,2,0,5,2,1,3,4,6,0,3,3,7,1,2,3,5,0,2,1,2,3,0,5,0,3,5,6,4,3,1,3
Alpl,92,47,73,159,79,44,64,72,74,72,96,143,106,92,94,104,173,194,100,82,36,176,106,58,53,61,70,106,101,60,100,64,67,80,76,59,73,94,91,64,95,96,65,66,63,77
Als2,282,157,269,374,266,333,499,385,319,308,417,315,266,169,328,452,413,273,425,277,123,366,538,274,328,332,349,322,369,359,181,195,396,285,342,316,270,364,360,184,421,319,447,240,328,270
Als2cl,86,45,104,138,57,62,105,74,89,80,114,112,89,83,80,103,84,118,67,81,22,125,116,62,49,77,61,76,89,86,56,59,100,75,67,48,56,71,61,45,130,65,63,63,73,49
Alyref,45,33,31,43,41,45,39,42,70,62,54,66,52,54,46,55,59,72,32,51,16,57,69,28,40,37,58,38,51,53,51,29,45,31,35,43,47,45,41,24,50,39,45,47,54,49
Alyref2,17,7,7,9,8,7,11,8,18,13,10,16,8,9,11,13,12,8,6,6,3,7,16,10,13,10,11,15,14,15,8,4,12,7,8,12,7,8,7,5,12,10,15,10,10,5
Amacr,4,1,1,5,2,2,2,2,7,6,5,8,2,4,0,5,2,2,3,1,0,1,4,1,1,2,2,4,5,3,3,1,6,0,0,2,2,2,1,2,4,2,4,5,3,3
Ambp,14778,7477,17722,21442,36053,18930,19049,17397,50631,13960,20411,30722,16705,16666,20223,20451,19213,13752,14780,18273,7389,16264,21263,13140,23983,23836,21304,18084,22277,22494,16703,10825,17235,11312,17249,16321,13726,16926,17362,12768,26979,19265,15892,15261,14602,14741
Ambra1,60,38,57,78,46,51,60,64,52,48,64,78,66,55,55,61,55,68,39,54,8,90,69,49,45,55,54,66,77,60,43,42,55,55,43,73,41,69,54,50,68,54,59,39,58,65
Amdhd1,646,273,630,936,364,704,617,445,856,666,647,776,642,653,749,813,679,681,509,557,170,1292,701,552,723,663,563,747,1198,748,306,502,585,466,727,612,692,649,639,439,699,776,649,423,546,710
Amdhd2,142,59,105,202,84,113,146,117,123,150,174,163,139,119,154,177,156,275,142,144,40,276,133,88,125,113,112,135,158,135,154,96,134,80,142,125,79,140,115,97,168,136,134,100,126,129
Amer2,7,1,1,4,1,3,5,1,3,3,1,5,0,4,1,6,6,2,6,4,1,7,5,0,5,0,2,2,4,0,0,0,2,1,2,0,3,1,3,1,1,1,4,1,5,1
Amfr,846,423,821,1332,864,949,1045,858,1454,1010,1250,1429,1036,923,1138,1374,1268,971,950,981,343,1328,1144,667,945,874,1043,1042,1281,1139,711,778,965,715,1077,892,894,992,1000,599,1275,1018,1064,684,808,850
Amhr2,1,0,0,2,1,3,2,3,5,2,5,0,0,1,5,1,3,12,3,2,1,3,1,0,3,2,1,5,6,2,2,3,3,3,2,1,2,1,2,3,1,5,3,0,2,1
Amica1,1,4,6,8,6,3,8,5,4,2,8,3,6,6,4,4,4,6,1,3,1,9,3,3,5,2,8,3,8,3,7,6,4,3,6,2,1,2,1,3,6,2,1,1,5,3
Amigo1,10,6,5,9,6,8,0,5,7,10,12,12,3,10,6,15,7,4,16,5,4,7,10,3,6,15,11,11,6,4,4,2,3,2,8,5,8,8,2,3,10,7,4,6,9,8
Amigo2,21,14,22,60,35,25,23,29,46,30,31,29,33,45,40,37,64,30,30,32,12,32,17,22,30,20,20,20,37,36,21,15,29,24,26,25,15,27,28,9,43,28,24,23,35,25
Amigo3,3,1,6,9,6,4,5,9,0,2,10,23,6,6,3,0,1,9,1,3,1,2,5,4,9,5,3,2,7,4,10,0,5,7,4,1,2,6,3,4,7,2,1,1,1,7
Ammecr1,4,2,2,2,2,2,3,4,0,1,1,1,1,1,2,6,3,2,3,2,1,5,3,0,1,1,3,1,0,2,1,3,2,1,0,0,1,0,1,0,2,0,0,1,1,1
Ammecr1l,80,57,91,132,88,87,101,81,117,120,111,120,107,100,115,134,119,98,81,78,27,115,122,71,106,85,102,102,129,99,85,72,109,40,85,84,79,73,82,47,132,101,74,69,92,76
Amn,1,0,1,4,4,0,3,2,7,1,2,2,1,1,1,1,3,8,4,3,1,0,1,1,2,1,0,3,0,1,4,0,2,1,2,2,2,0,1,6,4,1,1,2,1,0
Amn1,16,10,9,39,9,14,9,10,13,19,16,15,15,11,16,14,22,22,17,16,2,20,11,9,18,13,5,12,9,13,9,8,11,7,4,9,19,10,13,4,19,11,11,9,12,11
Amot,2,2,0,5,2,2,4,4,7,4,3,3,3,4,0,4,4,2,2,7,1,8,4,0,4,10,1,7,3,0,1,2,2,1,0,2,1,4,0,1,3,2,2,2,0,1
Amotl1,12,14,18,15,10,19,21,20,21,12,28,12,22,20,12,25,24,14,14,17,7,11,25,11,13,17,10,22,27,24,10,7,18,14,14,18,9,24,13,12,30,20,19,18,22,16
Amotl2,84,49,68,141,53,76,96,81,82,92,122,90,116,76,114,101,118,154,90,71,40,120,118,61,101,95,65,95,160,145,88,75,116,63,112,78,94,83,117,56,118,70,95,61,87,81
Ampd2,110,84,116,134,104,109,152,162,133,107,131,288,101,107,115,163,165,152,109,127,42,122,136,100,99,106,117,128,162,135,110,89,127,96,116,127,96,121,142,73,215,108,106,96,110,91
Ampd3,2,2,4,12,5,4,10,10,6,2,6,12,6,5,4,5,7,3,5,2,4,9,4,2,11,5,2,7,6,2,5,2,5,2,1,2,2,4,2,2,5,4,8,4,2,6
Amy1,188,64,175,113,139,199,229,151,242,126,154,232,189,231,158,95,133,331,257,178,91,258,243,71,123,98,85,97,237,182,66,97,122,62,72,75,50,120,128,96,145,62,32,48,57,46
Amz1,1,4,6,19,3,3,12,9,5,3,6,4,4,2,3,4,2,13,4,6,5,8,4,2,2,2,1,2,8,3,25,2,3,8,1,5,3,6,1,1,2,4,4,7,2,4
Amz2,20,6,17,37,32,20,26,20,38,35,30,36,18,20,30,41,37,44,20,18,6,46,35,18,21,28,31,34,38,36,27,18,34,20,29,32,21,31,30,23,40,32,28,10,23,25
Anapc1,11,6,7,17,18,15,19,21,26,19,12,28,15,16,11,13,15,24,21,12,6,21,21,15,18,14,16,16,16,22,15,10,17,21,20,11,18,26,11,7,38,15,8,13,14,12
Anapc13,625,294,521,855,591,598,710,658,757,561,895,804,718,620,723,668,843,791,676,653,309,831,819,504,789,680,609,646,836,835,566,536,817,505,690,702,644,605,706,429,941,685,569,564,637,531
Anapc15,47,28,51,82,58,54,73,68,72,49,70,51,50,61,84,63,62,75,54,46,14,79,60,42,59,56,56,74,82,64,69,49,54,48,63,40,54,43,38,32,83,61,67,29,50,50
Anapc16,173,88,146,262,93,198,219,153,230,162,200,186,200,183,223,196,210,163,163,148,61,195,294,152,206,186,131,199,235,238,129,142,149,130,246,211,172,196,217,132,275,230,226,157,184,198
Anapc2,174,86,177,281,152,206,206,217,278,182,232,237,166,151,203,256,245,315,194,159,79,219,262,137,204,214,184,211,276,212,243,154,194,156,151,210,166,208,190,112,323,192,246,153,176,183
Anapc4,51,30,68,87,55,60,92,58,83,49,67,112,64,46,75,56,78,131,49,67,34,101,71,48,94,70,49,62,85,82,38,43,58,50,66,58,52,69,53,39,77,59,59,67,48,50
Anapc5,304,166,262,358,203,252,338,271,376,287,383,395,263,268,309,423,398,494,282,288,104,434,334,183,288,275,218,298,372,325,259,229,269,261,309,265,228,325,312,174,393,287,311,215,293,253
Anapc7,76,36,60,133,66,74,84,98,78,82,104,85,94,85,78,104,131,139,79,70,20,118,104,66,77,85,77,112,125,96,77,55,91,79,79,100,63,83,106,58,103,83,95,87,74,92
Ang,1744,822,2759,3215,3399,2698,1396,1922,5743,1960,2914,4360,1937,1617,2403,2236,1969,592,1268,2420,750,1189,1238,768,1875,1901,2755,1540,2267,2530,1639,631,1644,798,1871,652,824,1484,1232,706,2483,1385,1727,1168,1059,937
Angel1,16,5,13,13,7,7,11,15,15,13,9,11,9,13,4,13,15,25,12,9,2,17,5,10,12,12,9,16,15,8,12,3,8,8,18,11,6,4,10,10,12,11,15,11,10,13
Angel2,119,49,99,119,81,114,117,114,134,97,142,120,79,77,90,136,134,118,89,79,39,150,122,63,107,86,76,105,136,94,85,77,84,64,93,90,76,87,84,62,111,57,72,64,72,76
Angptl2,45,18,28,70,29,22,64,55,32,48,89,47,65,40,37,58,64,77,56,30,15,61,58,27,54,52,38,63,45,53,22,25,42,50,32,47,30,44,50,34,60,48,39,36,45,49
Angptl3,1319,634,1360,950,1126,1616,1836,1429,2313,1184,1234,1727,1962,2179,1458,890,832,1554,1814,1571,555,1512,1934,921,1329,977,900,741,2253,1703,557,992,966,622,604,647,486,1189,1035,750,1070,516,255,438,507,492
Angptl4,353,123,285,1558,155,487,232,199,325,325,768,102,415,390,398,1308,1228,1263,197,184,90,735,224,116,209,294,179,396,215,383,169,306,287,162,414,405,164,274,380,218,518,384,486,218,266,339
Angptl6,72,37,60,127,37,57,95,73,64,88,103,95,73,68,90,87,94,74,69,55,14,88,71,49,69,46,47,90,74,81,14,50,51,42,40,51,43,85,43,37,66,64,62,60,64,66
Angptl7,2,1,0,7,1,8,6,7,1,2,2,5,6,0,4,5,2,2,4,2,1,10,7,0,2,4,3,3,2,3,3,3,2,2,2,3,4,1,3,2,5,0,2,3,0,2
Ank,74,31,63,90,71,66,99,76,102,74,63,100,60,84,88,94,98,99,74,79,49,72,107,64,85,78,63,68,128,91,42,38,82,61,78,84,63,66,64,52,110,83,110,43,57,79
Ank3,4,1,4,4,3,6,7,3,8,5,7,13,2,5,10,2,5,3,4,4,0,13,4,3,9,7,3,3,11,4,1,1,4,1,4,2,2,2,2,0,7,4,2,0,2,3
Ankfy1,48,18,35,78,59,39,50,44,51,39,57,37,46,29,49,51,50,66,50,42,25,53,47,34,28,37,36,49,49,58,63,28,46,39,42,40,24,41,35,23,60,37,43,41,35,23
Ankhd1,6,8,4,13,13,15,14,13,21,10,10,29,8,18,14,7,14,12,11,14,4,20,18,4,12,6,6,17,20,15,11,4,13,4,6,10,12,13,7,3,17,6,9,12,10,17
Ankib1,67,34,60,86,83,63,69,75,118,70,104,107,71,82,95,96,90,125,81,69,32,137,92,47,65,72,74,77,98,99,74,69,84,63,81,63,57,65,62,42,120,74,66,59,50,70
Ankle2,11,12,19,23,16,14,7,11,22,26,18,14,17,21,18,16,15,17,19,18,3,19,23,16,10,16,14,21,22,29,20,12,15,3,15,16,19,13,18,11,13,11,22,16,18,13
Ankmy2,6,4,14,14,19,11,16,18,33,19,29,36,23,13,14,18,10,22,23,15,8,19,20,17,15,19,20,17,32,29,19,8,22,9,14,17,12,23,13,8,9,21,15,14,18,15
Ankra2,70,26,77,111,67,66,69,68,63,53,90,71,59,63,64,99,102,93,76,32,22,80,50,30,67,51,53,89,77,71,59,34,60,32,39,47,42,57,57,42,90,60,50,47,44,45
Ankrd1,12,1,3,6,9,8,9,10,6,4,9,11,10,4,3,4,10,5,11,1,3,4,13,0,10,9,0,6,14,10,5,8,8,4,6,5,8,11,6,4,10,4,3,7,1,10
Ankrd10,76,47,84,114,64,71,107,73,85,68,111,104,82,60,89,75,82,99,80,54,26,135,94,51,59,73,63,49,83,63,47,58,81,44,47,51,65,65,55,31,90,49,67,37,50,53
Ankrd11,5,1,4,7,6,4,4,7,3,5,7,4,3,3,2,6,5,5,5,5,1,5,0,2,1,2,7,5,2,6,4,1,6,3,1,1,3,6,4,1,10,3,2,5,7,3
Ankrd12,12,5,14,17,12,19,22,10,22,17,21,21,15,5,13,9,18,16,12,15,5,14,21,9,7,10,11,10,15,17,7,5,9,13,7,12,10,11,13,5,14,14,5,12,12,9
Ankrd13a,124,57,103,130,85,120,121,104,151,133,150,181,105,113,140,155,149,160,114,110,38,141,134,85,105,101,103,118,138,123,135,94,121,114,115,134,118,116,132,62,139,123,95,70,106,103
Ankrd13b,22,10,14,33,24,15,37,23,23,20,29,26,14,15,23,24,46,74,20,9,3,28,26,13,17,18,17,17,21,11,13,8,14,14,15,23,12,14,12,10,20,12,15,16,12,10
Ankrd13c,18,13,20,31,22,8,27,21,33,17,21,30,23,13,33,26,18,27,17,24,7,35,34,16,27,13,19,14,32,22,24,11,22,15,19,14,12,18,21,9,32,22,23,20,22,28
Ankrd13d,4,2,3,2,3,1,3,1,1,0,6,3,3,3,2,4,2,6,0,0,3,0,0,2,2,2,0,1,5,4,6,3,2,3,0,2,5,1,1,4,4,0,1,1,1,2
Ankrd16,85,29,67,133,81,75,108,83,92,81,133,126,96,71,115,105,108,146,67,77,41,172,76,57,82,83,71,76,95,58,81,50,82,53,82,58,50,77,74,35,102,67,67,56,51,61
Ankrd17,19,16,22,27,34,35,38,19,37,29,30,38,25,31,27,23,30,50,32,21,8,43,32,17,22,17,23,30,34,35,13,23,23,9,20,17,20,20,10,8,13,13,18,18,19,25
Ankrd2,1,1,14,0,3,4,2,4,8,5,9,4,4,6,3,2,2,0,5,1,2,0,6,1,5,4,4,7,9,4,2,4,3,3,7,4,2,6,4,3,5,4,8,5,4,2
Ankrd23,3,1,1,5,4,3,4,1,3,5,5,6,5,0,2,3,2,3,0,5,0,3,3,1,0,2,2,2,3,3,4,1,1,1,0,2,0,1,3,2,6,1,1,0,1,1
Ankrd24,25,14,21,26,17,17,28,22,30,28,23,45,21,20,31,34,25,21,22,17,9,33,28,21,19,22,27,31,28,18,22,18,26,18,19,19,13,22,20,14,27,18,22,24,29,10
Ankrd26,10,6,7,6,9,1,2,4,5,5,6,9,5,0,4,10,13,3,7,3,1,8,3,1,3,7,5,0,6,2,5,0,3,2,8,2,3,2,3,3,6,3,4,1,2,1
Ankrd27,82,44,76,123,115,57,112,95,111,88,114,113,70,67,53,116,124,233,87,95,31,187,95,51,74,98,89,72,100,77,93,52,88,55,75,82,55,95,60,50,99,72,86,71,63,66
Ankrd28,15,4,11,16,10,13,14,9,25,14,21,15,13,11,15,17,21,10,9,12,5,23,18,12,7,10,11,19,16,12,12,5,13,7,14,9,13,11,10,9,11,8,9,6,7,13
Ankrd32,4,3,6,9,9,8,11,6,5,5,14,9,12,5,7,4,6,9,4,2,1,9,13,1,10,4,4,9,11,7,7,3,3,6,5,6,10,9,7,4,3,1,10,4,5,5
Ankrd33b,58,21,37,58,59,64,58,64,97,53,50,54,64,52,57,70,48,37,31,49,24,49,73,60,73,72,63,73,79,64,36,41,39,43,56,38,39,34,58,28,85,64,52,42,40,50
Ankrd37,28,8,8,16,7,5,50,8,9,10,14,11,6,15,8,9,5,8,13,9,5,10,25,8,16,13,5,10,12,17,12,4,10,8,12,8,14,18,14,8,8,3,18,16,6,11
Ankrd39,13,3,6,16,9,14,18,13,16,11,18,17,13,17,20,17,17,23,9,17,7,41,12,12,8,10,16,11,13,8,10,9,12,6,14,16,14,9,18,10,16,6,10,13,15,15
Ankrd40,90,64,99,136,101,92,108,89,131,91,126,153,136,105,121,122,101,165,90,104,31,175,126,67,120,101,83,112,111,124,87,100,126,87,97,89,86,118,123,73,175,114,88,75,96,85
Ankrd42,1,2,2,7,5,3,5,4,4,1,3,4,3,1,4,6,2,7,3,1,1,4,2,2,1,4,2,3,2,4,2,2,2,4,2,4,0,3,2,3,6,2,2,3,0,4
Ankrd44,3,1,2,7,4,3,13,4,4,5,9,13,9,4,5,11,4,10,1,1,4,9,8,5,7,4,8,0,5,11,6,4,5,1,4,4,2,4,6,3,3,5,2,1,6,5
Ankrd46,66,36,63,93,48,45,73,91,132,86,85,123,58,86,108,93,84,83,68,58,24,55,102,52,82,76,62,96,90,67,46,72,75,54,83,52,71,104,58,44,104,58,84,53,65,69
Ankrd49,1,8,4,4,4,2,5,7,7,4,7,6,6,9,8,8,8,16,8,7,0,9,7,4,2,6,5,6,6,9,4,5,6,2,6,2,5,4,3,3,8,5,4,2,6,7
Ankrd50,6,5,4,8,6,6,7,9,4,8,14,10,5,7,15,10,17,6,9,5,5,17,9,3,2,10,7,4,10,13,13,1,4,2,7,6,10,6,9,8,13,7,8,2,8,5
Ankrd52,5,6,6,10,2,5,4,1,6,4,9,2,5,1,3,2,5,7,6,4,0,5,2,3,3,2,3,7,2,4,5,4,7,1,8,2,6,6,5,5,3,6,2,5,5,7
Ankrd54,36,25,27,38,16,27,31,31,38,30,38,54,18,43,30,60,39,34,36,37,10,29,33,23,27,28,30,48,39,28,27,22,35,36,23,15,22,26,36,18,35,35,27,19,20,28
Ankrd55,0,2,1,5,2,0,2,1,3,3,1,0,1,0,5,2,3,15,2,1,0,14,0,0,1,1,0,1,0,0,1,1,0,1,1,0,1,3,1,1,1,0,1,1,1,1
Anks1,55,18,54,72,51,68,72,75,63,59,81,77,67,61,56,77,67,81,66,47,12,91,65,49,83,62,45,82,75,69,61,44,65,37,64,63,46,68,61,49,89,71,62,41,49,59
Anks3,62,44,71,77,49,47,63,63,59,45,72,97,55,44,53,75,63,69,57,71,18,65,64,32,36,61,49,61,52,52,54,42,53,45,53,47,43,50,49,36,59,47,68,37,46,52
Anks4b,170,114,235,167,172,144,194,262,224,174,157,278,256,180,222,109,149,145,187,210,68,141,262,224,236,214,207,185,270,211,174,145,223,168,225,241,207,211,217,156,300,266,219,211,209,230
Ankzf1,72,33,70,115,93,89,82,89,102,83,122,118,97,74,85,131,105,110,83,77,31,140,91,64,92,95,75,116,109,80,76,80,63,67,63,95,87,97,67,44,140,81,91,81,72,72
Anln,0,1,1,4,1,0,2,7,1,1,0,2,5,0,5,2,4,3,2,1,0,5,6,0,1,0,2,1,1,0,1,4,2,2,1,3,4,2,0,1,1,0,0,0,1,0
Ano1,17,5,4,31,11,17,13,13,15,11,20,13,17,10,18,19,16,24,16,12,4,21,19,5,10,23,6,20,13,18,3,8,9,9,7,10,6,13,13,9,27,13,8,9,9,16
Ano10,40,10,29,45,46,26,37,34,82,33,27,59,43,35,33,35,60,85,24,37,10,62,43,16,36,39,29,37,31,50,33,20,39,33,40,24,18,32,20,26,47,29,32,21,24,22
Ano6,68,36,71,106,57,65,74,76,58,60,93,97,79,50,89,65,83,115,60,58,27,108,64,41,58,58,63,59,67,63,117,40,44,41,56,49,33,73,54,29,69,32,54,36,45,45
Ano8,17,12,16,29,25,19,19,25,22,16,27,36,20,23,14,23,17,33,21,17,9,21,25,16,17,11,20,23,25,21,14,13,14,13,17,10,16,19,16,14,34,13,13,13,13,10
Anp32a,205,64,141,212,149,145,207,177,224,179,194,174,163,146,210,198,218,181,190,159,70,161,263,153,215,165,148,220,263,244,123,123,165,102,147,196,150,170,174,125,242,173,188,112,154,159
Anp32b,236,149,164,299,279,204,221,202,235,161,246,269,216,153,186,292,277,542,170,183,78,407,254,105,206,196,197,182,266,213,230,130,189,111,192,178,174,152,186,91,226,134,178,147,119,138
Anp32e,29,12,16,27,25,19,26,33,33,31,21,54,22,24,34,29,29,24,27,32,9,30,38,17,35,19,35,38,23,37,22,19,27,15,19,24,25,30,17,10,29,20,28,13,17,27
Anpep,163,75,148,250,127,153,159,155,201,180,235,207,159,117,225,170,217,171,130,175,52,179,158,91,133,143,177,165,181,174,160,103,174,127,168,136,100,153,122,73,193,96,129,116,116,117
Antxr1,4,3,5,6,2,3,4,4,6,4,8,6,9,6,6,6,14,12,8,4,1,14,8,2,3,4,3,10,4,11,2,3,1,2,3,4,4,12,3,0,6,7,5,2,4,5
Antxr2,60,31,60,99,106,78,84,73,199,67,75,99,104,88,72,78,102,119,61,75,31,135,88,82,90,109,73,105,117,114,114,64,62,62,97,88,79,73,68,54,144,96,94,66,75,76
Anxa1,11,7,4,4,7,5,29,20,15,5,9,14,16,8,8,2,5,22,17,4,7,8,11,0,4,9,6,6,17,4,5,3,3,5,2,3,2,6,0,3,5,1,8,2,3,3
Anxa13,8,5,9,12,11,7,12,6,8,9,17,7,9,7,2,6,8,16,12,1,3,13,20,4,11,11,2,10,9,9,3,10,13,8,5,3,4,10,9,4,13,2,3,5,6,8
Anxa2,78,43,80,130,81,76,126,120,70,67,103,75,102,53,80,89,98,1275,92,58,35,239,115,55,83,85,67,122,112,105,340,110,84,140,67,97,99,96,79,53,120,69,102,76,63,79
Anxa3,16,10,12,27,24,9,20,16,23,22,18,22,25,10,24,18,20,56,19,15,11,55,20,8,17,12,14,8,23,25,37,5,14,10,14,11,12,16,12,12,21,11,11,8,9,12
Anxa4,100,52,90,176,110,78,92,108,158,111,113,149,105,103,103,114,143,194,79,99,41,146,128,43,84,101,83,112,133,105,78,68,101,54,109,79,76,102,77,72,111,79,117,53,82,98
Anxa5,541,256,320,827,674,533,739,621,595,393,687,501,605,391,502,619,624,2158,681,443,280,1173,753,345,478,645,300,548,573,671,1056,526,566,495,468,471,547,560,472,358,712,556,495,357,394,497
Anxa6,359,184,278,469,227,282,456,338,359,358,374,412,352,318,351,333,318,453,364,318,79,488,464,261,348,349,309,344,566,321,333,293,324,326,314,363,283,375,393,233,546,295,373,282,357,317
Anxa7,341,145,271,513,277,280,411,298,328,301,438,342,315,275,344,478,446,668,346,298,123,530,405,209,265,307,242,374,450,345,464,241,313,259,353,268,224,315,311,184,444,306,326,174,237,267
Anxa8,6,3,3,1,2,2,1,0,1,0,0,1,0,2,1,0,0,2,0,0,0,0,3,3,0,0,1,0,3,6,0,2,1,0,1,3,1,1,2,2,0,0,4,0,0,0
Anxa9,6,9,9,15,7,6,12,6,15,7,15,14,9,6,7,9,11,28,10,10,10,28,14,4,10,9,10,13,12,13,10,8,10,12,6,4,1,11,9,8,9,8,11,6,5,10
Aoah,2,1,4,7,4,2,5,6,3,2,9,4,2,5,3,2,5,9,3,0,0,5,5,3,3,6,8,3,4,7,14,5,2,2,3,3,1,1,0,3,8,5,2,4,1,6
Aoc2,1,0,3,3,1,3,3,2,2,2,6,5,1,2,4,5,3,4,2,3,2,6,5,1,3,2,3,3,5,3,5,7,5,2,2,0,5,0,4,3,3,1,5,1,1,1
Aox1,248,109,153,322,86,170,269,240,89,185,343,215,207,205,282,308,368,236,301,172,95,283,310,120,174,179,96,258,205,163,358,208,251,190,251,217,189,232,212,133,287,166,177,116,115,143
Aox3,993,426,709,1221,544,1517,1012,803,462,958,1515,1200,653,636,946,1819,1254,414,1973,1211,475,709,1272,618,1600,1515,1116,1600,947,1375,550,1097,1770,753,973,828,1085,1286,1762,1032,2670,1844,1069,901,912,973
Ap1ar,35,18,42,47,42,37,36,31,65,40,41,60,55,36,50,51,38,50,55,38,14,64,43,37,30,41,41,38,45,42,28,30,37,26,46,34,34,41,34,22,52,43,29,37,36,39
Ap1b1,253,144,249,301,231,274,326,271,391,273,343,429,359,230,357,314,337,363,242,280,96,353,297,193,297,312,259,312,354,321,338,199,303,233,293,256,239,312,298,172,425,273,277,240,247,284
Ap1g1,85,60,95,121,80,83,76,86,113,101,113,143,101,68,109,117,112,124,87,98,35,97,114,69,92,80,90,93,120,82,70,63,74,61,100,95,63,80,77,60,112,83,80,78,72,78
Ap1g2,29,21,38,55,28,31,46,39,28,33,45,38,33,27,39,56,35,82,33,29,13,74,47,30,37,38,27,38,37,42,60,30,38,27,33,37,25,32,27,20,38,36,38,32,17,33
Ap1m1,109,58,120,165,89,131,123,144,170,153,147,194,155,122,144,162,132,259,124,114,39,208,180,88,114,117,127,163,189,150,127,80,167,120,136,127,114,146,132,75,217,144,156,79,111,124
Ap1m2,1,2,3,0,3,2,6,1,6,3,0,0,5,2,4,1,4,6,3,3,0,2,2,0,2,5,1,4,1,4,3,3,4,4,3,2,3,1,5,2,3,2,1,1,0,1
Ap1s1,221,89,201,292,220,187,278,251,276,218,273,256,202,219,241,227,241,499,203,209,103,325,278,173,240,255,195,246,309,268,332,164,245,189,247,234,179,229,231,143,309,262,221,165,215,197
Ap1s2,6,2,0,1,8,2,3,5,3,2,1,3,2,2,6,1,1,2,3,2,0,5,5,0,4,3,5,2,0,4,4,2,1,1,0,3,2,3,3,1,1,2,1,0,0,2
Ap2a1,44,19,32,55,35,51,62,33,41,38,51,64,47,35,49,48,46,67,46,40,16,50,48,32,40,53,42,58,49,43,33,44,43,27,47,55,35,50,42,34,43,34,50,32,42,36
Ap2a2,182,72,132,189,129,156,154,147,215,164,199,189,157,145,173,182,198,204,180,178,61,188,182,115,131,162,185,192,191,167,187,123,171,90,188,116,139,165,154,111,190,187,146,120,146,154
Ap2b1,118,53,85,115,102,127,136,125,177,90,130,184,106,89,131,107,183,178,144,114,42,156,166,85,134,125,130,137,135,151,132,87,104,76,117,137,92,121,134,70,156,136,107,91,81,103
Ap2m1,207,101,197,289,227,206,231,242,255,182,240,335,223,189,215,288,233,389,205,206,89,338,259,147,227,203,191,231,280,275,226,164,211,166,227,190,180,201,198,137,290,227,222,183,195,203
Ap2s1,517,206,403,568,417,521,592,624,661,479,631,646,431,434,578,547,577,685,501,460,179,548,561,363,564,458,513,584,682,542,613,349,429,439,431,423,397,497,544,324,760,498,454,359,435,395
Ap3b1,111,88,124,224,155,142,168,147,176,151,188,182,145,166,161,201,203,180,159,144,45,190,186,123,172,167,145,171,221,194,122,111,133,78,156,151,138,157,149,84,177,162,175,94,99,140
Ap3d1,219,95,220,328,199,216,253,236,384,250,291,388,246,213,287,287,348,295,244,242,86,313,256,164,248,257,211,266,303,276,231,155,273,205,231,211,187,205,243,153,351,233,233,193,207,215
Ap3m1,13,5,16,14,11,6,7,8,19,6,12,23,17,18,19,15,9,20,18,9,5,22,17,14,19,21,8,14,14,13,13,18,20,6,15,21,12,14,12,8,28,12,19,12,10,21
Ap3m2,7,3,0,6,3,5,6,8,1,1,5,6,3,3,2,5,7,5,8,7,4,3,6,2,11,6,6,9,5,4,8,5,8,2,2,4,2,6,7,2,5,2,7,7,2,4
Ap3s1,15,8,8,22,8,17,11,15,11,18,18,24,15,15,20,24,24,14,10,16,4,14,18,14,22,11,9,18,22,22,14,20,26,7,16,14,10,10,18,5,15,18,16,9,18,9
Ap3s2,36,20,29,53,33,40,24,26,38,21,49,48,32,22,27,38,46,35,31,28,11,43,27,24,24,30,21,29,28,58,26,25,31,13,21,26,19,26,20,24,34,30,26,23,23,19
Ap4b1,33,25,34,38,42,39,48,46,71,48,44,59,49,42,55,48,54,71,46,33,21,58,51,35,49,45,33,46,51,62,44,27,41,28,43,38,41,44,62,28,61,56,63,34,44,44
Ap4e1,11,6,13,19,10,17,24,14,19,8,16,10,15,14,14,10,22,15,9,9,5,18,15,8,15,17,14,16,18,11,5,9,18,9,15,9,12,13,17,8,32,11,19,11,9,12
Ap4m1,6,11,10,18,13,15,10,13,12,15,15,9,15,16,11,8,14,20,19,10,2,19,20,9,9,9,10,13,12,13,13,8,10,8,12,7,12,13,14,5,16,14,11,8,7,3
Ap4s1,64,24,69,102,83,71,74,79,143,79,100,121,93,89,84,103,62,128,86,101,26,158,121,61,89,89,74,93,130,107,85,79,72,52,93,66,71,93,99,44,118,83,72,32,71,64
Ap5b1,11,11,9,14,15,15,26,17,14,10,18,28,19,13,21,20,14,20,18,11,8,21,16,12,14,7,16,18,16,27,11,13,12,7,20,13,8,14,18,9,10,11,9,13,12,16
Ap5m1,12,7,20,21,17,18,12,19,19,12,23,29,12,9,8,21,25,19,12,8,4,23,17,14,21,11,13,20,24,14,14,10,18,11,8,13,12,13,20,5,22,19,10,20,10,19
Ap5s1,111,65,102,158,140,133,144,154,256,135,143,195,139,115,132,152,149,190,106,113,42,235,199,96,149,143,115,156,191,195,112,111,153,100,181,197,144,176,138,106,205,164,164,130,129,122
Ap5z1,49,26,46,71,42,36,43,67,45,34,63,70,46,25,52,74,73,74,41,36,13,72,36,28,47,40,33,50,52,38,46,29,48,41,45,51,30,41,35,31,72,43,42,47,40,36
Apaf1,10,11,9,13,11,7,19,9,14,8,17,15,16,5,10,13,14,32,13,8,5,19,9,5,19,10,15,6,13,12,27,9,17,19,10,11,7,10,9,7,11,10,9,10,4,5
Apba3,85,49,66,118,55,101,117,88,133,87,117,183,98,78,118,116,139,95,100,86,21,82,108,71,91,65,93,122,135,94,70,52,86,57,100,63,76,82,87,59,126,120,94,70,84,79
Apbb1,5,4,2,8,1,4,16,3,8,4,2,7,8,1,4,5,6,10,5,3,3,4,5,2,6,4,2,5,5,3,4,1,5,3,3,2,6,3,1,2,12,4,3,2,3,4
Apbb1ip,10,10,21,43,32,28,39,33,16,15,35,25,25,11,31,29,27,52,13,10,10,41,38,20,33,11,21,18,21,22,74,14,9,22,15,16,17,15,8,11,26,24,35,18,11,19
Apbb2,19,10,27,29,20,21,23,27,23,24,30,21,18,18,24,35,37,35,29,27,11,28,27,20,34,25,20,15,26,36,19,17,20,12,25,21,14,19,19,16,35,23,20,11,18,25
Apbb3,63,34,45,89,41,36,64,55,68,43,68,93,70,54,56,60,66,85,48,48,17,80,43,39,49,46,46,42,58,54,50,44,57,43,56,42,42,57,49,35,54,46,61,37,43,52
Apc,5,1,2,5,1,0,1,2,1,0,7,5,3,0,1,3,2,1,4,1,1,2,3,4,4,7,5,3,1,2,1,3,1,1,2,2,3,1,0,0,4,1,2,2,3,0
Apcs,119,46,296,102,533,163,165,132,1516,86,199,923,75,132,104,125,138,352,182,288,62,158,117,45,119,65,201,49,125,128,78,49,76,61,78,46,36,64,49,46,87,39,82,37,39,41
Apeh,298,172,293,423,287,295,338,292,438,300,393,448,358,327,270,498,397,312,352,313,123,434,392,197,320,418,326,343,411,357,314,216,315,202,337,337,218,295,345,188,489,348,333,277,284,288
Apex1,105,44,74,135,99,82,133,110,143,97,104,118,108,77,102,116,120,178,130,92,32,214,125,61,95,97,77,145,115,114,84,70,81,61,105,87,94,122,86,77,125,87,106,50,66,91
Apex2,31,23,34,60,22,36,32,32,36,37,23,53,39,35,40,22,17,37,30,24,16,24,27,23,43,29,41,30,33,26,34,29,38,37,29,14,32,36,37,16,49,34,28,19,46,23
Aph1a,171,86,167,221,150,163,169,158,195,176,192,241,153,130,180,189,208,214,146,145,52,202,153,131,169,131,197,165,154,146,112,115,155,113,138,125,110,121,147,70,201,137,143,110,129,129
Aph1b,4,4,3,3,3,2,4,5,9,3,9,9,1,2,6,3,7,5,9,6,4,7,8,1,1,2,3,5,8,4,2,1,5,2,3,1,2,1,3,4,5,0,2,2,0,2
Api5,40,15,34,46,31,30,36,26,60,39,49,63,35,35,40,38,26,52,30,38,7,57,37,21,33,40,27,59,55,37,25,29,40,14,26,29,31,30,31,27,36,46,36,16,20,37
Apip,96,24,80,128,79,81,122,103,141,96,116,126,140,98,141,85,117,98,101,104,44,87,153,78,124,136,93,124,165,141,111,82,113,82,101,108,92,106,123,89,152,100,109,77,82,101
Aplf,4,2,3,4,2,1,4,4,2,1,7,3,4,1,1,4,2,3,4,0,0,1,1,1,4,2,2,3,2,3,2,2,1,3,3,2,1,1,2,2,4,4,5,1,5,1
Aplp1,5,1,0,5,0,3,4,2,3,6,3,2,5,2,2,1,6,3,5,2,0,2,4,0,3,0,1,4,4,4,1,1,1,5,1,1,3,2,3,4,3,2,1,2,3,6
Aplp2,995,483,763,1271,860,878,1097,899,1215,1112,1191,1211,1035,976,1131,1320,1257,998,1032,881,403,1081,1365,807,912,1084,848,1136,1479,1249,1172,846,1097,794,1043,959,899,1049,974,596,1304,824,925,763,812,890
Apmap,62,36,66,121,55,71,78,68,114,106,105,107,80,107,85,105,90,105,68,79,44,127,96,72,73,85,82,115,115,75,76,87,103,45,92,75,86,58,80,56,120,84,94,62,83,78
Apoa1,48122,18948,37494,50242,34371,42149,50393,37488,75300,36871,48181,75826,40739,36496,46682,61481,53183,47850,39756,40286,10762,49406,54523,19707,42041,42416,54147,41788,67903,36910,22834,23617,27031,26473,37255,23946,30968,42546,42548,28244,52545,31095,30954,23516,29291,29037
Apoa1bp,299,193,243,418,222,333,317,286,450,342,326,351,383,339,389,376,356,343,277,316,120,336,478,249,368,363,274,339,474,447,275,260,343,249,361,348,347,371,396,238,510,374,402,266,330,351
Apoa2,59389,27685,56634,65062,29800,63098,65374,44599,62379,51387,61150,58382,61773,65569,74741,64584,65014,31412,63027,61899,20785,41064,73018,42615,53860,51773,53712,70481,78733,77279,35076,51135,62899,45913,70831,67832,51439,67630,76225,44260,68554,66255,62319,53388,65648,57708
Apoa4,862,477,690,1356,1659,1088,1257,1447,2573,1139,1227,1708,1825,1371,1462,942,2856,77926,1379,668,568,22181,1301,1184,1603,1434,651,1480,670,838,3266,2672,1017,1704,1425,2975,862,1501,1405,1019,1699,1516,1256,878,1070,979
Apoa5,6958,3162,6483,10682,4441,7431,6480,4619,5961,5622,8720,3647,5995,7495,7149,9973,9305,10065,6334,5423,2186,10474,6766,4170,4737,5220,4558,5212,8448,6408,3314,4150,4456,3415,6514,4113,5048,6421,4167,2936,4140,5329,5578,3513,5483,6264
Apob,1504,586,1013,1953,1795,1633,1519,1485,2764,1483,1830,2482,1495,1348,1887,1757,1910,1976,2020,1136,721,2552,2020,720,1329,1548,1527,1657,2081,2037,1237,1021,1389,489,1372,1116,1069,1408,1071,644,1640,1157,1222,886,859,1062
Apobec1,64,18,38,107,56,54,44,71,108,58,96,88,51,33,59,116,95,107,65,50,28,111,66,44,54,57,49,80,57,83,59,50,50,51,49,51,36,56,40,29,90,59,52,45,38,41
Apobec3,28,18,34,62,37,24,52,50,25,32,48,35,40,20,41,31,49,48,34,13,16,61,29,16,28,22,28,20,40,32,142,17,24,35,19,24,26,36,16,9,37,20,26,20,11,24
Apobr,8,6,13,19,2,10,13,11,4,4,10,14,9,2,6,8,6,12,6,4,4,19,6,5,11,4,8,4,10,9,16,7,9,12,4,5,3,6,6,8,4,6,6,7,2,5
Apoc1,49610,27010,53170,70628,38918,62126,68041,55839,64032,51549,58891,64667,64597,64098,70569,59555,53769,57012,56257,55381,21487,70115,83126,50627,61809,60046,60412,67652,93322,73171,45889,55630,68680,55290,74044,67336,65814,61663,76241,42561,75051,69163,66893,52958,68506,66151
Apoc3,17745,9827,20409,25465,16244,25077,28915,22097,35117,21503,23681,25574,24662,27311,28740,18667,19784,18846,20703,18405,6205,20837,31564,23769,27815,24879,23664,27215,34391,26582,16477,22611,23502,21377,23511,26678,22955,29726,25366,17694,32889,30411,24417,18194,24841,22922
Apoc4,12209,5731,10512,15885,8389,12983,14796,13168,15902,12200,15580,16148,12942,12863,15346,14213,14726,16481,12841,11361,4403,21648,16058,9909,14242,13113,11533,14566,18050,14943,9765,8753,13183,10758,14145,11072,10739,14253,15121,8874,17037,14032,12030,10342,11330,10741
Apoe,86728,43171,72417,113912,70419,88812,100872,85419,94966,72273,102634,108354,87199,86875,102352,107348,106790,96335,91350,83622,39010,104667,109919,65211,87412,95363,84067,110160,119737,112355,79674,74716,84270,80697,100798,82549,85689,99758,97114,65441,103735,90640,88680,72366,89318,89847
Apof,2781,1576,3131,4407,3517,3637,4005,4225,5637,3449,4427,6558,2786,2873,4567,3813,3767,3694,3407,3891,1299,3755,4735,2358,4357,3689,3623,3742,5010,3628,4310,2840,3344,2841,3904,3170,2864,3578,2997,2366,4455,4037,3804,2493,2844,2826
Apoh,8418,3878,7595,11744,6267,8276,9046,7878,15027,9598,10704,14287,10266,11128,12305,12015,12118,8600,8989,8888,3045,13482,12248,4982,9430,8535,8545,10563,14324,9900,5810,5941,8657,5191,8736,8866,7384,9178,8976,5892,10763,9065,8879,5933,7962,8496
Apol10b,2,0,2,1,4,5,7,3,12,1,0,2,2,0,2,0,2,1,1,1,1,2,1,0,4,2,3,3,4,1,24,0,1,1,0,0,0,1,1,2,5,1,0,1,0,2
Apol11b,2,1,2,1,6,9,9,2,14,3,6,3,5,2,6,4,2,0,1,4,1,0,8,4,7,9,7,6,3,13,8,4,4,2,3,3,5,6,4,1,6,3,7,5,9,4
Apol7a,355,147,323,525,349,357,393,391,434,431,337,370,415,217,430,366,421,225,365,398,159,286,548,372,396,460,330,432,809,458,281,287,398,283,368,288,352,401,455,275,640,476,408,306,359,385
Apol9a,176,83,187,261,124,158,159,201,218,130,287,229,244,261,309,202,237,132,158,279,57,214,246,213,220,346,226,244,367,234,737,118,169,203,134,156,140,205,247,179,289,303,182,188,170,185
Apol9b,371,180,466,561,354,430,507,531,526,344,620,441,511,462,737,574,482,234,393,554,141,498,573,487,477,745,563,599,804,649,1242,353,501,422,410,390,426,494,541,353,672,583,472,334,417,389
Apom,2020,844,1516,2658,2473,1647,1897,2053,4745,2348,2180,3381,2584,2233,2464,3404,3247,2105,1955,2111,821,2941,2607,1107,2131,2695,2951,2226,3755,2935,1142,922,1573,1024,2029,1486,1768,1834,2030,1235,3037,1850,1955,1280,1822,1974
Apon,545,316,845,921,1023,1347,717,710,2042,860,1046,1416,948,688,1077,955,819,369,678,1003,293,415,876,686,950,846,1129,1008,1191,1042,857,738,863,659,1200,987,822,733,782,500,1191,1129,1158,756,873,846
Apoo,11,3,5,11,10,9,2,9,11,18,13,9,9,17,22,12,10,15,11,9,4,21,9,10,11,6,17,8,11,14,14,11,18,7,11,13,15,11,16,12,20,23,13,9,12,11
Apopt1,159,75,162,248,130,149,213,140,232,155,217,224,222,200,204,208,244,228,177,161,64,227,243,104,204,195,161,173,242,229,128,139,198,113,193,189,167,179,210,135,253,164,150,140,151,178
App,196,105,136,353,220,159,214,172,301,230,259,350,200,182,208,307,381,719,219,138,77,470,223,129,169,168,189,202,228,196,157,142,190,106,136,118,165,162,159,92,180,137,147,127,123,142
Appbp2,43,26,41,53,59,39,47,51,42,35,56,51,53,29,42,44,45,48,42,35,26,57,52,28,42,51,41,35,50,60,35,24,38,19,25,31,35,28,35,20,46,35,45,24,20,28
Appbp2os,7,2,4,6,2,4,5,5,6,1,6,4,0,3,5,6,5,7,7,8,3,2,4,6,7,5,3,6,2,4,7,10,2,4,6,5,3,9,3,3,5,7,4,9,8,7
Appl1,4,3,5,14,9,9,9,12,12,4,13,9,7,5,10,9,9,12,16,13,3,15,14,6,6,11,3,7,17,8,7,8,4,3,6,7,11,5,3,5,9,3,5,2,2,3
Appl2,45,26,38,73,29,36,52,61,48,44,66,75,37,42,50,59,40,74,46,28,12,91,50,33,57,37,43,49,56,57,23,34,47,28,44,29,37,42,24,18,70,45,24,27,40,40
Aprt,250,171,259,539,228,243,305,277,303,278,357,508,332,320,315,436,461,830,273,307,73,829,336,158,337,261,311,285,417,356,302,137,183,208,245,190,156,229,276,178,393,295,241,162,204,243
Aptx,5,4,2,4,9,4,5,4,7,3,4,4,6,2,3,3,4,3,2,7,3,4,3,2,10,3,2,6,6,6,7,4,3,6,6,6,7,5,2,1,8,4,5,3,4,2
Aqp1,256,93,198,207,150,159,246,202,308,182,229,200,276,190,220,332,313,276,235,195,71,269,238,116,165,237,173,215,210,314,204,112,188,152,197,127,119,198,175,96,226,178,165,84,110,226
Aqp11,120,57,139,199,147,134,183,161,289,155,207,203,197,185,162,186,178,201,156,153,74,277,187,123,204,173,155,163,258,209,149,118,164,108,147,125,134,161,183,131,254,184,169,134,161,153
Aqp4,1,1,1,1,1,2,5,0,2,1,1,3,0,0,3,2,2,15,2,2,1,14,1,4,1,1,1,1,5,0,2,7,4,3,2,5,2,1,2,0,0,2,0,4,1,3
Aqp8,642,293,546,833,1373,659,2588,2453,1074,741,424,535,900,688,940,416,545,663,678,916,366,430,2931,1997,1374,1033,630,1347,1934,1667,1499,1354,1391,1866,1193,3237,1463,2285,1014,1437,1741,1510,2267,1507,1607,1752
Aqp9,956,380,858,1427,649,1017,902,799,1044,845,1165,948,1059,857,1125,1456,1367,886,947,972,391,1102,1093,544,864,1033,760,974,1298,1331,864,679,918,707,1108,768,669,977,1073,557,1418,933,1055,705,854,780
Aqr,74,42,54,100,66,61,97,72,96,57,79,101,82,72,73,76,91,111,86,70,34,118,90,48,83,79,69,93,84,85,83,56,79,48,66,64,74,57,70,40,121,64,59,54,53,53
Ar,33,11,15,24,9,25,24,12,17,17,23,30,16,19,17,15,35,12,23,16,6,7,28,17,22,20,22,38,31,34,38,18,29,11,20,18,11,26,24,16,35,20,22,13,21,22
Araf,184,111,177,329,195,220,226,220,336,217,240,287,243,202,247,292,282,253,218,213,84,285,238,168,230,266,202,227,345,241,264,166,215,146,233,203,198,216,222,146,273,233,279,158,242,204
Arap1,158,62,142,192,142,152,213,155,233,165,189,248,146,106,157,169,167,144,136,149,48,176,199,99,163,179,173,185,200,146,212,107,158,156,140,126,89,156,133,106,238,164,143,108,126,137
Arap2,16,9,10,24,24,13,23,15,26,21,25,20,15,23,19,17,22,29,16,12,11,32,26,13,26,14,21,24,23,13,24,13,18,8,16,15,17,15,9,9,15,13,10,7,8,23
Arap3,44,33,43,39,35,36,53,53,48,39,57,58,69,31,40,47,83,54,40,31,18,63,53,32,40,43,47,40,61,55,39,35,50,36,52,38,44,45,47,34,51,40,45,35,36,50
Arcn1,366,223,305,510,428,401,462,400,610,339,465,677,420,329,454,495,523,631,464,421,178,565,482,309,459,425,350,421,400,488,328,329,435,251,369,363,361,325,440,208,627,422,344,320,312,316
Areg,0,0,0,0,0,0,0,0,0,0,0,1,0,0,0,0,1,9,0,0,0,11,0,0,0,0,0,0,0,0,0,0,0,0,0,0,0,1,0,0,0,0,0,0,1,0
Arel1,103,45,104,161,108,134,118,129,132,95,164,130,105,97,152,172,163,94,100,87,42,141,122,70,132,115,98,123,157,176,151,92,120,95,133,126,96,102,146,67,169,127,119,84,101,99
Arf1,678,390,843,1086,796,914,951,861,1042,699,1035,1387,880,834,913,1153,1027,1622,645,764,315,1325,1066,657,930,935,867,852,800,854,867,664,847,708,912,804,625,877,1001,557,1318,882,838,694,727,755
Arf2,29,30,30,50,41,34,53,31,48,41,51,68,54,42,47,45,42,65,44,36,24,56,51,34,36,40,43,53,44,56,54,29,46,27,42,31,36,46,39,26,54,39,31,34,38,32
Arf3,159,79,150,247,160,154,172,174,235,174,189,242,172,113,174,193,236,172,159,141,64,162,198,110,145,157,138,155,192,189,166,116,133,132,91,124,119,155,173,88,201,172,156,85,139,162
Arf4,245,143,211,421,279,329,373,288,523,331,311,658,303,289,456,421,376,1006,334,289,100,613,501,249,348,379,333,442,457,393,350,296,345,220,369,308,332,324,285,212,459,346,336,184,220,337
Arf5,474,233,413,623,337,445,579,495,456,522,554,587,486,419,511,505,425,462,506,503,153,463,635,447,515,399,543,498,664,476,439,369,489,525,496,557,449,458,623,427,726,585,495,486,572,497
Arf6,9,1,5,13,13,10,13,13,18,13,13,24,10,10,14,14,18,19,10,11,10,15,21,5,10,6,11,15,11,14,10,8,12,2,11,9,10,8,9,4,7,9,15,6,11,7
Arfgap1,100,64,86,112,90,104,127,125,156,72,112,159,107,91,126,113,132,182,91,92,35,146,90,62,89,79,95,111,92,105,124,77,91,73,120,65,74,114,98,70,131,84,89,81,84,81
Arfgap2,185,113,193,310,147,195,201,229,380,261,259,352,198,228,251,266,244,221,173,192,70,203,217,138,201,213,210,239,311,240,219,160,164,206,204,163,204,227,209,138,247,244,220,134,232,210
Arfgap3,53,50,68,81,79,79,69,72,128,59,75,227,55,82,66,127,100,219,95,102,32,124,90,57,49,66,80,93,60,71,120,64,88,67,83,71,43,60,58,46,158,67,63,61,45,72
Arfgef1,136,66,126,159,121,125,178,103,200,127,154,177,141,149,140,156,161,212,177,120,55,198,163,107,116,129,106,130,177,157,125,104,110,48,111,90,93,101,126,82,160,106,101,80,85,88
Arfgef2,119,39,110,150,105,115,123,111,210,138,157,192,139,128,149,161,154,189,116,115,46,222,169,86,141,133,124,135,173,135,102,85,120,93,115,107,117,115,113,75,161,122,108,104,84,116
Arfip1,10,3,15,15,20,16,18,16,25,15,27,28,14,18,19,11,20,28,19,14,7,21,22,10,12,12,18,19,24,22,26,9,17,4,19,17,12,16,17,4,25,18,15,14,15,11
Arfip2,18,8,19,22,22,14,19,24,13,13,20,39,24,14,19,23,15,25,13,16,0,31,14,12,15,9,13,16,19,15,9,12,14,6,8,8,10,17,15,6,12,10,6,5,11,8
Arfrp1,36,24,32,58,30,30,38,34,43,35,35,59,37,31,39,50,37,62,29,25,7,44,37,22,52,26,33,37,47,32,32,45,24,31,22,33,27,27,35,16,38,32,39,21,24,28
Arg1,5034,2981,5798,8648,7496,7012,8684,6757,15820,6691,7197,12421,10435,9079,9691,6386,5824,7962,5642,5315,2790,12868,10762,6985,10807,9255,6797,7045,11323,7102,5477,5781,8054,5700,7529,8576,8285,7124,8051,5738,11611,7937,7679,5850,6162,6883
Arglu1,58,46,62,79,74,70,66,73,109,59,87,117,73,78,66,79,82,95,64,70,34,110,99,54,66,72,79,65,92,91,59,46,71,30,50,72,67,57,46,42,79,65,67,39,45,48
Arhgap1,43,25,37,61,35,30,39,49,59,32,41,54,52,43,41,48,49,66,47,47,15,59,58,23,31,30,38,32,55,50,48,27,39,35,38,26,30,34,43,23,62,48,35,38,48,38
Arhgap10,5,2,4,5,3,2,8,5,6,7,10,8,4,4,5,9,8,9,7,5,5,9,14,4,10,7,7,8,5,9,10,2,7,5,1,9,3,4,6,4,5,8,4,4,4,6
Arhgap11a,4,1,6,8,11,1,6,12,4,4,3,2,2,1,7,0,4,19,1,3,2,4,0,3,2,3,0,3,2,2,10,2,5,7,5,7,11,5,3,1,3,3,6,1,0,5
Arhgap12,7,3,5,18,9,11,5,7,10,9,6,12,5,8,12,10,10,6,8,7,5,14,6,7,10,6,8,15,13,9,3,6,8,0,11,6,3,6,10,6,6,4,9,3,4,6
Arhgap17,79,44,71,105,79,73,69,98,94,72,104,101,69,63,84,88,90,121,59,67,39,132,80,57,63,59,72,56,94,75,106,47,68,41,46,40,64,65,51,32,67,46,77,36,37,45
Arhgap18,22,10,11,20,28,10,25,14,15,7,18,12,21,9,6,15,12,30,11,12,3,16,25,7,15,12,12,6,17,24,9,10,6,3,9,5,5,10,8,1,9,6,5,4,6,6
Arhgap19,14,6,11,28,17,9,25,34,11,12,19,28,14,18,23,12,21,36,11,10,6,50,26,7,15,17,7,19,20,19,14,17,13,24,9,19,15,14,5,8,13,10,15,8,11,14
Arhgap21,68,34,79,143,87,72,92,80,101,95,109,91,80,53,71,121,130,125,70,68,25,145,93,55,64,62,63,76,111,119,56,48,75,41,52,62,79,83,80,40,111,67,52,56,66,76
Arhgap22,4,3,1,7,5,5,2,5,4,3,7,3,5,0,10,2,3,23,4,2,3,11,2,2,4,8,6,7,4,1,8,2,4,7,2,9,9,1,3,4,3,1,1,4,1,3
Arhgap23,54,31,45,64,50,46,66,64,41,67,74,64,65,48,62,84,66,86,65,51,18,102,97,41,46,59,40,51,72,75,54,38,57,46,59,60,45,69,50,25,85,43,50,36,31,59
Arhgap24,17,14,19,38,21,20,31,32,28,26,24,28,51,14,24,30,28,29,40,23,12,34,44,27,36,38,18,25,27,28,20,21,25,26,25,34,18,28,28,20,42,27,27,20,16,28
Arhgap25,6,2,14,16,6,7,12,9,6,7,9,8,19,8,12,7,11,31,7,7,5,31,9,7,13,5,8,6,14,13,40,4,6,8,8,2,3,7,6,3,10,4,12,11,8,1
Arhgap26,2,2,4,6,3,8,7,5,11,3,11,13,8,7,15,11,13,6,6,6,3,5,13,5,11,9,5,10,12,14,5,8,8,6,5,12,8,5,11,3,14,5,9,5,9,9
Arhgap27,11,6,14,31,14,11,19,19,11,12,21,19,11,2,19,14,15,34,15,9,4,18,16,8,20,8,8,11,21,8,51,10,7,31,7,11,14,14,9,12,22,13,10,8,10,17
Arhgap27os3,0,2,4,1,0,2,2,2,0,0,0,0,0,0,1,0,6,2,0,0,0,4,0,2,3,0,0,2,0,1,3,1,0,2,0,0,2,1,0,0,0,0,1,0,1,0
Arhgap29,127,41,105,181,115,106,150,125,176,132,165,144,127,128,132,186,192,108,125,116,42,167,122,82,115,126,98,152,167,167,70,57,89,43,104,134,101,109,105,58,107,131,130,60,88,86
Arhgap30,6,1,7,17,15,8,12,8,6,3,8,10,4,6,5,13,8,8,4,9,1,18,10,4,8,4,8,2,5,11,18,4,3,9,4,5,3,3,6,2,9,4,4,4,2,2
Arhgap31,25,14,13,15,16,16,27,29,23,20,19,19,25,22,29,26,19,31,30,20,7,34,29,12,23,20,21,20,23,37,23,9,20,20,22,11,19,26,21,15,26,12,17,16,13,23
Arhgap32,2,6,4,9,10,2,3,3,4,1,4,10,4,3,8,9,5,2,6,6,2,5,6,3,5,7,3,5,9,5,4,2,2,0,4,5,3,6,4,4,3,6,2,1,3,0
Arhgap33,1,1,2,3,2,3,0,2,2,2,8,5,0,4,4,3,4,3,2,1,1,4,3,1,3,1,4,3,7,4,3,0,2,5,0,2,2,0,1,1,3,3,7,3,1,1
Arhgap35,340,194,307,421,328,329,345,333,397,351,416,466,357,290,388,502,428,328,418,327,137,431,407,248,344,360,323,386,410,345,306,284,394,268,383,365,326,342,364,230,550,366,310,301,318,277
Arhgap39,8,7,10,17,6,8,10,17,17,7,13,25,7,10,14,16,7,24,16,6,3,18,5,5,7,10,8,10,14,16,12,4,10,12,7,13,9,10,11,4,7,6,9,3,14,10
Arhgap4,32,12,26,49,44,20,42,44,33,21,40,29,17,27,38,42,53,33,13,24,15,30,28,23,23,18,23,36,24,27,56,18,21,31,15,23,15,28,30,17,28,21,19,26,25,25
Arhgap42,4,2,7,4,0,4,3,3,9,8,8,6,2,3,3,3,3,2,4,4,0,2,6,3,3,2,4,6,1,4,1,4,4,2,2,2,2,0,4,1,2,3,2,3,2,0
Arhgap44,5,1,5,5,17,3,7,7,8,4,6,9,7,6,5,9,4,14,6,3,3,7,6,1,4,8,2,5,1,4,5,2,2,5,8,5,6,5,3,1,4,3,4,1,4,6
Arhgap5,2,0,1,6,2,1,2,2,1,2,3,3,1,2,5,5,0,2,3,2,0,4,3,3,4,5,3,1,1,1,1,1,1,1,2,0,0,0,2,0,6,3,1,2,2,1
Arhgap6,5,2,9,11,7,7,9,11,6,7,9,8,11,5,5,11,6,6,4,6,1,17,14,3,5,7,8,18,20,10,3,4,17,4,10,4,15,4,4,3,7,5,10,9,9,7
Arhgap9,13,6,26,33,18,16,21,24,16,13,20,18,17,7,22,19,24,30,5,12,8,37,22,7,18,7,15,12,16,23,50,4,6,20,7,8,9,11,9,4,11,10,10,7,6,12
Arhgdia,294,140,245,423,292,242,308,311,439,262,308,423,212,234,280,372,334,845,306,265,88,480,334,165,274,290,269,306,343,298,375,163,214,225,283,180,186,309,231,201,333,291,280,189,254,245
Arhgdib,30,19,31,45,42,28,48,41,26,21,51,35,41,21,44,35,44,63,32,27,23,51,44,16,47,28,40,46,32,38,122,24,21,21,18,27,40,31,30,16,30,23,36,18,18,28
Arhgef1,131,77,148,179,81,113,196,167,138,163,176,222,145,140,138,184,170,177,148,115,33,217,152,95,110,106,136,134,165,95,149,111,98,99,119,95,98,152,115,70,182,140,141,87,119,117
Arhgef10,7,2,5,7,5,6,7,14,1,3,14,9,10,5,9,10,9,17,15,6,3,7,9,6,5,9,2,8,4,6,5,9,10,9,4,6,0,8,15,0,11,7,6,8,6,8
Arhgef10l,109,47,94,159,85,101,118,87,157,104,160,141,76,71,94,180,155,130,95,81,32,145,73,80,115,94,109,99,104,107,124,59,94,73,100,82,93,74,108,64,122,94,89,70,90,65
Arhgef11,81,49,93,159,87,98,121,97,136,91,134,137,124,102,121,127,144,119,107,74,24,153,152,94,117,114,113,109,126,106,67,84,110,88,117,103,89,96,92,85,152,82,102,83,104,83
Arhgef12,425,179,374,613,383,395,411,324,538,349,507,466,423,370,406,559,541,445,446,407,138,550,401,246,371,423,317,409,470,449,339,260,351,258,414,361,260,385,328,226,526,366,372,272,331,310
Arhgef15,35,10,22,15,10,18,32,16,26,28,38,23,27,21,35,35,18,17,22,22,11,24,29,15,22,29,25,22,26,28,13,13,17,12,17,18,13,28,18,18,17,29,22,18,16,30
Arhgef16,28,14,27,45,42,22,46,37,37,23,24,30,29,45,24,41,24,45,27,23,2,33,34,19,39,28,14,26,34,35,35,17,22,24,26,40,24,33,27,24,53,41,25,24,26,30
Arhgef17,10,6,6,8,8,7,12,10,4,4,10,2,10,10,14,8,16,15,16,6,4,15,7,10,9,7,8,5,14,11,7,4,8,8,2,8,10,9,10,4,4,6,11,8,8,8
Arhgef18,119,50,115,156,107,101,116,119,180,101,128,143,152,133,128,152,147,133,122,102,45,133,137,92,117,124,119,116,126,97,111,75,106,82,128,96,88,89,100,76,163,119,109,70,87,83
Arhgef19,171,82,148,213,151,170,208,179,186,231,179,285,208,190,203,193,193,184,178,184,46,160,209,131,168,206,152,183,317,218,186,129,186,178,222,110,164,176,182,116,282,150,144,103,157,167
Arhgef2,11,13,12,40,21,19,36,24,19,7,37,22,19,13,16,28,32,75,20,19,9,59,21,13,16,9,25,17,17,17,60,7,17,26,11,13,14,20,13,7,12,11,13,19,11,17
Arhgef25,7,5,7,15,5,5,5,7,7,8,13,10,8,6,5,8,13,15,8,4,2,13,5,2,4,8,6,10,11,4,5,11,9,9,8,9,4,7,10,5,8,4,3,3,6,2
Arhgef26,26,10,29,29,35,22,39,19,96,35,52,28,44,33,38,32,33,26,15,26,10,28,45,21,25,30,31,41,37,45,19,14,24,6,24,31,22,19,20,17,14,26,33,28,32,30
Arhgef3,88,48,59,158,95,86,77,81,99,58,121,95,105,79,131,95,102,95,70,70,31,91,91,62,84,83,74,99,88,83,82,72,113,82,93,62,59,54,106,46,133,64,78,67,60,88
Arhgef39,0,0,2,3,3,2,7,6,1,0,0,1,3,0,4,1,2,4,0,0,1,5,0,1,4,3,2,3,5,3,3,2,0,6,6,0,4,2,1,1,3,2,1,0,2,3
Arhgef40,41,18,33,49,18,36,38,33,31,43,43,43,44,30,35,61,49,69,50,32,10,35,39,21,22,31,22,53,43,37,33,25,31,42,30,34,26,43,37,15,44,15,26,22,34,33
Arhgef5,64,23,50,69,74,53,103,69,97,62,71,77,57,61,67,73,69,116,56,55,21,88,88,44,63,53,53,55,79,71,56,37,44,40,56,58,46,64,49,34,72,50,48,38,36,61
Arhgef6,1,1,1,5,0,1,3,3,2,2,5,6,1,0,2,0,2,0,2,2,0,2,5,1,1,1,1,1,4,4,1,2,2,2,0,0,1,2,2,0,2,0,0,0,1,2
Arhgef7,91,30,68,142,58,81,97,77,110,103,124,111,72,71,87,133,124,154,75,67,33,157,100,53,83,92,85,100,116,98,91,60,74,72,69,54,72,99,71,40,106,83,101,52,65,65
Arhgef9,3,0,1,14,5,0,6,6,2,2,10,2,1,5,5,4,5,7,9,3,2,3,8,4,7,3,3,6,6,8,4,5,7,4,6,9,9,6,7,2,7,7,7,5,3,5
Arid1a,55,33,56,86,39,53,62,42,72,72,53,81,75,53,89,69,53,63,55,50,21,73,75,27,66,54,46,72,52,76,53,33,57,24,59,46,47,56,42,18,70,42,49,29,41,46
Arid2,11,3,6,14,6,6,13,6,8,6,7,10,4,9,6,0,6,16,16,7,5,4,2,4,2,4,6,2,5,6,2,4,1,2,1,2,0,3,3,2,4,1,7,2,3,5
Arid3a,2,5,4,7,10,5,10,8,8,13,14,25,9,5,18,9,17,5,8,6,3,9,12,2,3,3,11,5,3,5,5,8,6,10,5,6,7,5,6,5,17,11,6,5,3,6
Arid3b,8,10,19,36,14,15,10,12,12,12,25,19,16,16,20,22,21,16,16,16,11,23,16,8,11,11,21,11,18,10,23,11,15,13,8,5,10,15,7,2,13,16,7,8,11,8
Arid4a,31,12,17,45,25,20,23,23,32,26,41,36,28,25,24,32,24,26,28,21,10,29,27,11,26,27,17,31,41,40,17,21,31,20,32,27,26,24,26,11,40,21,25,18,21,23
Arid4b,16,5,17,22,21,16,25,29,27,22,38,29,15,24,26,22,18,27,30,17,4,36,27,18,18,22,10,24,25,23,12,10,13,4,15,24,12,19,14,9,22,21,14,8,11,15
Arid5b,10,10,10,18,14,10,27,7,19,18,33,14,32,14,10,18,17,8,14,18,8,20,15,7,13,8,22,19,9,22,10,18,15,10,13,11,12,20,16,7,7,12,14,15,16,18
Arih2,167,67,178,258,126,178,177,100,200,158,247,175,168,157,161,235,235,167,182,121,41,293,182,96,132,146,133,147,171,157,107,114,150,108,161,131,103,111,172,73,185,138,135,121,124,135
Arl1,20,5,13,22,22,16,20,15,19,22,15,25,24,22,14,31,22,28,15,11,9,42,19,4,16,16,22,16,17,17,15,18,21,12,12,17,11,10,14,9,27,17,13,6,16,12
Arl11,4,2,2,4,3,5,6,2,3,4,7,3,1,3,5,1,8,4,2,2,1,10,2,0,4,2,3,2,0,4,6,2,1,6,2,0,2,1,2,0,3,2,1,2,1,0
Arl13b,15,5,9,28,4,22,15,8,32,22,20,23,23,13,14,25,18,10,14,7,3,23,15,5,18,21,14,15,43,21,7,10,12,9,12,7,18,13,13,14,29,14,6,13,6,5
Arl14ep,47,22,40,57,56,41,36,38,49,47,63,58,51,38,67,64,64,69,62,41,23,83,48,34,45,51,47,40,63,47,38,41,53,41,46,37,39,44,46,32,79,50,48,52,43,47
Arl15,20,8,13,31,18,27,16,16,36,12,24,23,23,21,21,22,10,14,18,15,8,16,27,14,27,18,16,14,35,30,16,14,15,15,13,9,11,9,26,5,32,14,11,11,12,21
Arl16,39,16,38,56,39,28,32,32,31,29,49,47,26,30,34,39,36,45,30,32,8,26,33,20,24,34,25,27,28,30,28,18,27,22,32,32,25,29,26,14,41,14,19,29,15,18
Arl2,44,20,34,48,37,28,56,32,46,29,56,42,31,43,52,42,46,76,30,35,5,64,46,33,30,37,41,44,45,45,53,33,42,34,36,32,17,54,46,17,41,33,28,31,37,41
Arl2bp,34,14,44,67,65,37,58,63,37,28,64,44,38,44,52,49,47,110,33,46,25,88,49,31,62,55,43,45,67,44,46,36,44,47,51,44,66,55,66,29,78,39,61,35,34,33
Arl3,116,73,111,171,110,135,139,123,159,117,152,194,117,112,95,150,131,150,119,114,39,164,161,110,162,127,116,114,149,142,83,99,108,91,137,93,127,125,120,80,183,128,112,88,102,108
Arl4a,11,8,7,24,9,9,11,17,19,24,16,13,19,16,19,18,20,32,10,2,1,36,26,12,10,12,7,14,14,14,9,15,20,7,11,10,11,9,16,10,22,14,10,13,8,11
Arl4c,1,1,4,6,0,3,6,2,2,6,2,1,1,1,1,2,3,7,7,0,0,1,3,1,2,4,3,0,5,1,3,0,3,1,0,0,1,1,2,2,5,0,1,2,0,0
Arl4d,18,9,25,30,28,23,30,37,81,30,18,35,23,39,22,118,59,32,44,30,8,40,31,16,16,35,26,40,47,26,22,22,14,23,19,22,10,37,29,29,61,60,17,11,25,36
Arl5a,37,15,19,33,11,13,17,19,24,21,23,24,18,14,25,35,20,21,25,25,5,27,36,13,17,28,28,23,25,24,12,17,17,6,23,19,26,22,19,14,23,19,26,13,14,27
Arl5c,2,0,2,3,2,5,5,7,1,3,6,5,3,0,4,4,1,10,1,0,2,7,9,5,5,1,3,3,5,5,20,1,2,6,0,4,1,6,1,0,4,0,0,1,2,2
Arl6,14,11,14,34,25,14,14,22,39,23,24,47,25,20,27,24,20,33,28,18,6,49,26,17,17,19,22,27,18,17,17,7,20,15,26,15,15,18,18,19,16,14,13,11,18,14
Arl6ip1,277,168,288,402,219,290,331,287,273,340,341,353,334,317,417,459,307,273,292,317,108,316,397,224,308,369,306,430,437,454,324,230,316,180,384,253,290,310,345,251,499,425,393,200,285,354
Arl6ip4,317,189,286,432,298,360,333,315,413,346,431,432,324,334,338,462,492,546,322,353,134,547,387,205,321,314,345,354,420,364,291,244,331,222,346,331,257,343,337,182,482,327,321,285,289,300
Arl6ip5,113,68,124,193,172,156,170,152,219,138,170,210,165,162,176,148,157,245,141,131,61,234,155,128,141,141,145,164,175,202,232,100,163,108,138,136,105,131,168,111,177,166,129,112,138,133
Arl6ip6,16,5,15,41,21,18,24,24,48,17,34,34,26,20,33,16,32,25,27,24,15,39,30,18,20,27,24,29,40,36,23,20,28,14,22,25,22,25,28,8,36,20,21,20,17,23
Arl8a,78,36,80,150,86,61,112,104,126,83,116,117,71,74,83,126,94,136,92,55,30,156,128,61,85,95,80,89,89,98,107,55,94,56,85,68,84,76,79,43,125,92,82,73,65,82
Arl8b,73,49,47,82,52,48,45,44,63,70,75,93,41,63,62,76,64,71,65,55,21,63,62,30,60,70,59,75,60,72,48,31,68,32,54,45,40,48,46,35,75,66,56,49,56,58
Armc1,15,11,26,17,18,25,23,21,31,26,26,41,44,32,26,25,28,14,31,29,12,39,52,22,23,26,27,42,46,33,23,21,27,9,33,30,24,36,26,16,43,44,36,13,17,25
Armc10,15,17,17,29,27,14,29,22,28,18,22,24,17,22,22,30,19,59,21,8,5,45,14,9,20,21,19,26,28,22,21,17,19,2,18,18,17,27,20,6,26,30,20,16,15,18
Armc5,71,46,62,120,84,79,82,75,90,51,128,101,87,73,78,81,102,108,78,54,37,109,86,62,81,79,77,88,71,82,89,65,82,61,76,58,44,65,91,45,106,68,72,71,64,76
Armc6,12,11,18,23,16,25,23,33,33,30,33,45,27,19,26,32,28,23,16,23,6,19,30,15,21,16,21,17,32,27,7,19,20,16,21,17,26,23,25,12,25,22,28,13,17,14
Armc7,9,8,14,15,13,5,15,8,7,10,28,14,7,5,10,10,11,10,6,10,0,11,9,13,11,13,16,13,15,19,25,6,11,8,10,6,8,11,6,3,11,8,14,9,9,2
Armc8,25,7,26,33,27,17,29,38,41,37,39,52,32,25,37,27,35,41,33,34,18,38,36,26,36,36,28,34,42,49,38,23,19,25,33,29,25,43,37,28,53,29,37,17,35,15
Armc9,1,5,4,2,3,5,6,6,6,4,8,10,8,2,8,8,6,13,9,6,3,6,9,5,4,4,6,5,6,4,9,0,7,5,6,7,2,13,5,4,8,4,11,6,5,5
Armcx1,1,1,4,3,2,1,8,4,3,4,4,3,8,7,2,4,4,9,8,6,4,11,5,2,4,9,7,8,6,6,4,6,4,6,3,6,5,3,5,1,6,6,10,5,3,6
Armcx2,3,3,3,6,3,4,5,8,5,3,1,5,7,4,4,6,5,6,8,1,1,7,7,1,6,7,2,4,5,9,2,1,5,4,5,2,8,10,3,0,7,0,8,1,3,8
Armcx5,0,2,1,4,1,4,3,6,5,3,6,6,5,6,6,5,1,5,5,5,3,10,5,5,5,7,5,6,9,3,9,3,4,0,1,1,2,7,5,3,4,5,8,1,3,2
Armt1,50,21,48,53,42,40,54,54,70,56,59,87,54,35,74,43,49,82,38,62,25,92,86,27,42,45,43,38,66,48,38,39,35,27,52,33,46,37,42,23,52,36,37,39,37,37
Arnt,79,44,76,140,53,55,94,60,98,80,125,106,71,50,68,121,101,67,84,68,30,104,87,46,62,50,65,77,93,89,56,68,67,53,50,65,48,58,48,34,90,67,58,48,60,54
Arntl,19,3,10,15,24,23,21,14,49,14,25,43,23,24,23,38,26,19,22,17,14,22,32,22,23,27,19,23,23,21,23,13,22,15,24,16,20,14,26,20,27,24,16,8,24,15
Arntl2,3,2,1,4,4,0,4,4,4,5,2,9,3,1,0,5,0,3,1,2,0,2,2,3,1,2,3,5,3,2,2,0,4,1,2,1,5,6,0,1,2,2,0,2,1,0
Arpc1a,277,104,235,314,201,209,254,244,350,241,309,351,251,256,286,299,333,370,237,243,91,321,293,164,221,219,241,282,283,257,265,197,229,224,209,219,208,257,264,153,326,221,232,176,210,208
Arpc1b,447,186,400,659,478,456,566,427,582,350,519,489,534,347,429,515,612,710,368,388,134,491,605,262,422,461,413,368,634,536,771,254,313,348,420,370,418,525,461,271,450,433,479,358,330,406
Arpc2,572,265,505,805,573,571,659,567,773,515,658,793,612,513,620,739,645,955,525,503,260,998,746,353,609,574,510,595,705,667,625,368,517,334,546,490,453,505,515,321,703,507,504,318,369,460
Arpc3,320,153,341,529,400,431,551,416,527,337,534,535,377,405,424,455,495,535,394,357,181,582,516,310,466,411,361,427,492,478,455,299,377,293,365,389,348,400,422,268,582,404,407,315,354,328
Arpc4,138,87,143,250,148,142,193,198,185,194,201,243,163,157,230,167,184,236,154,184,39,172,210,111,165,106,188,183,222,210,219,147,217,183,193,132,169,184,193,133,223,208,200,144,165,166
Arpc5,146,71,175,285,166,211,208,219,334,233,203,260,217,175,246,264,203,353,201,174,100,323,286,151,220,207,196,231,305,281,252,165,166,104,202,162,176,210,178,142,267,203,195,121,171,200
Arpc5l,215,117,199,287,247,253,275,239,369,229,301,352,282,240,316,286,284,342,253,228,107,360,347,190,271,221,267,269,294,345,193,182,238,172,252,255,225,228,289,165,386,267,244,227,214,226
Arpin,22,10,34,27,32,34,39,34,30,24,36,47,21,31,21,25,15,52,17,32,9,38,36,23,28,34,33,27,42,45,31,12,26,15,32,26,27,31,37,24,33,27,42,11,20,23
Arpp19,1,1,3,2,1,0,5,2,0,5,1,4,1,3,5,4,0,3,3,1,0,1,1,1,4,0,2,4,5,1,6,0,6,1,3,1,3,6,0,2,3,4,4,0,1,3
Arrb1,33,18,31,70,36,39,44,41,45,30,44,74,53,38,37,49,58,55,32,33,18,56,59,31,45,33,34,39,32,38,63,27,35,43,36,38,34,35,33,25,44,30,41,24,25,42
Arrb2,109,56,110,195,131,105,226,211,129,134,220,227,146,96,164,188,168,240,128,117,62,244,159,88,161,127,165,109,145,169,262,89,134,129,96,99,100,141,111,73,152,133,121,102,97,122
Arrdc1,25,9,11,17,15,9,21,32,10,14,20,27,22,12,25,15,17,22,15,11,1,33,11,11,25,15,13,16,18,15,25,11,10,19,9,12,7,13,5,11,19,20,14,7,12,8
Arrdc2,33,18,33,54,25,28,39,32,51,42,54,34,23,26,37,49,46,33,32,43,7,52,43,31,27,41,37,43,50,26,34,39,33,31,36,37,24,41,40,34,61,35,34,39,35,27
Arrdc3,175,93,96,262,80,77,152,141,58,117,129,98,138,111,150,48,66,72,61,80,24,136,85,28,67,81,93,49,117,220,43,46,55,23,65,51,53,60,59,42,45,89,62,38,84,40
Arrdc4,42,24,29,84,38,35,38,33,79,62,51,42,53,36,52,61,90,72,28,33,23,135,53,32,36,40,33,35,71,56,67,40,54,25,40,53,40,36,36,28,43,38,35,28,44,42
Arsa,197,78,166,310,76,175,178,73,160,117,184,144,257,156,195,280,223,112,113,131,43,74,241,161,186,206,76,212,201,185,94,161,124,112,217,221,208,186,194,98,285,181,230,165,188,181
Arsb,59,33,51,87,85,49,78,68,91,83,69,109,80,57,80,77,82,95,79,61,30,71,115,47,52,93,56,71,108,82,66,60,82,37,62,78,66,77,74,42,108,69,54,37,54,50
Arsg,55,18,19,67,46,46,66,58,84,70,82,106,58,57,58,76,78,189,64,63,18,107,74,32,68,85,55,52,59,45,54,70,52,45,64,54,60,66,56,57,90,65,50,22,45,62
Arsk,5,3,7,12,11,9,9,9,12,12,3,19,6,9,9,8,11,8,8,12,6,17,10,9,9,14,9,13,21,13,14,12,6,3,15,6,10,5,13,4,16,8,9,5,5,10
Art3,5,0,3,8,6,4,6,9,3,2,9,6,8,2,5,10,7,6,12,1,1,8,8,1,7,5,3,5,8,3,3,0,5,3,4,10,4,6,5,1,1,2,2,1,2,13
Art4,7,8,8,19,13,10,16,14,16,12,9,10,18,11,15,15,22,29,11,7,1,35,12,8,13,17,9,12,19,6,10,16,14,14,7,7,8,19,15,3,22,7,9,6,5,14
Arv1,11,4,6,17,10,8,19,9,13,7,7,10,13,14,7,9,12,19,13,13,3,13,14,10,11,10,12,14,12,14,13,8,10,7,6,13,10,9,12,5,11,10,5,14,5,8
Arvcf,75,37,59,117,50,53,91,93,59,69,81,95,89,49,78,113,82,109,76,44,25,121,85,40,57,68,57,62,87,58,40,52,59,45,40,45,55,67,54,41,74,54,58,48,41,46
As3mt,225,120,190,284,348,202,276,231,543,229,224,387,316,283,291,288,347,358,215,229,128,394,365,165,255,311,236,255,363,256,230,180,224,156,258,265,290,251,229,152,364,211,307,184,226,253
Asah1,116,62,104,227,148,89,142,114,178,125,137,200,124,100,134,157,177,149,133,122,57,179,161,75,113,134,117,125,162,142,145,62,107,71,112,113,106,127,94,78,137,90,149,98,89,104
Asah2,4,5,2,9,2,2,3,6,2,3,1,3,4,2,1,7,3,4,1,4,3,5,3,1,3,4,2,3,4,1,1,3,1,2,2,1,1,2,1,0,5,1,3,1,3,0
Asap1,1,1,9,10,14,4,5,7,6,5,8,11,8,7,9,6,12,18,17,4,4,10,19,6,10,7,2,14,5,12,14,5,13,9,7,11,5,14,5,6,8,5,10,6,7,6
Asap2,4,5,4,14,9,13,20,9,24,8,7,8,12,8,17,13,3,7,11,13,5,11,20,9,16,14,5,19,12,24,13,4,8,9,13,16,10,7,15,8,17,11,15,8,9,7
Asap3,9,4,10,11,15,7,12,7,11,6,13,14,9,6,5,14,14,10,11,6,7,14,2,3,14,11,6,9,8,7,9,8,7,2,5,2,7,11,4,2,7,3,6,1,2,10
Asb1,21,7,12,23,15,14,12,12,19,11,18,18,19,12,12,16,12,19,17,12,4,19,20,7,16,21,13,11,13,18,13,6,15,5,11,14,3,14,10,11,12,13,23,10,10,10
Asb13,72,52,58,89,94,88,103,88,133,99,87,146,106,93,121,114,89,78,85,73,41,122,136,57,70,103,87,115,112,90,62,65,107,53,75,78,103,114,83,49,130,91,98,76,65,95
Asb2,7,4,15,21,10,31,26,27,9,22,19,21,10,11,16,18,8,27,15,20,7,34,19,18,30,15,23,11,26,36,54,9,13,23,11,12,17,13,13,7,17,18,23,21,16,19
Asb6,44,36,56,68,27,44,62,52,43,41,32,67,73,52,58,38,48,59,40,37,15,52,54,35,37,47,44,37,36,43,48,43,50,37,42,49,41,45,56,26,48,35,33,30,42,48
Asb7,31,11,19,45,34,24,42,22,58,31,44,33,29,27,19,37,47,46,31,35,10,48,33,25,35,37,36,40,36,25,17,15,30,25,31,24,24,35,30,18,44,23,24,25,21,15
Asb8,123,63,120,186,120,98,128,143,149,118,164,154,111,104,147,142,142,165,131,115,46,179,195,85,131,111,122,151,175,147,114,96,103,81,140,127,117,115,95,80,174,155,112,108,110,116
Ascc1,52,27,22,66,31,38,60,40,50,50,54,51,50,34,50,70,71,52,47,41,15,55,56,31,41,36,38,51,73,38,43,29,48,54,62,34,46,48,60,35,65,45,44,41,46,52
Ascc2,64,26,52,83,50,59,71,55,56,45,65,59,51,52,65,71,69,109,48,50,26,88,55,32,44,60,43,43,60,47,69,32,57,39,51,61,58,55,41,27,72,51,46,34,56,31
Ascc3,16,13,13,26,17,23,20,23,28,16,21,27,17,22,18,28,22,50,20,20,10,49,22,19,17,26,16,19,24,18,13,14,26,7,15,12,19,16,17,11,18,11,20,13,14,19
Asf1a,2,2,2,0,2,2,2,3,1,2,3,2,2,0,1,0,2,4,5,2,1,5,2,6,5,2,0,1,3,1,3,3,2,1,2,2,0,2,0,3,4,1,2,1,2,1
Asf1b,5,0,2,5,7,1,8,9,2,3,2,4,3,1,1,3,1,12,6,1,0,9,5,2,3,2,3,4,5,4,16,1,4,3,0,3,5,3,3,1,0,3,10,0,0,3
Asgr1,2297,1219,2675,3735,1169,2671,2947,2359,3155,2521,3132,3584,2145,2639,2832,3759,3026,2095,2617,2589,558,2615,3632,2146,2644,1753,2369,3383,3882,2508,2119,2197,1861,2079,2772,2444,1696,2968,2382,1748,2951,3051,2927,1504,2193,2277
Asgr2,1527,810,1493,1967,1336,1529,1673,1478,2082,1459,1876,1882,1653,1540,1648,2043,2315,1282,1491,1604,524,2329,1887,1113,1664,1766,1396,1563,2324,1915,1311,1072,1508,844,1486,1227,1200,1622,1474,939,1862,1430,1615,1200,1473,1472
Ash1l,89,38,70,116,79,97,109,65,111,64,111,100,97,76,70,92,74,94,71,72,40,109,97,48,63,76,65,83,100,99,66,43,54,42,73,63,46,74,76,32,88,63,70,52,41,58
Ash2l,42,11,25,56,31,36,39,44,47,39,48,40,42,37,47,62,39,66,38,39,12,56,49,32,29,47,36,48,57,60,30,33,47,24,36,26,23,31,40,24,50,36,33,29,33,28
Asic5,4,1,9,10,3,14,5,13,9,9,4,7,8,11,10,17,14,6,12,6,9,9,10,6,7,6,7,13,18,10,9,9,12,1,7,12,10,12,10,3,16,8,17,5,11,8
Asl,1965,1238,1956,2584,1372,2053,2680,1965,3799,2617,2567,3539,3710,4041,3245,2687,1958,2495,1848,1970,588,5986,3405,2211,2426,2612,2376,2445,4880,2482,1460,1971,2231,2179,3031,2869,2315,2546,2759,1831,3123,3331,2803,1830,2238,2402
Asna1,139,65,132,247,116,167,226,142,222,142,215,278,154,155,201,146,197,237,168,183,59,257,150,93,159,174,142,198,179,215,148,124,177,133,164,127,128,150,179,74,214,182,147,126,115,140
Asns,44,14,12,64,46,10,11,17,27,6,27,49,8,6,9,99,102,204,61,11,12,121,37,4,51,39,18,12,32,26,6,6,4,3,23,6,92,12,9,18,37,10,10,0,7,2
Asnsd1,100,41,98,162,114,107,113,138,208,131,127,136,151,112,149,155,151,230,109,106,54,205,188,92,137,127,114,148,187,178,104,97,140,86,133,120,101,112,142,79,186,142,137,80,111,122
Aspa,11,3,3,14,2,4,4,6,8,17,14,8,10,8,9,9,9,3,12,4,0,6,9,12,14,11,3,17,16,11,4,7,11,6,15,12,4,6,12,3,17,13,10,9,7,14
Aspdh,901,388,872,1308,676,917,1122,1107,1376,982,1102,1287,1028,1057,1078,1055,1133,570,804,819,282,1040,948,780,1011,914,878,1016,1303,916,743,652,825,751,1128,942,892,1038,1041,714,1254,1053,951,762,828,890
Aspg,539,258,589,796,477,525,705,565,879,446,599,550,590,438,536,688,490,301,427,451,167,544,633,505,690,603,418,529,645,537,506,416,545,429,768,792,539,547,468,409,746,573,691,440,532,604
Asph,71,30,54,96,54,52,87,53,112,75,82,127,66,58,70,101,95,107,79,73,26,79,71,34,67,62,62,79,72,79,75,50,65,47,56,56,47,63,39,42,102,61,58,41,42,52
Aspm,0,0,0,2,2,2,4,4,0,1,2,2,2,1,2,2,2,4,1,0,0,1,1,2,0,1,0,0,2,2,6,0,1,2,0,0,5,1,1,1,0,1,0,1,1,0
Aspscr1,215,104,150,283,122,161,224,202,225,229,288,249,213,204,266,256,234,216,225,181,61,234,268,163,187,210,220,189,276,223,201,162,212,196,173,176,139,215,214,127,301,200,230,144,158,156
Asrgl1,9,2,17,18,10,16,20,23,25,11,14,18,6,14,16,15,26,51,13,10,3,31,19,14,22,9,14,14,32,25,16,15,9,19,16,19,16,25,13,9,18,26,18,14,11,11
Ass1,250,111,214,356,290,286,423,296,445,222,202,278,351,402,421,173,148,228,159,278,90,687,448,352,537,367,220,380,699,481,141,216,264,233,229,267,348,246,348,214,466,303,257,249,198,251
Aste1,5,5,13,24,12,12,17,14,6,6,20,10,12,14,15,12,6,25,17,6,2,22,10,8,8,17,11,10,16,8,9,8,15,5,13,11,13,13,10,4,19,10,8,11,11,16
Asun,45,31,48,70,63,43,72,57,63,42,89,71,60,42,73,62,56,69,51,49,22,72,60,26,60,48,52,58,54,66,54,37,53,38,63,61,60,40,51,35,84,56,50,32,59,50
Asxl1,35,6,22,39,19,30,37,32,34,35,34,32,24,15,23,25,48,45,40,33,12,36,31,12,27,29,28,20,41,29,25,16,28,15,22,22,20,26,26,9,28,19,20,18,22,23
Asxl2,3,2,3,13,3,7,10,3,4,7,10,9,7,5,7,15,3,10,11,14,1,12,13,5,10,7,6,13,16,10,8,6,6,0,6,11,15,4,11,6,17,6,8,0,2,6
Atad1,38,20,26,51,20,42,49,14,59,46,48,42,62,49,50,37,34,23,45,33,10,25,60,32,43,39,46,55,71,54,13,28,48,13,39,43,41,43,39,23,58,43,51,22,35,33
Atad2,14,8,10,13,10,4,16,13,9,10,12,15,4,11,7,12,14,32,14,7,4,20,17,6,10,5,16,10,10,4,18,5,11,19,12,10,7,14,11,6,8,4,16,7,10,11
Atad2b,11,8,16,25,24,21,35,18,25,17,22,32,19,21,37,26,18,14,23,15,8,26,28,10,20,14,23,10,24,17,13,11,20,5,16,14,23,16,14,8,27,26,15,13,19,18
Atad3a,312,177,316,425,284,323,424,390,365,330,417,405,418,346,332,473,454,519,319,320,125,701,416,264,341,349,261,354,491,435,338,287,314,287,339,369,334,365,366,232,500,315,357,297,322,292
Atad3aos,8,4,4,6,5,6,10,8,6,6,9,7,6,14,4,9,10,5,4,5,3,7,4,3,5,5,3,8,16,3,2,5,5,3,4,2,9,5,7,5,7,5,2,7,2,3
Atat1,81,38,65,85,51,70,79,67,87,68,66,83,60,53,72,96,72,47,71,49,23,66,87,66,65,74,72,84,73,76,48,77,90,78,74,65,44,67,69,43,121,62,59,57,48,67
Ate1,48,23,49,88,51,58,64,47,63,60,56,70,37,51,73,63,67,69,61,46,21,75,75,43,56,58,41,72,71,66,52,35,51,43,62,37,47,63,56,39,76,53,53,40,47,30
Atf1,54,32,44,77,52,39,63,45,72,56,59,74,62,48,64,75,72,73,50,41,22,68,74,28,37,65,47,65,76,61,41,42,54,23,59,50,48,43,51,32,67,47,55,28,44,54
Atf2,17,10,14,32,14,14,15,10,28,34,23,28,8,22,16,25,19,24,14,18,4,23,19,14,10,18,12,28,23,23,15,17,14,6,13,12,8,13,8,9,18,10,23,8,14,14
Atf3,15,14,9,39,21,10,13,20,18,12,16,37,12,4,11,9,21,122,7,5,7,125,19,8,9,10,20,12,19,17,68,9,14,15,3,9,15,7,11,11,8,9,4,3,9,7
Atf4,1071,412,802,1150,729,815,812,784,1101,800,1240,1295,674,650,672,1154,1448,1152,915,846,348,1214,930,585,695,680,786,872,906,894,613,550,798,557,581,683,532,649,806,472,978,704,683,719,686,630
Atf5,2251,1059,1438,2893,1426,1221,1861,1634,2411,1798,2614,3114,1894,1984,1780,3990,5217,5602,2172,1614,657,4694,2258,1399,1259,1519,1667,1466,1943,1389,1129,1444,1500,1184,1927,2308,1649,1553,1369,919,1691,1331,1754,1540,1340,1507
Atf6,118,61,99,165,83,136,139,97,170,122,183,203,128,131,131,171,179,200,119,110,53,206,154,69,101,121,109,101,124,121,81,104,135,83,103,94,87,103,117,52,163,107,78,74,68,89
Atf6b,81,54,77,84,85,65,77,94,125,87,102,187,89,88,98,115,98,122,80,89,27,84,96,69,89,75,104,101,95,97,116,64,79,76,79,79,73,93,90,53,127,88,88,56,69,78
Atf7,87,48,87,146,75,72,114,80,107,76,111,108,73,90,112,110,122,108,103,78,32,104,94,60,96,92,86,95,99,87,101,55,65,70,57,65,66,106,64,61,100,108,81,58,71,79
Atf7ip,32,14,15,37,24,20,25,33,37,26,34,23,37,22,29,36,43,49,15,17,9,48,32,19,29,22,23,24,22,16,30,19,20,18,22,14,16,22,14,10,37,22,28,11,13,23
Atg10,13,3,9,19,7,8,13,16,16,14,8,20,19,17,13,9,16,12,14,11,7,25,24,5,14,10,10,14,15,10,9,5,7,2,11,11,9,8,13,5,19,11,10,9,14,7
Atg101,233,82,182,254,177,226,212,213,247,195,251,235,210,208,262,340,315,238,190,198,69,254,297,169,292,231,179,244,279,251,186,165,190,130,246,201,211,209,266,160,339,238,269,185,181,243
Atg12,73,34,68,110,70,94,97,92,117,56,117,100,96,63,117,113,120,92,84,73,40,122,90,71,87,65,75,87,87,102,77,68,96,55,91,82,72,78,70,38,111,63,75,63,77,64
Atg13,188,89,139,230,146,181,187,165,281,152,200,249,190,164,206,275,209,257,176,174,75,269,225,117,160,182,170,180,185,214,179,160,195,136,185,160,137,177,195,120,333,151,167,165,126,127
Atg14,54,26,33,63,50,54,46,45,98,52,54,57,53,42,46,72,73,32,37,46,12,50,38,36,43,36,43,46,45,59,40,38,42,36,50,50,30,44,39,19,63,46,49,31,29,36
Atg16l1,123,66,146,158,93,141,150,126,149,127,189,189,151,152,140,161,186,143,96,99,43,174,131,77,104,85,111,125,144,129,121,90,112,110,123,109,114,96,105,66,160,113,129,103,114,107
Atg16l2,62,23,50,124,92,70,173,145,127,55,80,66,104,62,64,103,73,61,71,43,27,77,158,65,130,125,74,77,79,111,114,77,87,82,74,130,61,105,85,95,179,102,92,60,62,60
Atg2a,89,51,85,192,80,106,100,98,120,88,170,119,67,101,94,155,143,150,109,81,34,172,95,93,100,93,77,133,144,104,103,91,106,79,112,111,92,98,123,72,145,110,109,88,104,86
Atg2b,6,2,13,12,7,8,11,9,10,11,13,12,10,6,8,13,10,9,10,7,0,23,6,6,7,6,14,9,9,8,10,6,7,8,10,6,5,6,7,5,12,11,10,8,5,7
Atg3,256,121,237,345,264,278,335,294,386,314,295,371,341,338,429,301,297,303,278,320,145,399,373,256,342,300,255,328,438,381,175,232,330,155,306,285,311,273,310,166,388,340,287,225,301,303
Atg4b,35,24,38,63,60,57,62,52,74,29,53,61,57,41,63,74,69,72,38,39,20,56,58,35,51,52,52,50,58,77,43,35,64,34,48,60,45,55,48,19,63,49,64,38,46,47
Atg4c,30,20,18,43,51,37,47,41,55,46,42,80,35,39,49,49,41,58,43,31,10,60,56,15,31,33,41,48,40,38,32,23,43,30,39,24,28,40,26,18,41,26,23,26,29,29
Atg4d,3,1,1,5,0,0,3,2,1,7,2,2,3,2,6,5,6,3,0,0,0,5,6,0,4,7,3,3,7,2,4,2,2,2,4,1,3,3,5,2,3,5,3,0,2,1
Atg5,153,86,145,212,134,167,194,146,234,150,205,196,168,193,205,212,205,184,163,134,75,227,216,151,187,164,161,199,218,218,161,130,154,109,188,174,120,141,171,100,287,178,157,132,140,151
Atg7,142,61,140,179,96,151,134,133,157,130,203,140,157,121,160,167,168,210,151,125,75,223,177,106,164,150,124,179,147,161,161,127,180,134,167,145,129,113,191,90,237,143,144,110,148,127
Atg9a,258,118,227,339,216,243,280,272,315,257,326,338,265,252,294,307,282,245,270,244,90,314,319,217,288,283,287,285,350,350,240,192,295,200,280,285,225,306,297,189,420,298,296,255,256,230
Athl1,113,41,89,124,76,82,108,120,103,101,144,132,120,93,146,148,145,156,113,88,31,125,132,88,113,100,98,109,132,117,110,87,120,103,110,122,98,119,117,73,146,102,116,87,86,99
Atic,83,47,88,122,55,94,107,87,105,91,113,167,75,66,92,112,118,126,88,70,28,146,124,70,74,116,79,95,121,122,105,83,96,83,80,78,71,98,120,56,135,103,72,74,89,93
Atl1,2,0,4,5,5,2,13,5,6,5,5,6,4,5,5,8,3,10,4,3,1,7,5,2,2,5,4,6,5,4,0,2,3,3,2,5,6,4,5,1,5,2,5,3,3,4
Atl2,64,36,65,114,52,79,63,68,145,73,91,102,117,96,104,86,105,72,89,49,28,121,107,53,80,84,72,91,105,100,59,60,73,20,78,71,66,71,73,57,90,72,98,56,53,86
Atl3,35,19,42,67,54,41,70,52,59,31,42,70,62,37,46,56,67,77,35,44,20,70,65,38,45,46,56,47,64,58,56,33,46,31,49,33,46,43,50,33,63,37,43,35,26,38
Atm,20,7,16,18,15,12,18,17,16,12,18,18,8,13,14,22,18,31,25,16,6,26,28,8,11,16,8,17,18,20,6,9,16,9,11,11,8,20,19,7,15,10,15,18,4,14
Atmin,29,15,34,39,29,24,36,32,36,29,41,39,32,26,47,55,44,32,28,36,9,34,33,23,40,30,31,19,42,35,36,31,23,32,35,17,14,36,38,16,38,24,32,16,26,30
Atn1,54,28,61,109,36,41,67,43,70,48,85,57,57,38,61,63,66,59,45,37,16,73,50,36,43,57,40,51,46,59,33,33,68,32,52,57,32,46,54,29,64,37,54,34,45,38
Atoh8,130,80,101,230,63,165,105,91,112,124,155,62,110,80,88,153,163,277,112,62,14,257,80,45,59,66,48,64,123,57,41,47,49,68,82,83,64,90,26,25,54,52,65,20,28,84
Atox1,1333,659,1285,1868,1294,1605,1623,1615,2132,1383,2054,2008,1595,1690,1801,1786,1788,2916,1545,1504,605,2608,1862,1328,1628,1729,1440,1766,2035,2013,2195,1381,1750,1173,1903,1948,1495,1689,2022,1101,2713,1738,1898,1326,1656,1582
Atp10a,2,3,1,3,9,3,8,3,8,2,12,3,2,1,5,3,3,7,1,3,1,6,3,1,1,3,3,1,1,2,9,4,3,2,0,0,2,1,1,0,5,3,2,1,0,0
Atp10d,2,3,2,7,7,0,4,5,4,0,2,8,4,2,4,6,1,6,8,0,1,10,3,0,4,1,0,5,0,2,2,1,0,4,1,1,1,4,4,1,2,2,0,0,0,0
Atp11a,32,16,82,43,132,88,36,40,209,22,112,133,43,30,48,44,24,34,32,64,17,26,50,50,84,56,126,55,46,77,78,22,44,28,36,34,15,18,24,40,93,49,32,61,19,21
Atp11b,48,22,48,80,51,43,71,31,94,62,61,56,58,51,60,60,58,63,56,54,23,77,76,38,51,55,47,40,68,76,47,39,37,18,42,30,43,45,33,30,40,37,32,24,28,53
Atp11c,11,12,21,18,9,21,21,9,15,23,16,17,9,15,17,25,16,16,20,21,5,19,13,15,14,16,6,10,24,11,8,13,18,3,10,9,15,8,6,5,7,13,7,13,5,14
Atp13a1,207,122,188,240,190,200,273,154,253,151,272,306,193,189,221,287,288,346,161,182,69,318,221,126,209,220,212,214,249,227,203,146,191,144,201,140,162,191,200,105,243,167,193,123,152,181
Atp13a2,73,30,82,123,101,65,116,131,112,71,128,107,67,64,101,98,112,126,83,65,36,154,83,72,85,85,85,80,73,101,94,40,66,77,63,62,53,79,65,48,105,73,83,55,54,79
Atp13a3,83,33,86,132,87,94,98,90,135,119,119,171,100,143,134,135,116,131,99,89,31,169,133,56,91,89,103,122,145,114,58,75,107,14,118,78,94,84,89,63,97,83,101,55,63,88
Atp1a1,849,486,814,1195,913,751,925,947,1408,927,1185,1535,1101,1147,1075,1137,1058,1770,896,894,318,1575,1101,644,879,865,977,986,1078,917,1068,686,806,771,991,874,738,913,927,627,1292,1068,924,807,870,848
Atp1b1,257,176,259,308,260,192,298,302,370,293,269,430,380,370,284,272,282,297,290,242,87,366,358,193,306,260,276,302,406,231,155,150,261,191,247,242,265,259,209,161,307,225,220,214,235,262
Atp1b3,145,83,163,248,232,182,217,174,294,187,267,287,204,169,238,223,246,330,184,187,83,303,264,134,186,161,180,197,192,213,351,114,170,108,149,161,179,159,166,92,219,170,167,129,148,190
Atp2a2,403,200,400,445,358,437,422,286,749,363,438,948,434,453,524,535,518,542,500,407,189,557,394,239,297,408,384,567,467,496,341,298,376,210,348,326,308,346,386,200,535,401,347,258,293,297
Atp2a3,2,3,4,6,6,2,1,0,2,3,3,2,1,3,0,7,4,5,1,2,1,2,5,1,1,3,1,1,5,5,7,2,0,0,1,3,4,2,1,3,2,4,2,4,3,3
Atp2b1,23,19,18,25,20,18,26,26,32,29,29,43,22,22,19,26,22,34,29,15,7,39,21,11,18,16,15,14,23,14,18,9,13,5,14,11,11,22,8,6,20,13,14,13,19,20
Atp2b2,7,2,2,11,7,5,10,9,13,14,0,13,0,9,11,13,15,23,4,8,3,7,13,11,1,0,4,5,0,5,9,3,5,8,7,10,3,3,5,8,4,5,3,6,3,3
Atp2b4,8,2,3,4,9,5,14,7,5,8,12,10,9,5,13,5,4,13,8,7,4,11,9,5,5,16,8,14,8,8,12,5,6,6,4,4,5,8,12,2,9,7,10,7,2,6
Atp2c1,9,4,6,7,8,4,6,5,5,10,2,8,5,6,7,7,8,8,4,10,3,10,6,5,2,2,7,12,7,8,2,6,4,0,7,4,1,2,4,2,2,6,6,2,3,7
Atp4a,3,1,3,4,7,1,6,10,8,3,2,10,4,1,2,2,2,2,0,7,2,0,8,4,16,12,7,2,10,8,7,1,6,7,5,5,7,8,4,4,19,6,5,1,1,6
Atp5a1,3319,1693,2964,4517,3201,3376,4144,3707,4868,3454,3983,3973,4448,4134,4518,4988,4684,4748,3909,3827,1617,6410,5545,2993,4246,4398,3271,4404,5934,4883,3512,2972,4182,2777,4064,4370,3888,4092,4568,2810,5770,4554,4126,3279,4126,4244
Atp5b,4557,2276,3848,6104,4205,4491,5180,4583,6120,4550,5198,5347,5738,5402,5454,6659,6305,7212,5388,4557,1999,8781,6399,3625,4719,5527,4399,5405,7155,6268,4107,3524,5283,3609,5211,4943,4775,4969,5996,3525,6675,5750,5020,3926,4829,5240
Atp5c1,1468,813,1282,2290,1446,1633,1921,1683,2243,1640,1917,1965,2213,2017,2034,2263,2081,1912,1853,1637,782,2741,2432,1349,1968,2065,1497,1933,2740,2339,1545,1411,2103,1262,2065,2115,1837,1865,2196,1232,2637,2215,1997,1563,1826,1902
Atp5d,2885,1447,2423,4132,2519,3113,3645,3495,4141,3097,4025,3709,3649,3530,3863,3830,4173,4427,3447,3067,1151,5358,3904,2428,3509,3666,2981,3964,4882,4416,2996,2493,3702,2597,3684,3696,3040,3751,4049,2340,4895,3759,3259,2853,3492,3332
Atp5e,1737,1007,1914,2691,1058,2392,2120,1679,2333,1661,1922,2253,2304,1951,2113,2138,2128,1996,2611,1656,576,2577,2221,1562,2040,1698,1716,2163,2572,2745,1490,1754,2001,1825,2362,2387,1944,2113,2204,1392,2702,2306,2230,1646,2141,1941
Atp5f1,1822,867,1481,2444,1496,1820,2230,2196,2762,2057,1964,2446,2254,2199,2667,2402,2490,2625,2258,1977,746,2889,3041,1516,2147,2204,1761,2414,3626,2742,1796,1706,2028,1455,2009,2177,1981,2362,2243,1433,2605,2189,2060,1319,1808,2131
Atp5g1,1324,659,1300,1765,1013,1225,1644,1594,2127,1538,1362,1926,1509,1638,1794,1485,1445,1593,1221,1403,437,1502,1747,1174,1624,1610,1206,1352,1923,1612,1150,1167,1283,1247,1410,1338,1109,1406,1540,1068,1548,1582,1088,1011,1447,1471
Atp5g2,7,7,11,28,21,16,10,15,33,7,24,34,22,5,19,22,7,21,26,5,1,24,21,17,27,6,22,26,18,36,22,16,11,24,8,12,2,18,42,8,11,17,9,8,7,9
Atp5g3,3587,1971,3370,5522,3472,4486,4764,4428,5080,4376,4435,5113,5564,4619,4898,5699,5231,5763,4222,4065,2006,8119,6310,3872,5492,5411,3506,4898,7777,5109,3790,3769,4832,3764,5287,5367,4966,4908,5267,3307,6799,5259,4992,3994,4687,4727
Atp5h,2040,1154,1980,3009,1836,2404,2879,2453,3090,2306,2863,2933,2815,2665,3040,2687,2794,2955,2514,2235,912,3924,3207,1798,2788,2611,1978,2554,3350,2763,1915,1964,2693,1839,2715,2750,2381,2636,2662,1702,3317,2708,2428,2142,2382,2268
Atp5j,653,293,587,807,313,559,666,581,813,618,684,964,676,682,820,891,729,817,711,651,168,848,948,554,700,482,549,744,941,554,583,521,602,544,808,757,500,775,697,435,799,755,625,355,664,598
Atp5j2,2597,1331,2428,2786,1657,2402,2946,2456,3028,2809,3245,3207,3104,2995,3159,3280,2640,2373,3022,2821,928,3204,2587,2227,2921,2623,2632,2990,3824,3387,2323,2309,3195,2254,3163,2726,2633,2691,3031,2166,4063,3542,2818,2363,3027,2834
Atp5k,1433,791,1133,1595,1188,1310,1738,1449,1694,1598,1797,1932,1744,1668,1814,1626,1485,1488,1612,1518,657,1751,2024,1459,1778,1696,1552,1683,2070,2084,1029,1334,2160,1400,1778,1928,1889,1554,1967,1158,2407,1923,1707,1524,1936,1663
Atp5l,43,27,38,64,26,39,51,54,62,65,80,75,61,74,66,69,74,52,72,62,28,96,64,30,41,59,40,51,50,73,37,37,42,30,77,48,70,38,71,35,68,79,49,31,55,46
Atp5o,1076,517,986,1608,736,1065,1330,1319,1298,1308,1316,1686,1336,1460,1653,1515,1288,1564,1281,1210,330,2067,1724,877,1252,1308,1041,1541,1758,1469,962,1025,1135,863,1368,1216,1239,1476,1174,975,1567,1451,1238,802,1188,1372
Atp5s,23,7,16,33,28,25,25,25,30,19,39,38,18,11,27,28,47,56,35,15,10,45,25,18,31,24,24,24,37,18,22,17,27,16,22,11,22,24,25,11,29,28,22,15,17,21
Atp5sl,173,91,154,224,160,224,190,173,216,188,219,170,209,197,209,313,250,177,160,130,72,227,226,133,186,181,161,172,277,228,106,103,161,122,207,190,154,195,207,121,254,150,179,166,152,170
Atp6ap1,193,110,160,265,181,162,199,198,266,212,241,318,205,209,188,300,251,258,174,209,66,249,222,168,181,167,221,194,224,240,197,155,190,124,195,177,180,199,154,122,275,230,187,178,183,172
Atp6ap2,105,40,48,167,103,71,75,87,127,118,119,171,90,97,134,128,153,181,110,85,47,209,127,61,83,95,93,120,127,92,85,69,100,34,94,90,90,87,97,53,115,115,70,58,84,96
Atp6v0a1,141,54,123,183,83,130,161,167,209,158,136,221,142,121,144,186,118,187,105,119,23,119,174,116,132,109,105,142,185,132,160,100,98,101,129,113,98,135,124,96,173,123,113,69,119,80
Atp6v0a2,87,44,66,84,49,78,74,79,88,69,92,95,85,77,89,129,83,91,84,62,27,71,84,55,91,71,91,96,106,80,68,73,72,57,101,67,62,78,72,45,115,83,79,50,83,93
Atp6v0b,257,118,204,342,173,225,267,206,281,272,338,343,226,232,315,325,257,399,326,181,88,396,283,151,252,223,247,273,241,316,265,201,252,206,223,227,196,245,290,163,325,278,244,180,207,207
Atp6v0d1,320,161,264,484,279,405,397,322,516,345,391,510,371,312,412,410,396,427,328,326,118,484,415,234,351,401,293,413,404,382,253,273,358,217,370,302,281,340,356,224,467,344,372,240,282,305
Atp6v0d2,3,3,3,7,15,8,7,2,20,5,3,3,4,6,5,11,2,17,1,9,1,14,5,2,5,8,14,2,44,5,1,0,4,2,0,0,3,7,4,1,2,2,8,3,2,4
Atp6v0e,232,102,211,340,315,237,286,313,423,244,302,341,301,294,288,269,321,585,269,269,127,445,355,167,271,248,273,295,318,295,357,164,260,175,232,227,226,257,288,172,387,292,268,190,232,238
Atp6v0e2,8,3,1,10,6,4,12,13,4,3,12,7,6,3,2,8,7,6,10,3,1,6,9,2,8,10,4,4,8,10,6,3,7,5,3,1,7,8,3,7,11,7,8,3,7,11
Atp6v1a,110,55,92,163,113,94,96,87,180,105,121,157,124,123,110,146,167,168,103,92,45,172,137,58,99,89,94,119,122,136,114,83,102,62,105,99,85,90,101,45,157,93,91,74,89,75
Atp6v1b2,75,39,48,112,63,57,83,81,83,88,103,121,70,62,90,111,98,150,73,61,23,126,106,52,74,60,62,91,112,107,107,71,57,44,65,46,53,69,60,48,91,48,67,44,65,79
Atp6v1c1,105,73,94,171,119,104,141,123,136,117,148,153,112,131,148,168,138,229,127,96,55,176,151,71,120,128,112,105,160,147,122,83,118,67,130,99,86,110,100,90,169,111,123,76,116,105
Atp6v1d,194,99,205,284,178,173,213,179,288,224,201,279,220,210,258,315,231,270,198,195,89,283,302,165,206,235,202,244,256,226,222,163,203,139,214,198,188,223,239,118,306,229,207,166,175,209
Atp6v1e1,562,314,518,912,643,560,610,578,857,632,727,822,617,717,707,747,793,895,550,553,248,1333,617,426,621,567,589,632,913,700,702,374,586,418,642,585,629,669,798,393,932,701,643,496,642,607
Atp6v1f,638,295,541,831,537,579,701,659,849,642,728,803,676,594,683,848,818,1018,601,592,276,1046,683,419,739,678,603,679,804,783,737,464,655,486,651,600,608,625,667,443,774,698,642,494,539,523
Atp6v1g1,214,118,212,285,211,197,304,293,301,237,284,373,256,190,229,273,252,389,218,201,93,454,317,173,269,249,238,207,318,253,202,148,268,171,255,266,195,231,234,146,287,255,293,175,200,220
Atp6v1g2,4,3,7,3,1,6,3,9,7,2,6,8,2,4,1,6,7,4,0,6,3,4,1,3,4,4,6,3,7,4,2,7,4,4,1,4,2,3,4,3,6,4,1,1,4,6
Atp6v1h,128,48,104,140,114,131,214,123,193,120,131,112,127,117,145,98,171,262,159,112,64,240,239,63,131,86,84,131,154,178,138,86,142,110,115,106,85,146,120,64,112,82,111,84,75,98
Atp7a,7,8,10,11,5,16,14,9,7,13,12,16,10,12,13,13,12,12,14,8,6,13,11,14,9,14,13,11,10,13,8,12,8,4,9,5,12,8,9,4,11,8,7,10,7,4
Atp8b1,19,8,24,28,29,27,32,23,58,30,25,44,33,25,35,33,25,25,36,36,8,23,51,18,32,34,47,51,48,26,16,11,42,5,24,23,26,32,20,11,39,44,32,24,24,24
Atp8b2,6,7,6,16,13,10,16,10,5,11,9,12,10,2,13,14,6,18,9,3,7,21,8,2,6,8,2,6,6,9,9,8,5,5,5,4,5,12,3,6,15,5,5,3,5,8
Atp8b4,5,1,1,4,2,4,5,3,3,1,1,4,2,3,5,0,1,5,0,3,1,3,5,3,6,3,1,1,6,2,5,1,3,1,1,4,5,2,3,6,6,7,7,2,5,2
Atp8b5,4,1,3,2,4,1,6,4,3,1,1,3,4,0,2,1,2,11,4,1,1,6,4,3,4,2,4,1,9,3,4,0,3,7,4,5,6,4,4,2,3,2,5,2,2,0
Atp9a,279,127,226,384,190,219,330,294,258,207,394,291,220,203,257,299,344,483,267,245,85,274,275,179,229,258,160,308,273,268,356,252,287,269,265,287,216,264,285,213,339,208,306,222,255,186
Atp9b,58,19,42,70,37,56,64,52,68,48,65,67,41,49,60,58,67,80,43,61,20,78,48,29,61,51,40,61,67,73,73,52,44,49,50,48,37,48,44,39,65,44,53,31,33,48
Atpaf2,83,36,78,116,60,82,104,75,93,74,108,111,91,69,108,127,98,104,61,84,16,103,95,69,76,84,77,93,116,91,70,48,76,57,104,98,64,88,92,51,125,84,84,66,71,86
Atpif1,266,126,201,401,231,197,305,281,255,348,260,242,296,186,286,292,264,472,292,307,120,308,296,163,212,273,212,267,349,279,420,150,268,244,265,244,186,274,221,146,370,238,305,165,235,226
Atr,0,1,4,6,5,2,11,4,10,8,9,8,8,2,13,6,5,19,7,8,0,12,11,2,6,7,4,6,6,10,5,3,4,3,7,3,5,7,3,2,3,1,7,2,6,5
Atraid,465,207,408,626,370,458,447,387,744,506,590,716,601,552,548,781,703,632,502,501,199,863,663,336,492,516,454,576,805,597,429,340,419,334,570,460,444,484,548,345,693,537,490,360,448,452
Atrip,37,23,39,71,49,40,44,52,72,37,53,77,52,50,35,41,50,63,41,37,12,36,46,39,40,50,45,39,48,44,48,30,49,35,45,43,34,55,45,35,63,47,38,38,46,36
Atrn,172,57,145,296,143,195,218,172,197,199,253,191,174,137,220,229,278,205,197,172,70,203,177,120,185,173,149,212,219,218,143,169,196,138,181,244,192,192,198,128,256,182,199,158,155,158
Atrnl1,83,35,69,129,69,96,92,90,136,101,125,124,101,86,108,127,119,102,123,90,33,110,99,52,97,87,93,77,91,109,74,62,88,64,103,76,65,91,94,56,147,79,67,47,73,75
Atrx,13,10,22,34,27,17,19,37,28,21,34,28,21,19,29,16,22,31,28,20,11,39,19,19,18,19,19,28,32,21,14,17,26,6,20,20,16,23,12,11,27,25,12,10,14,19
Atxn1,45,16,36,66,52,40,42,47,82,41,59,62,34,41,67,65,55,43,47,27,20,56,53,20,82,45,55,65,69,47,30,34,42,14,49,36,49,48,44,39,106,48,37,53,39,38
Atxn10,117,49,120,144,128,139,138,138,211,159,146,190,163,153,158,141,161,324,146,172,64,301,161,111,149,143,136,192,217,171,128,130,137,64,125,121,120,135,132,78,187,139,152,90,114,127
Atxn1l,55,24,54,79,53,47,50,53,65,43,65,71,71,46,47,71,50,52,53,41,31,62,61,33,56,46,43,42,66,58,39,29,38,33,39,36,32,34,50,21,71,69,52,33,44,31
Atxn2,229,111,190,447,157,272,264,153,228,230,276,236,232,209,289,328,354,296,222,174,65,297,277,180,264,258,164,181,286,248,140,185,218,141,229,206,181,182,190,110,330,176,194,166,135,139
Atxn2l,213,122,201,382,69,245,314,106,287,192,317,315,222,220,272,294,277,95,221,163,37,119,282,162,224,208,223,200,251,241,72,148,180,161,206,194,157,225,191,93,294,158,201,148,174,181
Atxn3,50,27,46,79,47,36,61,37,52,44,59,66,45,34,59,61,65,47,56,42,19,60,52,31,41,33,53,43,55,47,33,32,46,20,39,37,42,45,48,31,71,33,32,38,48,29
Atxn7,25,17,34,17,37,36,43,32,40,25,42,34,29,41,24,40,33,31,29,20,12,36,32,16,14,26,32,16,37,39,21,14,26,14,16,27,19,26,15,6,33,17,16,12,15,11
Atxn7l1,18,6,28,27,18,14,15,27,24,38,25,27,21,10,23,21,33,28,19,10,11,25,27,23,25,30,26,36,31,34,34,17,28,16,21,26,22,23,22,22,39,20,28,7,25,23
Atxn7l2,5,3,8,13,4,4,13,4,12,6,6,9,3,10,11,3,6,8,10,0,1,10,3,10,2,5,6,3,3,3,4,3,4,4,5,4,3,4,7,5,5,6,5,1,2,1
Atxn7l3,96,49,74,150,77,76,115,75,118,81,119,110,81,77,92,100,101,103,88,58,29,123,114,59,65,66,87,88,82,105,72,53,90,60,63,70,52,67,68,58,92,71,64,56,75,79
Atxn7l3b,58,28,64,61,20,43,64,29,105,53,74,95,52,61,52,49,50,47,113,70,10,34,60,23,32,45,34,38,38,65,19,31,36,27,29,21,27,54,28,29,39,33,27,18,26,30
Auh,225,139,238,421,190,258,317,297,292,281,405,278,292,231,291,326,451,368,350,273,117,491,349,193,231,243,235,305,389,293,232,206,305,183,251,232,202,257,292,175,390,282,275,212,234,238
Aunip,1,0,2,1,0,0,1,3,0,0,1,1,1,0,0,0,1,8,0,0,0,1,1,0,1,0,0,0,3,0,1,0,0,0,0,0,2,1,0,0,0,0,0,1,0,0
Aup1,618,306,648,1066,468,763,771,643,919,673,887,890,638,694,731,789,776,913,647,565,224,911,852,487,652,606,727,828,914,774,595,532,697,498,700,591,529,672,696,415,807,652,659,526,621,496
Aurka,4,1,4,7,11,2,2,21,4,2,5,4,7,2,7,2,3,25,2,2,1,1,5,1,4,1,3,3,7,0,9,5,4,5,3,12,7,5,6,4,2,2,3,4,3,2
Aurkaip1,702,340,687,1121,635,805,943,845,994,758,934,887,882,713,873,882,945,1084,818,737,318,1082,977,629,946,817,649,821,1033,982,796,602,877,610,877,793,704,873,904,569,1231,918,797,684,800,722
Aurkb,2,0,0,5,8,1,4,12,3,1,3,2,0,0,2,3,2,18,5,2,1,1,2,4,2,4,3,1,9,2,15,4,2,6,5,4,9,2,1,1,4,3,7,2,1,3
Aven,73,37,97,105,73,102,79,88,139,105,110,137,109,82,121,164,148,154,88,93,39,132,121,76,115,111,110,120,142,109,97,70,104,64,115,103,96,108,111,61,145,108,87,79,84,100
Avl9,23,9,20,48,33,20,27,25,47,24,33,23,27,35,26,49,47,38,29,15,16,48,37,13,25,30,21,48,40,49,40,20,27,22,21,28,29,23,25,21,61,35,28,19,14,29
Avpi1,480,222,408,634,666,411,659,722,786,513,585,827,552,424,525,619,599,1230,556,526,190,806,842,443,721,703,573,567,954,697,563,283,541,404,566,566,528,640,649,449,853,618,603,436,537,481
Avpr1a,101,84,124,160,164,86,111,160,241,192,143,202,178,121,169,140,191,72,108,108,45,71,158,55,105,130,138,130,158,123,26,26,119,49,68,38,54,90,68,42,112,80,72,81,63,56
Awat2,0,3,2,6,2,2,2,7,5,3,3,5,7,4,6,5,7,6,4,4,0,12,5,7,4,2,2,5,7,6,1,1,3,0,7,3,6,2,5,5,8,5,1,1,7,2
Axin1,69,45,92,132,53,74,94,73,82,81,103,96,78,80,82,111,107,126,89,68,23,154,81,57,72,57,90,81,83,87,77,40,64,65,90,70,68,69,83,44,93,76,63,60,59,58
Axin2,36,26,34,134,25,33,42,39,24,43,58,44,54,38,54,30,49,59,31,31,10,45,38,30,24,38,28,36,52,45,33,25,31,25,29,19,18,24,24,19,46,24,36,22,23,26
Axl,59,56,74,142,100,74,137,145,78,72,128,110,83,49,100,75,89,173,90,53,42,187,79,51,89,65,85,50,76,87,215,48,65,71,63,61,58,75,65,31,102,53,62,57,44,43
Azgp1,5273,2501,5313,8353,6363,6331,6442,5735,12042,6222,7808,9424,7098,7044,8184,7922,8423,7370,6824,6061,2690,8876,8503,4845,7450,7054,6381,7029,8941,8267,5038,4729,6493,3419,6143,5564,5420,6541,6697,4387,8846,7343,6160,4017,5671,6032
Azi2,68,42,59,88,58,55,69,59,96,84,109,102,76,67,85,112,121,61,64,63,27,98,64,54,67,68,79,67,77,57,43,57,75,44,71,70,59,44,62,28,93,67,63,40,54,69
Azin1,40,25,40,69,50,55,48,46,68,61,51,105,41,51,69,66,60,45,38,49,20,38,80,56,67,70,51,87,94,80,34,47,73,15,64,51,36,60,52,43,55,54,56,38,34,43
Azin2,2,0,0,1,3,1,0,2,0,0,1,3,1,0,0,1,0,10,0,3,1,2,0,1,2,0,0,0,0,0,0,1,0,0,0,0,0,1,0,0,0,1,1,1,0,0
B130024G19Rik,6,1,8,13,5,4,6,10,7,6,7,14,5,3,12,9,14,18,10,4,3,10,9,6,5,5,5,6,9,9,2,8,9,4,2,8,2,7,10,4,8,6,7,6,7,7
B130034C11Rik,1,0,2,2,0,2,2,0,3,2,3,3,3,6,1,3,3,5,2,3,0,5,2,0,0,0,0,1,4,4,0,0,1,1,0,1,0,0,0,1,2,1,1,0,0,1
B230208H11Rik,8,9,13,20,6,7,16,7,4,8,16,6,7,8,13,10,11,9,15,15,1,5,7,6,12,3,4,18,13,13,4,13,9,9,13,5,5,9,8,8,8,11,3,8,11,10
B230217C12Rik,0,0,2,2,4,3,1,0,2,1,1,6,0,0,2,1,1,1,0,1,1,3,2,1,4,0,2,1,2,1,5,2,0,2,1,1,1,0,0,0,0,2,2,0,1,0
B230219D22Rik,49,18,35,62,48,42,55,46,54,59,62,80,38,38,57,59,48,62,55,31,19,84,55,30,40,40,40,44,43,48,26,30,49,15,37,31,30,33,29,19,51,31,39,26,23,39
B230307C23Rik,10,2,6,7,6,7,11,9,8,13,9,11,9,11,8,13,4,11,4,12,6,12,10,3,9,11,8,7,14,6,9,3,5,5,15,12,10,3,7,4,16,8,7,6,3,6
B230354K17Rik,19,12,17,28,17,21,26,16,24,17,25,21,12,16,14,21,25,30,23,19,6,26,15,13,17,23,15,23,24,19,13,17,24,8,9,10,9,15,7,4,22,4,18,11,6,15
B2m,5327,2778,6173,8045,4440,6358,8822,6016,9322,6122,8379,9223,8002,7857,8921,6089,6408,4397,7017,7092,2454,4740,10034,5686,7875,6995,5864,6610,7830,7953,7277,5483,6989,4060,5331,5835,4807,6956,6068,4751,8454,7127,5509,4695,5124,5313
B330016D10Rik,8,3,7,7,2,7,4,3,5,6,8,13,3,6,13,6,10,4,6,5,1,15,5,6,8,3,6,7,7,11,0,1,7,6,7,5,6,6,7,3,9,3,4,2,5,7
B3galnt1,5,1,8,6,7,2,4,0,2,3,4,3,5,1,3,6,3,6,4,1,0,6,3,4,3,1,7,1,4,8,7,3,3,4,1,0,0,1,3,1,1,5,2,4,1,0
B3galnt2,61,22,56,81,61,54,76,56,79,59,98,86,58,60,64,81,88,81,78,43,33,94,72,36,71,55,62,60,70,74,60,48,78,55,71,50,50,51,57,21,102,47,55,54,42,57
B3galt1,17,3,7,34,22,5,16,14,65,35,34,34,6,6,10,45,26,17,13,17,10,14,9,6,8,13,30,44,24,41,12,16,11,5,16,21,17,13,22,16,28,22,34,10,30,11
B3galt4,1,1,2,5,4,1,1,4,2,2,4,3,5,2,8,2,5,3,2,1,1,2,3,0,3,1,5,0,5,4,4,1,3,1,1,1,1,2,3,2,1,4,2,3,0,2
B3gat3,158,76,102,204,118,151,182,145,188,142,188,197,126,147,170,145,150,159,137,108,43,194,152,95,134,117,127,171,154,148,107,107,132,114,143,79,110,132,136,86,174,116,110,91,131,117
B3glct,6,5,5,9,2,4,3,5,5,6,8,5,8,6,5,9,10,15,8,3,0,7,2,2,2,4,5,4,6,3,7,0,6,8,2,0,8,1,3,2,2,3,7,2,4,3
B3gnt2,47,21,28,71,56,26,46,36,69,56,53,74,51,33,36,85,56,65,45,32,17,76,64,27,49,42,41,47,79,70,58,25,49,26,43,39,36,43,43,26,64,44,37,39,45,42
B3gnt8,2,0,1,3,1,5,5,5,1,0,1,2,2,0,0,1,1,4,2,0,0,3,2,6,2,1,3,2,3,1,3,3,0,3,1,0,3,0,2,1,1,1,1,0,1,1
B3gnt9,7,1,5,9,3,5,10,12,5,8,7,12,5,4,4,2,5,12,7,7,3,5,9,8,3,6,4,8,6,6,6,2,7,3,6,4,7,2,4,2,7,5,3,2,1,0
B3gntl1,20,3,9,15,18,21,26,19,17,12,25,26,12,13,10,14,25,24,13,12,2,22,13,6,13,9,13,13,10,14,12,9,10,9,14,15,11,12,9,8,19,7,14,10,9,7
B430306N03Rik,0,2,1,3,1,1,3,1,1,0,1,2,1,0,0,0,1,3,1,3,0,1,1,2,6,0,1,1,2,2,8,2,1,2,0,0,1,0,0,0,1,4,0,3,0,3
B4galnt1,246,129,194,380,224,224,276,234,470,289,371,511,313,287,342,325,337,383,271,272,79,446,274,158,264,249,295,269,313,246,242,196,276,214,248,262,255,253,254,149,293,234,245,184,216,225
B4galt1,172,81,175,153,159,124,186,120,203,156,165,237,123,93,127,145,171,137,124,138,57,103,140,89,142,124,205,129,138,156,139,93,122,109,140,134,101,138,168,77,151,155,164,122,134,148
B4galt2,2,2,2,4,6,3,3,5,4,2,0,3,4,3,1,3,1,3,2,1,0,4,4,1,0,5,2,2,3,2,1,2,1,2,1,1,0,3,4,1,2,2,1,0,1,1
B4galt3,65,37,62,87,51,65,51,64,65,69,82,94,52,60,62,106,66,112,61,49,10,82,47,32,56,71,66,48,64,72,59,24,48,41,47,56,40,63,47,27,80,37,55,40,44,45
B4galt4,12,3,3,7,10,6,8,14,7,12,10,10,7,10,6,6,7,12,9,9,3,12,10,5,6,8,7,7,13,11,18,8,11,12,4,8,7,7,8,2,4,4,8,5,6,8
B4galt5,241,161,234,251,316,240,272,290,300,186,256,419,181,230,211,188,178,418,211,222,91,333,243,183,232,182,217,184,257,211,258,219,210,204,206,207,187,178,234,116,261,202,212,145,165,189
B4galt6,16,9,12,33,15,17,21,21,17,17,24,28,32,12,20,14,15,53,20,17,6,40,25,3,13,14,16,22,20,28,21,13,20,13,6,15,4,22,15,12,20,21,18,16,9,17
B4galt7,4,3,5,2,1,4,7,6,6,3,1,13,4,2,5,6,5,1,4,2,2,2,10,1,3,3,5,6,5,4,5,5,5,6,5,8,2,6,12,1,6,7,7,3,3,3
B4gat1,44,25,48,88,58,57,45,55,121,72,68,88,62,51,71,78,84,61,48,54,25,84,50,39,62,76,62,66,101,48,56,37,56,32,65,66,54,59,72,48,90,62,64,43,67,76
B630005N14Rik,31,17,22,35,29,33,28,15,33,15,24,24,29,25,28,23,26,18,29,21,11,31,29,9,37,20,23,29,35,29,22,10,18,19,23,27,24,24,19,14,39,20,13,14,18,15
B630019K06Rik,3,2,2,8,5,6,3,4,2,6,6,5,4,3,9,6,6,7,2,5,5,11,7,1,4,7,3,4,2,8,2,6,6,3,8,4,5,5,4,2,6,2,3,3,2,5
B930025P03Rik,1,0,1,16,2,2,0,1,1,2,4,0,0,1,0,27,33,14,0,1,2,18,1,0,2,1,1,0,1,0,0,0,0,0,0,0,0,2,0,0,3,1,2,1,1,0
B930041F14Rik,4,1,3,7,2,0,5,8,6,2,8,5,4,3,2,4,7,14,2,0,2,7,3,3,5,4,1,2,7,3,2,2,2,0,5,4,2,5,3,2,4,2,2,5,1,3
B930059L03Rik,3,1,6,4,2,3,3,1,5,5,4,2,4,1,1,4,0,2,6,3,3,6,2,1,2,1,4,3,13,5,3,0,3,2,2,8,5,5,1,1,3,6,2,1,2,4
B9d1,3,7,13,24,14,10,16,18,9,5,17,16,9,7,7,10,10,26,10,12,4,18,16,2,11,10,10,10,6,11,11,3,11,6,8,3,6,11,6,4,21,5,7,8,7,4
B9d2,56,26,45,60,31,43,56,47,57,46,64,54,44,47,40,73,48,62,53,47,14,62,52,26,39,39,35,34,50,33,77,26,33,29,46,37,52,43,42,22,56,42,40,23,26,36
BC002163,13,8,15,18,9,19,25,15,10,18,27,21,20,17,25,16,21,10,19,16,62,14,20,10,16,25,13,22,26,19,13,160,28,17,16,21,10,16,14,23,18,13,6,14,12,14
BC003331,108,59,108,209,152,140,151,149,149,140,179,178,138,112,171,121,154,217,128,116,52,189,162,104,146,143,89,149,155,136,137,108,165,92,125,143,108,127,121,93,194,123,142,106,98,105
BC003965,18,12,16,18,21,23,22,20,29,22,34,26,27,21,20,24,42,39,17,26,6,18,32,18,14,16,28,22,31,24,11,11,23,16,27,26,21,33,22,23,24,22,20,20,16,21
BC004004,13,5,9,19,8,15,13,21,23,16,16,27,9,17,18,19,9,26,16,11,6,19,18,13,17,17,20,17,26,17,22,14,14,12,19,18,18,17,12,9,20,16,13,6,16,16
BC005537,14,12,28,33,29,23,30,11,28,28,20,43,27,28,35,45,18,29,33,35,9,39,29,18,19,22,27,25,36,24,12,17,16,9,16,15,26,11,15,14,29,23,30,12,13,19
BC005561,6,1,2,2,1,0,3,0,1,3,1,5,0,1,2,2,0,1,2,1,0,3,1,3,2,0,5,4,3,0,1,2,0,1,0,1,0,1,0,2,1,2,1,1,0,1
BC005624,49,20,24,57,27,40,36,42,78,46,42,49,56,37,48,39,45,60,29,42,16,40,47,14,37,47,26,41,74,41,23,24,32,27,39,25,27,47,33,25,55,41,38,19,26,30
BC017158,41,30,61,68,58,67,70,60,70,57,57,92,60,57,62,72,80,108,47,63,24,68,81,62,86,60,61,66,82,82,45,38,70,43,76,60,52,62,72,62,82,87,74,57,66,59
BC017643,34,15,44,47,31,34,37,45,49,31,54,62,29,30,34,34,31,42,25,35,6,41,37,24,37,31,36,40,35,45,47,20,14,24,29,35,21,34,30,16,42,27,24,18,21,30
BC020402,6,1,3,7,3,4,2,2,4,3,10,5,7,5,5,3,4,4,3,5,2,5,1,3,6,3,2,6,2,6,3,2,8,3,6,4,4,4,3,0,6,4,5,2,2,5
BC021614,57,29,45,71,48,45,102,92,69,67,21,51,55,61,60,49,49,149,66,65,12,82,95,30,59,43,46,39,115,65,48,36,43,43,55,44,49,68,58,45,68,44,86,43,69,54
BC021767,6,3,2,4,5,1,7,9,5,6,6,12,2,4,0,1,2,2,2,8,3,4,9,2,6,5,10,6,6,5,3,3,4,3,5,2,9,4,7,2,16,5,2,0,1,2
BC021891,8,2,3,17,4,2,6,4,12,12,8,18,7,2,5,9,8,11,5,7,1,10,15,6,7,4,8,7,11,4,0,5,9,1,3,5,7,6,5,0,8,5,3,1,3,5
BC022687,2,4,4,5,9,6,3,2,5,5,10,9,5,4,7,7,4,12,6,4,1,12,6,6,9,3,4,3,5,4,9,3,6,5,4,1,3,9,4,2,3,4,1,2,7,1
BC023829,41,35,60,72,29,57,60,65,86,55,56,97,80,74,73,87,41,39,67,58,12,67,53,48,50,33,67,65,86,45,57,30,48,51,46,53,52,32,67,35,76,61,49,25,44,42
BC024139,20,11,36,49,29,26,27,30,42,33,41,32,32,27,30,35,43,24,23,24,8,28,34,16,31,21,27,39,43,33,22,13,23,16,35,24,22,29,34,15,42,37,35,33,34,29
BC024386,1119,527,1302,1651,994,1471,1603,1087,1943,1296,1869,1354,1093,1205,1476,1574,1608,797,1157,1070,434,1591,1420,1017,1515,1522,1162,1269,1946,1526,677,976,1424,890,1449,1328,708,1311,1191,775,1885,1189,1158,1126,1092,1093
BC024978,11,4,8,21,10,17,12,6,11,11,14,19,6,4,18,7,13,11,3,9,6,10,17,8,9,13,9,10,15,10,7,5,10,8,10,4,8,6,6,9,17,13,12,7,12,7
BC025920,1,4,2,6,7,2,7,5,2,6,10,5,1,2,9,10,3,3,9,2,2,8,1,0,9,5,2,5,2,2,1,4,5,4,3,3,6,6,4,4,4,1,2,0,1,0
BC026585,17,6,12,18,12,12,12,12,11,12,12,16,10,9,11,13,10,14,11,9,5,8,16,4,7,14,18,11,18,22,15,15,15,9,17,20,10,15,15,10,19,15,10,12,13,9
BC027231,10,8,8,28,6,14,20,11,12,11,9,23,13,14,23,18,20,11,14,4,1,25,10,9,5,9,10,10,9,17,13,12,12,9,11,7,5,10,7,10,14,11,10,4,6,4
BC029214,64,35,68,76,55,61,72,72,60,65,50,105,52,71,56,65,45,83,56,52,12,87,69,64,74,85,46,74,97,65,47,56,65,63,79,65,54,71,48,66,99,94,62,67,67,79
BC029722,116,48,104,126,91,115,121,116,123,107,160,229,98,97,150,124,158,188,86,85,40,172,156,91,123,99,107,136,164,138,122,95,82,108,122,120,91,133,131,56,200,104,129,96,104,108
BC030336,18,13,17,35,25,18,27,16,29,28,31,38,19,32,29,27,21,17,27,17,7,30,32,7,18,17,20,27,31,28,14,22,18,10,14,29,21,20,16,13,23,24,17,14,12,12
BC030867,2,1,1,8,3,0,2,4,2,0,3,0,0,0,3,6,3,7,1,3,0,2,4,0,0,1,1,1,1,5,4,2,1,1,3,1,3,3,0,3,0,4,0,1,0,2
BC031181,457,227,388,609,359,397,499,459,622,435,560,750,440,470,557,510,493,537,452,460,177,519,610,324,515,489,490,559,575,470,473,434,537,363,515,290,458,477,447,343,789,570,444,451,472,465
BC031361,7,0,3,2,4,1,5,4,2,3,6,8,5,1,0,1,1,2,3,5,1,1,0,3,1,3,1,2,4,3,4,4,3,2,4,1,1,2,4,1,1,2,0,3,1,3
BC037034,45,35,55,60,37,61,54,44,69,54,53,99,48,44,64,37,46,68,48,48,17,59,65,41,36,46,58,48,62,54,74,37,43,35,56,37,47,52,49,29,79,40,51,43,54,44
BC037704,6,3,1,1,0,4,4,2,5,2,3,12,4,1,1,3,1,2,6,3,0,5,3,5,0,0,2,0,5,5,1,5,2,1,3,4,2,5,2,1,8,2,1,1,0,4
BC048403,16,9,16,32,25,17,25,20,29,18,25,44,17,18,16,27,27,43,20,20,4,42,15,9,15,20,18,14,29,37,15,14,26,12,15,12,18,16,21,13,29,23,17,14,20,15
BC048546,9,3,5,14,11,10,10,5,11,7,13,19,7,5,4,4,12,4,5,2,2,3,6,3,2,4,13,5,6,5,3,1,11,5,4,9,8,6,2,2,8,4,11,6,2,3
BC049762,6,1,1,8,2,9,4,8,2,1,3,4,5,4,2,2,1,5,5,0,2,3,3,2,5,1,1,2,5,6,3,2,3,1,4,2,1,3,4,4,3,4,5,3,2,2
BC051226,14,4,7,8,16,11,8,8,24,9,5,24,8,11,13,6,15,11,17,12,6,11,18,9,14,8,9,16,26,18,17,9,17,10,10,10,2,15,13,9,21,8,10,14,12,8
BC052040,22,6,13,35,22,17,33,32,29,19,19,26,19,14,21,33,35,46,23,21,6,29,17,15,26,21,17,21,24,17,23,20,18,15,24,22,19,16,16,14,29,19,22,14,22,17
BC065397,7,4,6,5,2,4,5,0,8,4,9,12,3,6,13,6,6,4,6,4,2,9,3,2,6,5,6,11,6,4,7,4,8,5,10,3,2,4,4,4,6,4,6,3,2,3
BC068281,17,6,11,8,12,11,11,10,19,9,24,14,3,9,6,15,9,9,9,9,8,11,9,10,4,13,12,15,15,8,19,5,11,8,11,8,5,6,6,5,10,15,9,3,6,7
BC089597,696,328,563,746,506,426,502,408,1246,672,669,1006,583,671,716,803,946,380,562,604,170,585,618,402,535,465,655,543,895,616,197,252,357,316,420,303,396,413,375,214,462,341,387,315,436,460
Baat,1316,689,1158,1547,955,1263,1395,1271,1848,1380,1754,1744,1530,1284,1501,1683,1830,1222,1695,1292,526,1709,1750,958,1446,1406,1315,1531,1895,1432,1284,1077,1439,1024,1533,1312,1084,1467,1522,896,1873,1451,1222,944,1250,1301
Babam1,406,170,353,569,393,396,518,428,601,463,500,535,477,428,489,564,527,563,437,438,156,544,537,256,488,492,397,489,542,529,436,328,447,326,488,419,432,442,511,297,664,496,488,346,404,463
Bace1,95,50,95,149,98,82,88,107,79,104,140,120,92,94,117,140,114,147,101,87,36,113,125,76,63,73,92,75,85,93,73,60,100,56,83,77,47,80,99,47,123,84,107,64,59,63
Bach1,16,3,4,21,11,5,8,8,16,13,18,7,11,16,14,22,19,20,17,7,6,16,15,5,13,14,3,24,20,12,6,8,7,4,12,11,9,7,8,11,10,12,12,7,10,5
Bach2,9,4,10,24,10,9,3,12,24,13,11,27,15,5,25,21,18,13,8,11,2,6,18,7,5,13,15,29,16,10,7,24,9,5,8,9,14,8,19,14,12,33,8,5,16,8
Bach2os,3,2,0,6,2,1,8,9,1,2,4,8,3,1,4,3,3,5,3,2,1,4,3,4,9,6,4,6,6,3,2,3,1,6,3,2,4,5,3,0,4,2,7,4,1,2
Bad,94,45,94,128,75,103,81,92,157,87,120,140,89,72,93,104,116,96,98,89,31,102,75,45,86,68,115,89,99,108,77,59,92,75,71,84,76,81,90,56,132,69,76,47,85,60
Bag1,549,228,379,637,284,411,516,466,479,556,542,616,527,495,544,599,552,613,442,438,128,580,479,297,420,462,479,586,639,513,418,350,484,423,530,517,361,473,460,297,630,497,473,308,409,378
Bag2,16,9,13,25,17,8,19,21,18,27,17,34,23,15,20,24,28,25,23,15,5,39,25,13,13,22,8,16,25,12,14,14,7,9,14,12,9,18,9,8,22,21,10,15,11,21
Bag3,131,95,146,117,131,131,119,104,162,87,96,308,155,124,161,77,94,141,108,118,40,126,173,106,106,93,118,112,147,109,172,104,107,83,138,103,95,105,119,77,138,156,118,78,82,126
Bag4,13,2,6,6,4,8,7,2,7,8,10,16,5,4,12,7,10,4,13,6,2,12,9,6,7,6,8,11,3,13,3,9,4,3,5,2,4,5,6,6,7,6,11,4,5,7
Bag5,57,55,79,145,62,82,86,83,98,66,133,124,107,108,105,91,106,125,86,80,32,151,100,70,93,64,89,80,85,101,74,63,66,43,77,67,56,75,82,42,120,81,97,66,65,82
Bag6,373,164,328,527,309,304,452,417,433,355,508,468,399,338,403,418,413,477,352,335,128,497,430,276,373,372,348,359,453,368,368,273,343,278,353,333,308,370,359,214,539,340,347,267,320,291
Bahcc1,12,11,14,19,8,22,11,17,28,13,24,23,14,5,26,23,18,9,27,18,9,13,23,8,20,12,13,19,24,18,11,8,14,12,17,8,13,18,14,11,16,18,10,11,10,25
Bahd1,62,44,80,124,73,47,98,77,76,49,111,98,83,62,79,92,89,104,78,66,23,115,75,32,78,47,58,72,82,72,70,50,56,43,47,42,41,64,72,36,65,49,64,33,50,62
Baiap2,61,65,81,115,102,92,74,90,180,109,100,211,126,149,123,103,136,178,100,96,28,274,102,55,125,106,99,72,136,70,57,61,77,73,87,35,72,91,83,38,133,81,56,65,59,85
Baiap2l1,116,53,97,256,95,126,127,102,177,146,165,178,186,157,166,146,179,255,111,104,56,289,136,81,125,144,102,141,146,120,120,95,143,126,93,105,125,135,123,99,173,114,93,75,88,93
Baiap2l2,0,0,0,1,0,1,0,0,0,0,1,0,0,0,0,2,0,3,0,0,0,7,0,0,0,0,0,0,0,0,0,0,1,0,0,0,0,0,0,0,1,0,0,1,0,0
Baiap3,2,0,1,4,4,0,5,3,0,1,3,0,1,0,3,0,1,3,1,1,2,3,2,0,2,1,3,0,0,2,8,0,2,2,1,1,2,1,0,1,2,2,4,2,0,0
Bak1,20,24,36,40,22,28,55,50,38,27,49,54,36,36,39,41,46,50,51,39,14,35,62,23,55,25,45,61,56,40,97,23,44,50,32,48,19,49,57,17,48,43,41,28,35,42
Banf1,279,136,315,461,196,331,352,399,383,334,332,405,353,321,327,373,389,760,342,291,100,589,374,247,268,261,286,394,481,354,379,249,283,240,357,240,283,354,320,233,413,401,355,251,314,322
Bank1,1,2,3,9,5,2,12,6,1,1,5,5,2,1,1,2,7,2,4,2,0,4,5,1,4,3,4,3,3,3,4,2,4,2,1,2,2,4,1,0,6,0,6,2,1,0
Bap1,107,49,93,168,82,113,135,103,148,118,137,143,143,115,145,152,147,139,98,83,37,179,114,86,81,128,93,109,145,140,124,92,123,79,111,119,83,122,95,68,160,103,86,84,92,97
Basp1,24,12,22,37,17,22,34,23,21,11,29,24,12,7,23,31,33,43,18,8,8,52,23,13,26,27,20,22,35,13,54,11,8,25,9,13,10,16,13,7,16,13,12,8,8,10
Batf,6,2,8,11,7,7,10,11,10,8,10,8,5,7,6,0,4,7,6,1,5,6,5,3,12,4,9,6,5,7,24,4,3,8,2,3,4,7,3,1,5,4,10,2,5,3
Batf2,1,2,9,6,3,3,4,7,1,1,8,5,2,1,3,4,3,8,3,5,2,4,3,1,6,4,4,1,3,6,45,0,2,3,4,0,1,6,4,3,1,3,2,0,0,1
Batf3,9,9,16,33,38,15,37,37,8,5,22,20,15,7,19,11,20,30,11,12,10,34,16,11,26,6,12,6,17,11,63,4,11,27,12,9,9,10,9,4,18,12,13,6,10,11
Bax,119,56,91,191,102,111,143,135,152,119,144,176,128,108,124,162,141,339,115,112,28,230,166,78,101,86,121,119,127,103,142,93,98,128,129,137,115,151,91,56,154,106,123,120,114,119
Baz1a,17,12,11,16,11,9,19,13,15,10,18,19,11,14,17,9,7,19,13,16,6,17,14,6,15,6,17,11,18,14,13,8,7,8,7,15,14,5,13,4,8,10,13,7,10,8
Baz1b,213,112,182,243,186,168,245,215,212,162,258,262,218,187,233,251,239,238,191,163,83,221,223,164,212,174,213,187,258,227,180,155,166,175,185,173,147,174,187,109,265,185,208,136,172,178
Baz2a,31,24,54,120,55,62,99,49,90,43,97,97,53,56,84,78,84,93,52,58,30,90,83,51,78,73,65,77,86,80,68,48,55,47,69,65,60,69,64,42,80,52,75,46,65,46
Baz2b,10,6,17,29,22,20,28,30,21,25,38,28,22,30,29,26,35,36,25,11,9,49,26,12,10,24,25,33,26,30,16,18,13,14,16,25,18,17,25,13,22,36,24,16,17,23
Bbc3,67,19,30,49,68,73,54,80,184,75,35,61,36,34,50,100,102,86,109,92,29,103,82,57,51,76,78,122,101,55,97,90,81,79,78,82,54,90,78,74,125,85,78,83,66,51
Bbip1,7,5,6,10,6,13,8,3,27,14,11,15,14,8,8,15,9,11,13,9,4,5,12,15,9,8,9,6,20,18,2,5,11,1,13,4,9,12,11,10,17,11,9,6,15,10
Bbox1,38,19,44,14,18,33,47,23,31,20,33,18,29,38,25,28,19,19,115,29,12,17,38,19,22,22,22,22,41,40,11,14,30,23,22,23,19,15,27,16,26,31,24,12,21,18
Bbs10,4,12,12,10,12,20,15,6,15,21,23,19,12,14,19,16,18,6,12,7,7,19,13,8,19,6,9,18,20,11,14,6,13,8,12,9,8,11,18,7,26,12,14,10,8,13
Bbs12,4,0,4,4,1,2,10,5,5,6,4,8,2,4,3,9,2,7,5,5,0,5,2,4,10,2,1,5,4,1,2,1,1,1,5,2,3,4,3,4,3,3,1,4,3,4
Bbs2,15,12,11,22,12,15,19,23,17,8,22,14,18,10,14,13,19,24,18,8,5,30,15,9,17,18,11,13,11,13,13,5,20,8,11,12,5,8,16,10,25,11,14,12,14,14
Bbs4,7,4,10,5,8,7,5,8,8,6,16,12,6,7,13,14,11,19,6,2,3,9,10,6,9,15,5,9,12,17,3,7,7,6,9,3,14,8,9,6,7,7,6,6,3,5
Bbs5,5,4,12,13,5,8,9,10,20,11,12,19,18,16,7,12,8,13,10,17,7,12,11,8,15,13,17,16,13,9,13,7,11,8,16,9,11,10,19,2,14,9,15,6,12,12
Bbs7,17,3,3,28,19,10,19,13,16,18,23,15,8,13,10,18,18,24,23,10,8,22,19,10,10,9,15,12,7,14,17,14,12,9,15,7,10,9,13,6,21,14,22,11,14,11
Bbs9,23,11,26,38,32,29,18,25,49,13,24,34,17,17,24,31,26,37,13,20,10,23,19,11,35,24,28,23,24,15,19,15,16,11,21,10,18,14,15,7,33,20,15,16,15,14
Bbx,8,4,12,12,16,2,21,19,16,13,13,28,11,16,10,15,12,19,15,8,10,17,20,13,18,17,15,14,18,15,15,7,5,9,7,15,8,12,9,6,9,13,6,2,10,5
Bcam,20,11,15,22,24,13,18,17,19,15,25,8,20,13,14,15,25,23,22,8,9,28,22,7,14,21,21,25,20,27,15,7,18,19,9,11,16,18,11,11,33,11,13,18,10,28
Bcap29,9,2,11,13,3,10,11,8,11,11,8,15,17,16,15,7,11,6,7,9,4,13,17,11,7,15,8,16,15,17,15,11,7,3,13,12,10,13,12,2,18,14,10,10,12,7
Bcap31,572,283,549,812,538,629,766,661,820,624,786,835,672,659,758,913,825,754,757,580,187,761,855,436,690,661,549,692,854,657,641,429,650,483,653,606,514,698,595,408,912,678,601,441,501,569
Bcar1,165,89,182,281,108,168,214,166,162,171,238,196,175,157,211,237,280,171,196,177,45,153,175,96,159,141,144,139,197,177,143,161,201,142,176,130,137,175,173,85,229,162,147,128,145,158
Bcar3,187,86,157,273,204,259,173,218,280,216,208,322,214,191,271,226,265,204,239,200,84,262,269,162,219,245,178,203,281,190,167,146,265,162,214,177,203,190,205,124,335,228,161,177,131,159
Bcas2,224,119,170,313,190,186,213,215,305,222,297,303,250,208,240,309,299,321,229,205,83,370,267,148,236,187,186,245,323,232,260,141,189,160,204,197,182,177,240,132,275,216,203,142,185,187
Bcas3,98,61,94,113,67,91,95,94,129,102,124,126,95,96,83,95,118,136,91,84,36,140,111,67,104,98,78,89,110,132,81,76,98,67,81,87,83,84,98,53,132,105,101,67,85,98
Bcat2,27,8,12,20,16,9,24,23,30,28,22,51,20,18,9,28,21,25,15,15,4,17,15,12,15,27,21,21,32,18,24,17,21,24,15,13,15,23,19,5,24,9,17,15,17,19
Bccip,376,202,366,599,359,385,455,386,602,422,526,637,514,427,526,552,508,549,401,432,206,717,551,300,402,434,371,452,519,483,372,288,430,310,451,373,316,368,448,259,564,443,411,308,309,331
Bcdin3d,26,9,19,35,12,20,27,28,32,26,39,30,22,17,26,34,32,54,16,27,3,44,22,13,26,17,23,21,37,21,21,16,23,18,25,22,15,21,22,19,44,39,22,25,22,23
Bche,5,9,10,15,3,17,18,6,30,22,14,31,15,7,12,17,24,5,12,14,0,11,18,14,16,11,14,12,29,15,3,6,9,12,15,13,11,16,8,8,18,15,11,6,14,16
Bckdha,987,425,755,1397,486,968,1083,1002,1118,879,1179,978,1036,927,1181,1260,1261,1056,1140,885,245,1327,1209,717,983,940,872,1115,1432,1143,777,807,1024,881,1091,1215,831,1038,1158,696,1439,1115,1010,778,976,945
Bckdhb,227,160,291,501,395,350,354,330,679,311,410,463,439,379,365,430,448,426,263,335,186,581,444,309,373,468,354,383,596,500,404,295,349,239,404,399,374,354,388,243,513,428,386,338,334,380
Bckdk,16,7,20,34,15,24,25,24,19,20,33,26,18,18,20,29,20,35,8,19,14,27,18,8,15,17,22,19,29,34,19,18,22,18,29,21,10,18,20,7,21,9,26,26,34,14
Bcl10,76,35,61,136,100,80,92,85,117,84,115,82,98,81,90,79,114,165,75,65,32,171,81,64,90,87,61,69,102,97,96,50,73,70,71,85,84,68,64,34,102,90,71,62,35,67
Bcl2,6,9,11,20,17,17,17,21,16,16,11,14,6,9,10,12,15,29,9,15,7,32,18,5,21,11,10,10,14,14,17,10,12,8,12,10,10,11,9,6,16,10,15,12,8,9
Bcl2a1a,0,0,3,2,2,0,1,0,1,1,3,1,1,1,2,0,1,3,0,2,1,3,1,0,3,1,3,2,1,1,6,1,0,3,0,1,4,0,1,0,0,0,1,1,0,0
Bcl2a1b,0,2,1,4,2,2,0,4,1,2,2,3,0,2,1,2,1,7,3,0,0,3,1,0,1,1,4,1,0,1,16,0,0,4,0,1,1,2,1,0,0,1,0,0,0,0
Bcl2l1,202,91,179,258,153,205,197,178,223,179,197,207,236,200,214,247,242,328,176,148,67,193,235,146,211,216,217,203,282,192,227,134,226,163,207,213,189,229,163,113,293,198,214,147,179,230
Bcl2l11,23,8,24,39,16,13,24,13,21,14,45,20,23,8,11,46,57,58,29,20,7,54,23,8,14,23,6,16,19,15,26,9,10,8,12,18,12,16,15,8,19,12,11,11,6,13
Bcl2l12,28,16,14,39,23,13,22,38,32,32,31,56,26,25,35,32,27,39,31,33,6,21,28,21,31,33,30,25,36,38,44,16,20,26,27,31,19,36,33,17,42,21,34,20,24,40
Bcl2l13,63,31,58,101,53,67,70,46,57,48,80,53,64,74,62,77,68,80,74,39,31,80,76,40,39,53,53,57,66,73,51,39,56,35,60,58,48,50,56,24,83,52,52,47,57,59
Bcl2l14,0,0,2,6,2,0,0,3,0,2,4,0,2,1,0,2,1,19,0,2,2,4,0,0,0,1,1,0,4,0,10,1,2,1,0,1,3,2,1,1,1,0,1,1,1,1
Bcl2l2,77,42,72,113,58,64,85,54,82,74,89,94,86,75,58,95,81,102,75,76,28,100,95,56,64,78,65,83,114,72,78,51,61,36,73,69,59,59,70,31,114,57,70,41,51,61
Bcl3,276,170,393,347,307,373,302,268,409,205,342,692,260,288,304,182,175,196,225,242,97,242,324,152,278,152,272,158,224,218,381,157,154,132,294,157,134,190,166,80,269,131,211,148,145,163
Bcl6,26,73,14,88,69,187,29,171,139,26,33,82,33,120,190,15,29,27,63,15,6,52,53,11,108,256,37,29,74,42,40,65,44,76,125,16,110,34,18,74,164,101,25,36,12,49
Bcl6b,8,1,4,3,9,4,12,5,4,4,4,7,4,4,9,4,4,10,7,6,1,2,4,0,4,7,6,1,7,3,9,3,5,5,6,5,2,9,8,3,6,7,10,5,2,13
Bcl7a,14,18,23,39,21,22,29,29,22,31,30,29,27,17,28,26,19,27,19,17,1,35,18,11,35,19,24,19,27,23,17,15,23,9,18,12,13,16,14,13,29,17,14,10,13,18
Bcl7b,56,31,63,80,42,62,56,48,72,54,80,93,69,43,65,79,62,68,54,42,23,82,60,40,53,51,58,57,60,55,66,44,55,36,48,55,45,55,54,36,63,44,54,39,43,41
Bcl7c,81,40,45,75,47,52,70,44,77,73,102,110,66,53,82,53,71,46,81,45,1,1,59,1,46,51,73,76,3,69,51,75,88,81,64,53,39,69,68,29,93,55,49,50,48,37
Bcl9,10,7,11,18,8,8,18,16,12,12,17,32,11,8,10,10,12,14,13,7,2,27,12,8,10,12,11,7,15,12,16,7,11,8,18,10,8,19,19,7,15,6,14,7,14,7
Bcl9l,128,84,122,148,83,132,119,95,76,102,170,150,150,92,125,100,113,119,97,79,38,105,110,73,92,80,93,120,145,125,88,76,66,76,92,69,59,98,86,43,104,73,107,64,87,74
Bclaf1,4,2,11,15,6,5,11,10,3,8,15,12,5,4,15,10,7,8,8,12,1,7,11,7,12,10,6,5,12,10,7,2,6,3,4,5,8,10,9,3,4,9,8,7,3,11
Bco1,43,24,45,54,79,23,50,53,86,47,67,78,53,27,46,58,60,195,33,43,24,100,68,34,30,42,54,42,39,46,42,21,35,35,34,31,42,48,32,17,44,37,29,44,37,26
Bco2,69,25,33,70,44,49,74,74,79,73,79,79,63,66,92,84,86,39,70,67,11,55,73,52,53,63,81,62,102,100,43,40,66,49,55,55,57,60,54,65,81,84,66,46,92,69
Bcor,39,29,29,84,43,46,43,42,51,59,49,87,48,57,66,57,64,64,35,34,16,84,48,28,35,48,31,22,73,38,44,25,24,29,34,30,40,45,36,23,47,27,31,23,32,34
Bcorl1,6,6,3,6,5,9,12,11,10,10,13,8,4,9,10,6,4,8,9,15,2,9,7,3,8,10,9,13,10,7,9,5,5,8,3,6,7,7,5,4,13,6,8,12,8,9
Bcr,58,29,27,39,27,45,41,41,70,41,47,60,41,31,41,52,51,42,43,24,5,46,39,20,47,46,38,43,55,44,33,30,31,35,36,32,51,42,47,25,50,44,46,30,30,38
Bcs1l,42,23,37,72,54,58,70,51,74,55,50,85,50,34,73,55,58,63,45,58,23,55,60,37,45,48,63,85,68,70,48,48,58,39,55,41,52,62,40,37,80,62,52,31,44,53
Bdh1,294,126,259,424,153,300,282,268,154,280,375,261,223,221,338,487,560,593,297,285,107,265,261,197,251,298,276,297,384,345,290,250,299,274,333,298,281,286,309,162,359,283,290,266,270,239
Bdh2,188,112,171,268,136,223,228,246,188,192,238,195,243,200,180,195,170,286,224,172,56,270,296,182,313,241,216,224,452,234,171,158,243,148,229,204,227,212,232,137,343,274,199,168,234,251
Bdnf,6,0,3,7,2,2,10,6,4,4,1,5,1,4,3,2,0,0,4,4,1,0,1,1,4,6,7,3,3,5,1,2,3,4,3,1,5,1,0,2,1,3,2,0,1,2
Bdp1,6,4,7,15,4,8,6,2,11,9,13,9,9,7,9,4,12,9,7,10,2,10,9,2,2,7,3,5,11,5,0,6,8,2,4,9,5,2,8,4,6,6,8,3,3,2
Becn1,158,56,129,251,137,165,184,154,166,170,198,278,170,159,190,203,170,190,183,139,54,212,204,82,168,171,130,155,203,162,146,134,138,101,142,102,120,147,122,86,201,176,171,95,114,138
Bend3,24,22,19,30,11,20,36,16,30,19,29,24,19,30,22,31,33,29,29,20,1,33,22,13,22,23,22,30,24,28,14,19,17,13,29,17,14,32,22,13,30,21,16,24,31,28
Bend4,2,1,1,5,3,2,3,5,2,0,3,3,1,2,2,5,4,2,4,2,0,2,4,1,2,7,1,3,7,0,4,1,2,2,3,2,3,0,2,1,3,1,4,3,1,5
Bend7,21,16,13,38,19,23,24,25,35,20,39,23,19,29,18,48,45,28,20,24,7,43,22,9,21,22,22,40,22,21,14,12,24,8,23,12,14,11,15,7,18,20,17,10,15,26
Bet1,277,108,216,331,243,267,360,307,374,277,342,424,281,276,399,343,407,350,298,281,150,336,482,210,328,300,238,368,283,368,331,312,405,228,410,406,326,318,348,208,450,349,398,255,253,283
Bet1l,68,66,68,104,58,87,121,70,97,68,110,167,68,91,112,86,78,124,90,104,31,107,110,56,88,70,65,78,98,105,89,52,79,74,80,71,58,92,78,54,77,77,70,62,81,66
Bex1,4,2,2,3,2,1,1,5,2,4,7,0,5,2,2,4,0,4,6,3,0,5,5,2,4,4,1,0,3,3,1,2,3,2,3,6,4,5,2,0,3,1,2,0,0,5
Bex2,1,1,0,1,3,0,2,1,2,1,1,2,0,1,1,2,4,13,1,0,0,17,1,0,1,0,0,2,0,0,0,0,0,0,0,0,0,0,1,0,1,0,0,0,0,1
Bex4,3,1,1,3,1,4,4,7,2,2,1,2,9,4,1,3,3,7,3,2,1,3,5,2,3,3,2,2,6,5,1,2,2,4,1,2,2,6,2,3,1,0,4,1,3,2
Bfar,177,69,162,308,142,184,211,146,221,144,279,243,185,149,255,245,248,189,145,157,79,205,208,93,198,210,117,203,199,280,180,148,168,123,155,140,132,154,189,96,235,181,169,154,122,163
Bglap3,2,1,0,1,0,0,2,0,1,0,0,0,2,3,6,1,4,1,2,0,0,0,2,1,1,1,2,2,3,0,1,0,1,2,0,0,2,3,1,1,1,1,0,0,0,0
Bgn,363,200,231,615,339,315,540,501,359,364,650,482,483,337,440,390,491,619,467,261,167,723,607,198,367,453,325,467,555,503,351,308,374,381,238,291,329,462,366,236,595,275,358,286,263,373
Bhlha15,7,11,5,1,5,1,6,4,4,4,4,64,2,6,2,5,5,26,8,11,5,3,5,3,0,3,5,3,1,0,1,3,2,0,0,0,0,5,1,4,6,1,0,2,4,2
Bhlhb9,14,0,7,18,1,1,7,7,7,4,8,5,4,4,8,12,8,23,8,8,3,9,7,7,3,10,5,6,11,8,4,6,8,4,11,9,7,6,5,4,3,6,8,5,7,11
Bhlhe40,336,195,313,553,282,235,361,239,325,299,270,449,312,293,294,368,283,260,220,230,82,275,442,273,395,298,272,296,419,442,229,210,234,141,269,236,195,198,274,177,472,245,466,193,312,239
Bhmt,1469,891,3151,3606,3148,3559,3994,3984,7274,2228,1622,4214,5811,5901,3110,1296,1040,3072,1430,2949,965,3743,7402,3889,6026,4111,3293,4396,7652,5269,3888,3449,2817,3777,3906,4384,2509,4996,7506,6093,9717,8406,5287,2556,5110,4607
Bhmt2,451,217,457,574,598,431,599,574,1157,576,465,897,816,571,603,580,571,586,435,484,244,749,840,467,734,649,533,583,1004,741,459,336,579,450,582,669,557,560,733,433,1004,636,676,460,541,543
Bicc1,63,29,31,73,53,50,75,62,46,58,83,64,70,28,39,61,61,92,78,55,12,60,72,22,24,71,37,51,54,54,28,26,55,51,22,41,19,44,41,45,73,24,31,18,29,56
Bicd2,61,22,56,76,48,49,57,46,66,39,69,71,55,49,46,54,64,70,59,35,13,60,48,37,53,47,43,51,51,55,43,53,47,36,48,46,47,39,49,28,62,58,55,45,42,47
Bid,46,33,66,106,69,69,81,57,114,54,63,82,70,64,65,88,92,115,62,52,20,165,59,47,48,70,57,66,89,81,85,44,80,46,65,60,72,56,44,50,80,64,67,53,63,41
Bik,30,32,25,41,27,24,33,34,55,42,59,58,27,35,31,88,94,64,34,51,17,71,31,28,32,38,23,52,36,30,39,27,33,29,36,32,16,30,40,37,78,41,24,15,30,26
Bin1,125,57,101,155,108,85,171,139,124,133,147,139,104,92,121,184,130,158,126,100,44,145,125,64,95,108,85,135,100,108,185,82,109,106,132,95,80,119,109,57,132,92,108,96,89,87
Bin2,6,8,7,16,19,14,17,21,9,4,20,16,10,5,8,5,15,12,7,11,5,13,12,10,30,7,12,7,11,15,24,7,12,20,8,10,14,8,13,3,5,10,9,9,6,5
Bin3,38,24,53,81,39,38,40,38,65,35,57,76,57,48,42,69,60,76,33,43,26,108,42,27,47,49,41,47,53,42,49,30,31,32,42,35,51,41,33,15,69,43,52,32,43,42
Birc2,37,22,38,44,52,31,39,50,46,47,64,76,55,38,42,42,42,70,37,34,12,74,55,32,41,50,35,44,59,54,67,21,36,16,33,31,25,42,23,24,48,48,26,23,29,35
Birc3,33,13,34,51,46,30,51,50,73,40,52,49,33,29,39,45,54,41,38,32,20,50,45,29,34,44,42,46,68,50,62,26,35,28,45,36,35,38,26,24,59,33,30,22,30,31
Birc5,4,1,1,11,11,5,13,16,7,5,4,3,2,5,5,2,3,31,3,4,2,13,9,3,4,8,5,6,16,5,24,3,10,4,5,8,17,4,3,1,3,6,16,5,4,5
Birc6,25,14,32,60,40,48,51,24,42,37,53,57,37,39,33,36,37,39,44,29,19,48,41,26,32,38,33,32,42,31,27,21,33,31,34,36,33,42,37,25,47,28,42,44,33,33
Bivm,4,4,7,9,6,7,13,7,11,13,6,18,12,9,7,15,5,13,6,9,6,8,10,8,12,14,11,8,11,7,4,4,17,2,8,10,3,8,9,6,12,14,12,6,11,10
Blcap,79,45,95,122,44,76,121,80,80,59,107,136,106,86,95,118,92,123,94,61,23,93,121,96,83,73,95,96,93,91,105,74,75,96,98,82,63,73,84,79,138,85,90,81,95,73
Blk,0,2,0,3,0,0,2,2,0,3,1,0,4,1,1,1,5,1,3,1,0,7,1,2,0,0,0,1,2,1,4,0,0,0,0,1,0,3,2,0,0,1,0,0,0,1
Blm,5,1,3,6,10,3,6,14,8,7,6,15,2,6,9,4,7,9,2,5,1,12,5,6,8,2,2,4,5,6,4,1,12,1,5,6,11,5,2,0,9,5,8,5,9,6
Blmh,156,77,177,235,156,199,216,232,225,160,232,238,150,124,182,249,225,212,156,188,68,185,223,174,184,205,205,240,297,215,217,130,188,159,219,183,198,157,191,139,311,213,191,158,211,185
Blnk,67,32,38,103,108,54,69,70,67,70,78,78,48,36,62,97,99,134,62,45,23,96,89,53,84,101,69,50,112,88,50,44,54,41,39,55,58,59,66,42,111,65,54,34,43,42
Bloc1s1,1037,480,1016,1481,944,1161,1294,1260,1768,982,1339,1468,1246,1022,1231,1216,1366,1460,1048,963,428,1536,1312,886,1310,1151,1077,1175,1615,1332,1155,890,1240,893,1222,1150,987,1172,1331,784,1591,1125,1156,1024,1022,894
Bloc1s2,21,10,11,26,20,18,27,23,26,16,23,23,18,19,24,22,16,28,22,17,7,26,28,13,20,12,21,27,33,19,21,11,15,14,24,26,18,10,24,22,26,19,26,18,18,18
Bloc1s3,19,9,23,43,19,18,32,19,34,16,28,36,25,19,25,29,33,22,27,19,11,31,27,18,32,19,17,25,27,29,24,16,19,18,24,21,14,23,27,17,28,27,19,17,23,20
Bloc1s4,83,59,99,152,85,81,95,83,122,74,116,101,125,103,116,128,91,147,84,80,50,141,123,57,100,100,84,98,120,108,88,53,84,53,101,100,99,92,104,50,141,79,86,64,86,95
Bloc1s5,84,46,79,117,110,77,95,123,124,90,106,95,94,88,97,121,140,138,102,92,46,127,156,100,109,105,72,124,186,134,122,95,120,91,133,112,100,98,114,82,166,136,129,99,117,124
Bloc1s6,2,2,3,0,2,2,4,2,2,2,3,2,2,4,1,1,4,1,0,1,0,1,6,3,2,4,0,0,1,3,3,1,6,0,1,3,1,3,2,1,2,2,1,0,3,2
Blvra,79,34,97,129,97,104,131,134,140,119,140,126,98,103,105,110,140,141,87,108,40,155,146,81,129,103,117,117,137,154,133,61,139,95,100,120,88,92,127,59,134,108,129,80,102,92
Blvrb,1421,552,982,1851,593,794,1300,1211,899,1349,1682,1331,1229,1033,1445,2043,1960,2113,1416,1140,493,1908,1393,629,919,1005,797,1401,1034,1014,2786,802,1272,1050,1293,1109,776,1134,1345,658,1457,1176,1068,752,956,995
Blzf1,2,0,2,4,2,1,4,1,1,2,3,0,0,1,3,4,1,5,2,2,1,2,4,0,2,4,1,1,1,1,0,1,6,0,1,1,2,1,0,0,0,3,2,0,1,0
Bmf,28,10,10,35,39,34,26,25,58,31,50,20,28,11,24,47,74,42,56,22,7,48,44,15,36,71,30,43,48,30,13,16,23,28,19,13,27,26,29,21,92,21,21,19,27,19
Bmi1,31,12,20,37,27,16,50,19,45,39,44,61,32,38,36,33,36,53,27,26,14,81,44,12,22,36,24,27,40,41,20,16,22,11,17,25,28,22,21,17,39,38,20,11,15,26
Bmp1,337,212,341,566,358,426,456,441,815,501,559,749,473,477,552,558,573,436,383,452,109,518,501,285,483,452,524,440,658,533,281,351,444,320,462,457,387,495,517,280,634,520,493,340,499,420
Bmp2,14,9,9,19,13,21,25,14,35,18,18,15,22,18,21,35,28,27,24,19,13,37,22,20,19,17,14,33,21,27,17,9,14,16,19,13,17,21,13,6,17,14,18,6,8,19
Bmp4,4,3,1,12,9,5,18,9,15,5,9,12,6,9,6,9,13,3,8,9,1,8,10,2,12,8,7,21,8,3,4,4,12,7,6,5,2,5,3,9,9,2,6,7,7,10
Bmp5,1,0,2,3,3,4,3,3,5,4,7,5,3,2,2,0,2,1,1,2,3,3,0,1,2,3,3,5,4,0,4,1,4,1,2,0,3,0,5,3,3,0,4,2,0,0
Bmp7,3,1,0,2,2,2,5,4,3,3,7,3,5,5,4,2,1,1,4,0,3,6,5,6,3,4,1,3,3,2,1,4,3,1,8,1,1,6,2,4,6,2,2,2,2,5
Bmp8b,0,1,1,1,2,0,0,0,0,0,0,0,0,0,0,0,0,13,0,0,0,1,0,0,0,0,0,0,2,1,0,0,0,0,0,0,2,1,1,0,0,0,0,0,1,0
Bmper,1,0,1,1,4,0,0,1,14,0,1,2,1,0,0,1,2,6,0,0,0,5,1,0,0,0,0,0,3,0,1,0,0,0,0,1,1,0,0,0,0,0,0,0,1,0
Bmpr1a,30,22,31,39,37,29,32,33,48,38,46,47,33,27,42,44,48,58,42,29,17,48,52,17,28,28,37,33,38,49,28,25,38,21,32,17,21,20,29,16,36,28,21,18,23,17
Bms1,53,30,40,60,35,62,68,47,60,57,87,109,52,52,64,69,67,59,47,54,17,76,59,39,41,43,63,56,58,42,55,31,55,58,49,41,46,47,59,29,73,50,61,47,47,44
Bmyc,22,18,47,55,33,41,64,42,37,41,54,67,45,34,38,33,42,48,64,34,11,53,100,67,103,75,30,70,51,62,59,64,56,55,46,39,40,61,47,46,109,77,47,39,42,49
Bnip1,83,35,65,124,66,88,132,113,127,110,102,154,94,86,94,121,125,165,94,92,41,141,144,87,116,96,80,95,145,88,94,83,94,83,119,104,77,105,92,68,153,85,121,71,90,86
Bnip2,18,5,7,14,13,11,3,11,23,12,28,15,13,9,12,14,16,21,16,10,3,31,10,8,13,21,12,13,17,9,7,14,14,8,20,11,10,10,6,6,17,12,7,6,10,11
Bnip3,478,268,481,747,415,543,552,410,819,678,730,711,789,913,752,872,846,537,544,437,278,1205,761,407,522,543,376,605,740,693,464,412,587,191,625,556,492,499,621,366,596,627,551,414,497,620
Bnip3l,25,10,20,45,15,23,38,35,43,35,52,32,36,36,34,42,43,31,25,26,15,52,42,16,28,42,27,42,39,39,23,31,38,7,32,37,19,40,20,22,32,26,40,23,15,36
Bod1,154,86,159,242,94,192,166,154,233,148,235,211,182,168,195,226,208,247,175,162,43,238,179,144,164,157,157,179,228,203,137,133,169,141,172,174,164,177,218,96,267,171,187,124,130,147
Bod1l,13,7,12,26,22,23,25,30,33,17,28,33,21,20,28,31,30,30,23,24,3,30,28,17,16,29,22,23,41,30,16,14,15,13,17,16,15,20,17,14,26,19,21,11,11,27
Bok,79,32,63,131,109,52,98,105,114,77,112,79,101,53,79,139,131,121,117,57,34,95,101,44,128,113,65,80,105,118,100,53,88,93,54,58,74,116,87,52,168,67,86,58,59,76
Bola1,316,151,291,463,252,343,376,367,339,322,484,535,320,344,398,403,489,643,306,282,122,582,433,271,363,319,301,384,392,404,248,274,367,242,348,312,289,288,348,201,458,314,315,248,287,288
Bola2,419,241,436,555,253,421,489,454,397,440,624,735,422,434,501,542,505,930,436,426,134,862,384,244,396,389,443,487,505,413,446,299,421,285,472,392,361,417,420,323,639,429,383,303,377,331
Bola3,539,292,607,945,584,766,874,779,1087,741,830,979,931,804,938,727,818,858,738,740,286,1037,1069,731,1036,791,745,899,1167,955,775,762,882,650,907,1008,893,898,1069,624,1299,1047,887,676,919,902
Bop1,101,47,73,98,79,83,136,108,152,109,116,157,134,105,131,132,131,139,81,102,48,158,133,76,120,147,112,127,113,141,116,84,114,78,102,84,106,87,95,74,163,146,103,90,95,105
Bpgm,94,47,90,127,133,126,147,126,200,110,139,204,124,122,132,178,159,153,107,117,46,102,152,87,134,158,154,150,203,225,107,119,159,130,173,189,128,153,197,123,252,153,162,129,136,127
Bphl,610,262,587,941,648,870,779,801,1084,638,780,695,852,777,964,882,1033,728,678,734,340,1002,1196,687,921,821,655,930,1494,1109,650,658,865,554,923,970,912,851,1011,562,1134,819,996,669,832,835
Bpnt1,175,92,122,249,210,212,213,174,251,217,217,269,173,190,203,237,252,213,215,212,78,214,227,129,222,200,226,236,241,272,183,175,196,142,204,219,167,186,209,139,348,224,202,175,189,190
Bptf,3,0,0,6,2,0,4,4,12,4,1,4,7,4,6,4,3,4,3,4,3,7,2,2,3,1,2,3,8,7,0,3,4,3,2,4,0,4,6,4,5,5,5,1,3,0
Braf,15,9,17,16,19,19,13,24,31,18,34,14,16,12,15,18,22,20,22,18,7,32,17,13,17,17,18,16,18,30,8,13,17,9,13,10,5,18,12,10,19,13,18,10,11,15
Brap,533,264,494,1150,341,545,589,467,444,489,759,346,520,565,660,964,797,679,502,378,147,840,562,310,486,544,401,473,642,738,298,384,464,351,547,476,370,457,599,307,697,538,454,427,446,492
Brat1,18,11,19,36,10,29,16,10,25,19,27,43,19,16,18,26,24,19,25,17,6,21,21,16,24,16,18,21,16,19,10,21,16,17,23,15,18,20,10,7,28,15,22,7,18,16
Brca1,6,1,5,6,9,3,3,9,9,7,5,12,4,6,4,5,6,14,5,3,2,6,5,2,4,10,7,3,17,5,6,3,7,1,3,4,6,2,1,2,10,4,5,5,9,5
Brca2,4,2,6,12,4,3,8,7,8,6,12,6,8,5,17,10,9,13,3,5,3,17,6,7,11,7,5,7,10,9,7,3,6,8,11,6,5,8,4,10,12,4,9,2,5,8
Brcc3,13,4,9,19,18,19,16,13,17,17,18,20,16,14,22,17,20,24,14,14,4,19,20,6,13,10,26,10,25,21,16,7,12,10,13,9,11,14,12,10,17,16,7,14,13,14
Brd1,79,41,77,109,58,63,75,79,101,67,103,92,81,69,89,98,94,92,89,77,33,124,89,70,71,70,83,85,90,75,70,49,98,51,56,75,84,75,79,52,102,84,68,64,82,79
Brd2,310,133,245,437,156,252,249,171,208,254,328,312,211,193,259,299,261,321,198,165,70,256,181,130,238,172,220,225,250,263,197,143,179,193,184,118,129,170,208,116,299,266,179,138,175,175
Brd3,70,36,72,118,63,73,89,81,92,88,88,113,72,44,102,102,99,78,73,79,22,71,76,55,93,74,64,89,104,92,61,58,63,41,88,55,81,68,84,51,102,74,70,54,64,69
Brd4,328,180,276,373,242,226,312,226,214,189,335,281,260,185,228,332,272,274,209,178,80,317,244,143,186,191,208,184,238,188,203,153,178,166,176,125,138,157,165,95,233,136,133,129,119,128
Brd7,110,60,104,156,105,118,158,129,142,141,151,161,132,115,140,148,147,190,126,110,46,168,133,100,127,119,123,137,176,139,108,90,127,87,116,121,122,116,147,79,200,127,125,93,117,110
Brd8,3,4,2,5,1,0,4,2,2,1,4,8,6,3,1,4,3,7,2,3,3,3,2,1,1,1,3,2,3,4,2,1,1,2,2,1,2,2,3,2,2,0,2,3,1,3
Brd9,41,13,42,51,43,40,50,56,45,27,58,40,33,38,36,41,40,66,44,42,15,64,53,29,45,35,38,32,44,42,35,35,31,37,40,33,30,54,42,27,44,37,39,24,29,35
Brdt,7,7,10,15,14,5,10,11,8,8,9,8,15,7,9,8,17,11,4,8,1,15,9,5,10,11,8,9,19,9,5,8,7,13,14,4,9,12,10,5,8,9,12,8,5,5
Bre,156,79,164,240,172,204,181,214,231,169,270,240,175,145,207,200,266,385,170,142,76,276,257,99,204,207,180,204,228,223,190,110,187,142,191,112,151,212,129,115,286,229,175,107,197,154
Brf1,52,21,35,66,55,58,53,64,41,42,65,79,59,54,59,62,67,77,31,47,18,69,56,28,47,43,45,40,51,50,33,25,55,32,65,44,45,48,37,32,62,44,36,37,29,43
Brf2,18,18,25,35,22,29,37,27,31,22,40,49,26,29,38,34,39,35,19,30,3,36,20,7,36,30,31,31,46,46,29,29,34,16,14,15,28,31,27,19,37,36,29,16,24,20
Bri3,166,97,126,206,83,99,114,121,121,164,174,205,163,210,138,254,195,227,154,136,32,268,244,118,101,134,132,169,243,153,120,105,125,139,213,171,58,168,207,135,211,195,191,81,147,187
Bri3bp,52,38,54,81,58,58,83,66,72,63,62,74,61,50,69,75,94,58,84,69,22,78,101,65,72,80,64,88,77,95,28,58,71,42,80,90,62,77,83,45,108,86,84,86,88,78
Brix1,6,3,8,8,9,7,4,8,16,8,10,29,18,12,9,13,8,14,8,13,2,11,12,7,7,11,9,10,20,8,9,8,4,6,14,6,13,11,12,9,12,11,12,11,6,5
Brk1,324,166,325,494,280,320,407,361,540,386,474,410,353,351,410,468,448,510,416,295,120,488,434,252,330,328,382,408,472,380,376,236,297,293,369,339,297,352,391,221,450,369,332,235,314,320
Brms1,55,24,60,63,45,65,70,61,95,49,68,71,56,68,80,81,69,83,41,63,22,100,77,49,61,47,52,69,81,67,52,48,44,40,49,54,45,58,78,37,67,55,53,29,49,60
Brms1l,18,11,16,16,14,13,27,21,28,21,17,24,18,24,21,21,21,22,18,12,4,23,15,8,16,21,15,21,18,27,24,12,17,9,15,18,12,19,9,10,28,18,18,13,9,15
Brox,54,30,59,86,48,55,68,47,80,49,80,95,62,53,63,81,79,87,57,40,27,94,69,45,54,44,47,72,93,81,65,57,75,38,68,62,49,62,59,42,100,76,83,57,67,58
Brpf1,128,62,93,164,78,120,115,78,73,90,135,167,113,70,127,107,89,117,96,74,26,112,85,79,87,93,114,73,91,94,86,56,65,63,68,66,50,55,68,46,106,66,74,71,70,52
Brpf3,93,72,97,146,100,100,90,76,119,103,136,112,105,68,108,117,127,161,96,66,43,223,118,56,83,88,97,77,111,86,68,61,87,47,90,64,81,67,95,44,119,84,91,82,71,87
Brwd1,45,26,32,64,53,48,49,37,70,34,57,75,31,32,38,49,50,49,49,35,22,67,35,21,46,52,46,39,54,49,29,27,44,25,34,29,24,32,53,29,63,36,34,34,36,37
Brwd3,2,1,5,7,6,2,2,2,3,4,3,2,3,2,4,5,3,2,1,2,1,6,3,2,4,4,3,3,2,1,1,2,1,1,6,8,4,4,2,2,2,4,4,2,1,2
Bscl2,324,169,254,487,291,337,440,396,478,408,476,461,434,238,455,401,492,358,360,371,130,343,401,291,470,450,340,405,451,475,275,340,471,377,423,495,380,425,526,358,653,499,458,419,439,424
Bsdc1,153,69,126,194,104,146,157,89,173,146,202,147,121,149,162,206,175,169,135,140,46,153,144,95,130,88,130,157,179,179,147,115,130,96,148,139,144,141,156,79,171,170,127,88,123,131
Bsg,1060,643,1115,1602,881,933,1237,930,1720,1237,1443,1672,1298,1048,1107,1419,1272,1189,1304,1161,355,1185,1052,933,1136,1049,1362,1295,1373,1247,1121,1006,1316,1278,1304,1519,1023,967,1346,829,1726,1422,1458,1212,1167,1117
Bspry,1,4,1,3,1,0,1,2,0,4,4,2,2,0,3,1,2,1,3,1,2,3,0,2,3,3,1,2,1,1,6,2,1,0,0,1,1,3,2,3,3,2,1,0,2,1
Bst1,1,1,2,2,1,0,1,3,0,1,4,1,0,0,3,1,5,4,0,2,2,0,1,0,3,0,1,2,2,2,7,0,0,2,2,1,2,1,2,0,5,0,2,3,1,0
Bst2,1135,784,1217,2395,1145,1028,1665,1551,1474,1323,1564,1913,2113,1422,1919,2076,1443,850,969,1536,422,946,2145,1271,1915,1807,1337,1550,1768,1452,2651,1179,1483,1594,1853,1832,1609,1635,1617,1136,2442,2030,2080,1503,1479,1556
Btaf1,26,16,22,36,29,25,19,23,27,19,42,34,28,17,21,38,31,50,25,22,13,72,21,13,24,16,32,27,26,22,28,10,26,20,22,14,17,20,21,7,28,21,26,17,15,22
Btbd1,31,19,24,69,25,24,37,32,55,41,51,50,40,43,56,40,36,49,33,35,13,49,30,17,36,40,32,37,52,40,28,34,36,28,43,24,28,33,30,26,42,49,47,24,32,51
Btbd10,6,2,5,12,3,4,9,9,6,3,12,6,7,2,6,3,5,14,6,11,0,7,3,5,6,4,3,2,8,8,7,1,4,3,6,2,3,4,6,3,8,4,5,4,1,5
Btbd11,1,1,3,0,3,3,3,4,2,1,5,4,3,1,1,2,6,6,1,0,1,10,6,1,4,2,4,3,2,3,5,1,4,2,0,2,0,0,5,0,2,3,3,0,3,2
Btbd19,5,1,4,10,1,5,9,5,3,6,15,8,4,6,4,9,9,19,10,10,1,17,6,0,7,4,5,4,3,6,2,1,7,2,6,2,6,4,3,3,14,9,11,4,4,5
Btbd2,54,38,37,86,31,50,58,74,59,58,86,81,66,41,75,57,76,39,67,52,18,30,49,43,46,54,56,66,70,58,33,50,54,46,47,40,48,65,49,43,75,55,53,31,62,57
Btbd3,5,3,6,5,2,10,7,3,9,15,6,10,1,4,5,6,7,6,5,7,3,5,3,3,4,7,2,9,1,6,1,3,7,2,6,4,3,12,3,3,6,2,8,5,2,4
Btbd6,85,50,74,122,82,92,105,72,133,77,119,129,87,82,101,95,126,149,94,87,35,155,100,49,82,93,75,95,92,114,73,67,101,58,75,117,73,96,96,48,133,85,88,65,80,83
Btbd7,4,5,5,16,3,4,2,3,4,3,7,7,6,6,9,9,11,12,8,4,2,15,4,1,9,8,9,7,6,7,2,5,10,6,7,6,3,7,6,3,11,4,1,6,8,8
Btbd9,19,5,13,25,14,15,17,15,18,15,20,17,16,23,10,17,23,27,14,20,9,30,18,11,10,15,6,20,17,14,10,15,16,10,11,11,10,14,16,9,22,18,9,13,15,15
Btc,1,1,0,0,1,2,3,3,1,1,1,2,3,3,1,0,2,5,3,2,2,7,4,2,2,3,3,4,4,3,3,2,2,1,1,1,4,1,2,2,6,7,5,1,4,2
Btd,340,202,358,529,321,383,415,322,602,395,563,477,385,379,399,421,544,314,377,356,122,458,382,284,332,368,325,342,431,419,288,256,387,298,350,351,318,361,411,238,428,351,351,306,282,274
Btf3,48,28,43,64,27,43,50,30,72,38,78,70,62,55,58,67,81,50,52,58,20,46,55,32,59,51,38,63,61,66,30,38,42,32,38,42,38,30,56,27,67,57,43,33,35,50
Btf3l4,9,4,2,9,8,10,10,5,12,10,15,16,4,8,12,12,9,7,7,9,3,18,7,3,13,11,6,7,18,6,9,5,7,3,9,15,15,8,4,2,12,6,12,6,5,8
Btg2,27,11,13,34,56,29,26,33,154,33,35,58,25,12,11,41,33,108,25,19,7,91,43,37,30,18,83,42,56,44,38,39,25,51,30,40,26,29,18,24,55,26,23,18,34,26
Btg3,1,3,1,1,2,1,2,1,5,0,1,2,0,0,2,2,1,6,0,3,0,4,0,0,0,2,1,0,0,1,1,0,1,0,0,0,0,3,0,0,0,2,0,0,1,0
Btk,1,3,2,7,2,2,3,1,1,3,3,3,4,4,0,4,3,0,1,1,0,3,1,2,3,1,2,1,2,1,8,1,3,0,0,1,3,0,2,0,1,0,4,2,2,0
Btnl9,5,0,1,1,8,4,1,4,6,2,3,7,1,1,0,2,4,3,1,9,2,5,5,1,2,2,3,4,3,2,1,1,0,0,2,1,1,2,3,2,5,1,3,1,2,2
Btrc,5,3,2,4,3,4,3,6,7,1,3,6,3,4,7,5,5,5,4,4,1,10,3,2,5,2,4,4,4,6,1,2,3,0,6,7,3,4,9,4,5,5,4,4,6,3
Bub1b,1,1,1,1,3,2,7,9,2,0,2,0,4,2,2,1,2,7,4,6,0,2,3,0,1,0,4,2,6,3,5,4,0,3,5,2,7,5,3,4,0,1,8,1,1,3
Bub3,112,48,116,159,126,121,123,128,183,112,132,190,144,134,136,118,143,186,97,103,42,182,154,96,121,153,107,146,169,127,125,93,118,96,134,97,117,137,121,61,199,109,120,98,105,121
Bud13,10,13,15,31,18,22,16,11,24,9,17,34,20,17,21,27,20,13,15,15,2,14,24,6,14,17,24,16,19,16,18,8,14,8,11,10,14,16,18,4,30,15,15,14,8,15
Bud31,208,102,195,252,242,229,257,198,333,214,310,311,199,199,246,243,281,287,236,233,117,288,239,166,255,195,233,236,224,285,224,190,273,148,239,194,221,172,219,119,334,216,228,181,219,182
Bvht,6,4,5,7,6,4,10,1,6,8,10,7,13,5,9,12,13,8,11,4,4,10,7,8,7,9,2,4,7,5,5,2,5,4,3,10,6,5,7,2,10,2,11,4,9,9
Bysl,11,10,18,15,13,16,15,19,22,14,19,26,14,14,15,14,26,27,16,17,4,33,15,10,13,22,25,15,11,18,19,12,22,3,15,12,11,15,16,24,23,16,9,11,6,15
Bzw1,16,6,5,20,11,13,17,21,22,21,15,23,12,13,21,16,20,27,20,9,2,41,21,12,13,17,21,27,20,31,12,13,14,4,15,11,20,13,5,12,16,14,17,8,15,12
Bzw2,43,34,49,56,45,42,58,52,84,48,57,133,54,50,52,71,62,150,44,47,23,125,50,35,47,41,45,48,65,56,45,36,38,52,47,41,41,41,42,28,69,35,38,35,41,37
C030006K11Rik,139,59,127,169,136,193,164,179,182,165,232,237,156,172,207,192,230,272,151,144,75,223,196,124,244,179,152,211,213,214,144,152,208,141,180,140,143,173,201,128,301,157,167,130,144,140
C030013C21Rik,7,1,5,3,4,4,13,5,7,11,8,7,4,7,5,8,9,8,8,10,5,10,9,5,4,5,5,13,4,10,8,8,7,13,17,11,4,13,5,6,9,4,9,7,9,8
C030034I22Rik,1,2,2,2,3,1,1,2,3,2,1,5,2,3,6,3,2,2,2,1,1,5,3,7,4,5,2,1,3,3,5,1,4,4,1,0,1,0,0,1,0,0,1,3,2,2
C030037D09Rik,0,1,2,4,3,0,5,2,3,3,1,3,1,3,2,2,0,8,1,2,0,1,2,3,1,2,3,3,4,1,1,2,2,3,3,0,1,2,0,0,2,4,2,5,4,4
C130046K22Rik,9,3,7,7,3,8,15,7,8,4,16,15,7,12,12,6,7,5,6,5,3,4,9,7,4,6,8,4,6,2,9,6,5,6,7,5,5,9,5,2,13,8,9,7,1,4
C130050O18Rik,2,2,4,5,8,4,4,9,3,3,8,8,2,1,6,3,6,10,4,1,6,3,7,3,12,1,5,4,8,7,13,2,4,7,3,4,2,5,1,2,3,5,0,1,1,3
C130074G19Rik,269,143,213,385,150,243,266,228,393,260,282,264,291,260,287,298,285,204,304,232,72,280,259,137,241,298,266,219,298,315,211,134,205,160,161,177,146,234,250,169,248,241,200,203,226,229
C1galt1,4,0,2,4,11,1,2,2,12,5,9,16,2,5,3,4,2,6,3,5,1,11,7,3,3,9,7,6,12,3,3,4,5,3,3,7,5,2,7,2,5,5,10,7,6,6
C1galt1c1,34,10,25,60,32,26,40,22,57,53,42,57,42,37,52,33,48,57,47,39,11,66,67,30,38,51,25,50,57,40,31,23,28,16,44,30,37,32,27,25,54,34,34,33,28,38
C1qa,550,328,658,1224,787,609,1058,1288,656,502,1131,956,602,423,860,771,914,1025,623,518,350,1016,706,446,873,472,823,485,676,884,1991,397,400,732,404,476,440,668,417,294,640,591,627,521,379,465
C1qb,304,208,434,802,574,452,749,881,658,414,755,742,458,351,672,516,589,738,345,430,219,584,524,274,707,401,613,344,534,774,1444,228,281,465,314,252,374,481,346,267,467,553,564,346,290,416
C1qbp,557,307,516,898,621,706,758,717,834,639,722,916,748,601,814,641,901,1239,587,687,303,1575,869,587,793,692,591,696,942,882,542,515,691,475,688,636,670,698,747,471,937,798,668,557,647,641
C1qc,297,174,303,620,314,233,565,574,413,262,562,517,262,233,435,379,383,404,288,249,142,519,389,234,347,221,408,230,266,386,934,188,207,383,186,244,227,297,243,135,270,246,312,182,176,247
C1qtnf1,32,24,43,64,45,31,65,59,72,46,68,59,55,42,47,86,56,74,41,36,21,104,45,22,44,63,48,43,60,54,54,21,31,48,36,25,44,41,24,22,71,48,43,27,29,47
C1qtnf2,4,2,7,16,6,4,12,4,7,5,9,10,5,2,8,8,7,3,3,6,2,4,5,7,1,1,7,6,10,6,8,4,3,3,2,2,7,3,4,2,5,4,6,2,4,1
C1qtnf4,2,1,8,12,2,7,5,11,6,4,7,7,6,2,6,2,8,8,11,6,0,9,3,1,6,9,12,6,5,6,3,3,1,1,4,4,3,6,5,2,5,7,6,6,8,5
C1qtnf6,6,3,5,7,4,3,4,7,3,5,7,8,11,0,3,11,9,15,5,3,4,5,8,7,7,7,5,10,8,9,12,3,2,5,4,6,4,9,9,4,8,4,10,6,4,6
C1qtnf7,4,2,4,4,1,1,3,6,4,2,8,4,2,3,2,6,1,5,3,2,1,6,7,2,2,3,5,5,3,4,0,1,3,1,1,3,3,9,3,6,3,0,4,1,3,3
C1qtnf9,2,2,1,4,1,0,0,2,2,2,2,6,1,0,1,3,3,1,3,1,1,1,2,2,2,4,0,3,0,1,2,5,2,2,0,0,2,1,0,0,5,3,0,0,0,1
C1ra,726,474,721,1533,971,764,1040,898,1566,884,1227,1338,993,896,1054,1196,1116,510,887,988,332,710,1040,586,1036,894,1001,928,974,1103,1018,635,902,609,810,768,680,809,904,650,1254,946,859,734,826,818
C1rl,94,60,118,174,109,108,151,125,186,124,151,187,152,108,138,168,181,105,124,113,52,138,162,109,141,130,129,129,170,143,105,112,118,80,169,138,114,121,111,87,182,126,146,118,112,142
C1s1,1730,958,1817,2803,2580,2056,2081,2025,4100,1909,2507,2919,2124,2099,2325,2246,2387,1465,1942,1922,939,1621,2570,1510,2334,2021,2024,2029,2247,2415,2695,1508,2034,1368,1788,1800,1509,1867,1964,1213,2919,2062,1798,1473,1564,1632
C1s2,2,0,1,4,1,2,1,2,3,2,2,1,2,6,2,1,2,1,0,2,1,2,3,4,1,3,2,1,2,4,5,2,3,0,1,1,0,3,1,1,3,0,0,0,3,0
C2,520,290,618,860,605,543,591,635,1335,501,863,1118,588,579,696,626,699,562,527,501,209,670,561,462,745,705,657,632,778,756,795,374,482,365,507,343,437,506,525,371,768,554,491,395,502,547
C230037L18Rik,2,0,1,2,1,0,1,1,0,1,0,1,3,0,1,0,1,6,1,0,1,3,3,0,1,1,0,1,1,1,2,0,1,3,2,1,2,0,1,1,0,0,0,1,1,0
C2cd2,130,63,108,178,93,66,129,120,141,105,128,124,124,110,142,130,156,82,127,92,36,109,152,88,130,123,96,145,165,117,131,84,142,80,127,109,94,122,119,72,172,98,104,88,105,116
C2cd2l,16,10,17,29,28,27,28,14,28,14,15,43,24,27,22,21,21,23,22,22,4,20,21,14,22,26,22,21,20,26,10,25,17,10,20,18,14,18,13,9,33,14,17,12,18,14
C2cd3,21,16,32,48,25,23,38,31,41,32,38,36,55,25,38,69,43,47,28,29,5,53,47,24,36,37,45,33,34,24,28,19,31,30,38,30,26,27,34,29,51,34,36,22,30,31
C2cd4d,13,3,15,13,12,20,15,23,12,15,11,19,10,10,11,10,12,5,5,16,3,4,24,7,18,14,6,17,24,15,10,9,14,19,8,21,12,13,26,14,24,20,12,9,9,15
C2cd5,16,12,13,30,21,19,24,23,21,13,33,27,27,16,13,25,35,35,31,23,11,31,13,13,15,17,23,29,25,31,37,20,18,25,19,20,17,25,18,15,30,25,26,19,18,20
C3,25266,12296,27948,33140,40227,26632,23855,24745,59898,22023,35614,50754,23179,23195,27091,30776,31484,22926,20525,27943,10415,29374,21467,14139,24444,23332,36312,22391,31613,28967,29084,13451,22409,15689,20861,16607,17583,19258,21809,12811,27838,20425,21210,19424,17300,17024
C330006A16Rik,205,111,215,228,142,177,212,230,344,197,258,294,252,219,230,253,202,258,200,210,70,293,269,200,244,193,214,236,256,240,221,197,272,164,271,281,218,246,230,153,317,294,241,208,226,222
C330007P06Rik,12,2,6,13,8,12,8,3,16,11,10,14,7,10,14,15,12,14,13,9,5,9,11,5,10,5,12,14,11,17,13,9,9,4,10,9,10,9,3,4,11,10,8,9,5,13
C330013E15Rik,7,5,13,5,6,6,7,7,7,7,10,14,14,16,9,15,16,17,10,8,5,16,17,9,13,10,9,8,10,9,3,8,11,4,14,11,7,11,8,4,19,13,4,7,9,10
C330018D20Rik,14,6,13,12,11,14,11,9,26,22,16,23,17,20,16,17,21,27,17,18,7,11,18,8,11,14,9,28,27,14,21,9,13,11,24,19,19,14,17,13,24,15,22,8,19,17
C330021F23Rik,0,1,3,4,3,1,6,9,3,6,1,7,2,0,1,4,2,3,3,4,0,0,8,7,6,9,4,7,14,2,2,3,5,6,10,11,3,11,5,4,8,3,5,6,5,2
C3ar1,0,1,0,1,1,0,0,0,0,0,1,1,2,1,3,6,0,1,3,0,0,0,1,1,0,1,2,0,0,3,0,0,0,1,0,0,0,0,0,0,2,0,1,0,0,2
C4a,35,14,34,41,40,50,43,49,97,16,60,64,37,31,44,36,28,23,25,39,12,13,108,76,147,84,80,74,39,62,123,72,64,46,74,110,44,66,101,88,162,147,99,60,76,60
C4b,3130,1580,4832,5492,5020,4285,3873,4326,10179,2904,6576,7724,4064,3462,4433,4988,4192,1618,2988,4605,1315,1572,4599,3370,5182,4679,5857,3912,4583,4957,5264,3011,4308,2934,5023,4821,3165,3650,4324,3037,6429,4605,5005,4142,3803,3502
C4bp,1406,657,1695,1815,3216,2150,2126,1712,3926,1394,2465,3083,1875,1686,2062,1711,1780,1508,1903,2021,1090,1267,2190,1287,2205,1874,1887,1740,2060,2370,1782,1252,2004,853,1400,1497,1513,1424,1593,1070,2614,1538,1430,1255,1273,1243
C4bp-ps1,3,0,4,3,10,2,1,2,5,3,6,2,5,4,6,3,4,9,3,4,5,2,5,4,3,4,0,7,3,2,2,2,5,4,0,5,6,5,2,4,9,1,4,1,2,7
C530005A16Rik,3,2,3,5,1,1,0,4,2,4,2,2,0,2,2,1,4,1,1,2,1,2,5,1,0,2,3,1,2,0,1,1,3,0,1,1,2,2,2,2,9,0,1,1,3,1
C5ar2,9,1,5,3,6,9,11,8,8,4,7,6,10,7,3,7,8,8,3,8,1,9,13,4,6,4,11,5,11,4,10,8,2,3,10,4,4,10,5,3,6,1,3,4,5,4
C6,335,143,237,664,397,372,542,433,359,292,760,805,308,230,296,559,276,139,499,286,125,105,689,140,683,795,395,404,283,536,220,284,388,210,313,179,321,527,548,448,1182,540,288,208,259,256
C730027H18Rik,13,6,19,15,21,29,21,28,30,22,38,32,19,20,19,26,33,30,29,36,11,35,16,15,22,27,20,24,25,30,32,18,22,27,19,23,19,24,21,18,37,16,21,16,16,17
C730036E19Rik,101,52,172,161,164,114,183,151,177,96,308,165,78,64,176,164,104,14,37,159,67,10,77,73,91,142,92,206,90,120,31,74,93,9,44,19,14,16,94,54,119,27,143,57,134,63
C77080,258,176,309,572,370,300,522,341,413,217,450,281,367,313,300,370,393,416,323,241,119,544,453,262,400,367,272,311,351,445,244,212,294,215,302,356,288,323,334,226,518,289,349,273,289,324
C87436,32,17,28,59,28,28,34,34,48,40,56,52,46,34,34,44,40,67,27,31,15,41,41,24,39,41,31,46,38,32,30,23,34,19,25,27,17,30,38,25,55,35,35,32,37,41
C8a,1507,686,1860,2605,2373,2072,1900,1784,3292,1657,2994,3640,1393,1250,2027,2473,2139,570,1938,2161,741,372,1955,1006,2319,2411,2336,2251,1906,2314,989,1169,2092,754,1823,1079,1462,1701,1668,1086,3026,1738,1594,1052,1360,1445
C8b,957,472,1035,1685,1587,1414,1547,1576,2047,957,1653,2187,979,1021,1272,1531,1404,495,1264,1417,431,684,1451,679,2030,1783,1840,1229,1637,1988,480,667,1097,513,1095,702,1054,1394,1393,973,2463,1479,1161,801,1106,1027
C8g,1671,870,1712,2204,1384,2376,2008,2022,2423,1795,2103,2252,2138,2408,2181,2452,2142,1450,1617,1747,625,1943,2306,2217,2642,2243,2013,2547,3488,2844,1630,1833,2083,1686,2785,2424,2011,2514,2761,1933,3542,2882,2668,1988,2363,2417
C9,268,119,381,502,451,580,437,355,870,322,491,668,238,436,412,311,229,76,247,350,128,81,529,328,623,580,505,374,765,711,395,335,328,203,453,199,288,369,288,306,552,623,407,195,266,268
C920006O11Rik,4,5,5,14,5,11,12,11,13,6,14,10,18,12,7,17,17,10,17,5,1,20,23,10,15,7,9,18,17,18,6,10,9,6,8,13,13,5,7,6,13,7,13,7,11,11
C920025E04Rik,4,0,7,4,5,0,4,6,3,3,3,5,2,4,5,1,10,65,4,3,1,9,4,1,5,5,4,6,4,2,19,1,2,7,1,3,3,8,2,4,1,1,3,3,1,1
Caap1,12,12,18,27,32,20,26,23,23,14,23,33,17,21,23,15,23,31,18,16,13,29,22,15,21,9,21,21,19,17,20,20,12,11,8,10,15,22,21,12,21,15,22,13,19,16
Cab39,96,45,104,117,68,79,102,80,118,95,145,142,94,121,96,135,124,140,128,85,30,147,109,74,76,82,83,99,100,89,81,69,88,54,72,51,67,74,62,46,126,76,88,56,68,73
Cab39l,97,46,63,120,64,55,80,84,93,86,87,125,91,85,76,107,103,82,89,62,23,78,126,72,76,67,82,97,109,91,70,60,64,59,98,61,64,98,93,53,96,85,107,41,88,77
Cabin1,49,33,43,106,53,45,66,54,72,53,69,80,60,45,51,72,63,109,52,51,13,72,64,35,47,37,49,57,58,48,40,28,44,39,44,37,36,55,44,27,59,47,45,46,43,59
Cables1,9,2,2,12,4,6,5,3,13,12,10,9,5,3,6,31,18,14,5,2,3,14,8,4,1,11,8,7,13,16,6,5,6,3,4,9,3,5,4,3,7,2,9,3,5,0
Cables2,95,60,97,158,100,119,137,112,161,132,162,170,117,122,119,149,131,104,116,82,37,142,121,59,102,95,106,140,140,128,90,76,102,65,137,108,100,109,100,65,132,96,106,80,96,109
Cabp4,0,0,0,1,1,0,0,2,1,0,4,2,1,1,1,8,3,3,1,1,1,2,4,0,0,1,0,1,4,3,5,3,2,2,2,1,0,0,2,3,4,3,1,0,2,2
Cabyr,2,1,3,17,9,4,8,11,2,4,9,6,3,8,5,25,7,1,6,5,6,3,8,2,17,23,15,15,7,24,9,8,14,4,7,1,4,10,7,11,28,11,3,5,7,3
Cacfd1,127,70,96,143,136,140,156,112,220,115,143,258,136,134,162,171,187,203,112,110,63,181,159,82,151,123,151,154,138,178,105,92,126,93,162,109,84,133,107,77,219,134,131,107,112,106
Cacna1a,12,2,6,17,7,6,13,10,2,9,15,8,12,11,9,13,17,7,9,4,6,23,12,2,4,8,6,6,8,5,3,4,3,6,3,3,4,6,7,2,11,5,7,5,7,5
Cacna1d,1,0,6,4,1,7,0,6,8,2,2,5,6,4,3,1,3,2,3,3,3,3,1,1,2,4,4,1,6,5,0,1,0,0,2,1,2,0,1,2,5,1,2,0,1,2
Cacna1s,4,1,0,2,3,1,6,3,3,4,6,2,0,2,2,2,4,4,4,0,3,5,3,2,4,4,1,3,2,4,15,1,1,2,2,4,1,4,0,1,2,1,5,3,0,3
Cacnb1,5,4,0,4,5,0,5,5,4,4,7,3,4,2,5,1,6,5,3,2,3,5,6,1,2,3,7,4,2,3,10,2,3,1,2,2,1,1,3,0,4,1,1,3,0,5
Cacnb3,1,5,1,9,1,0,6,8,4,2,8,1,3,1,4,2,3,7,5,2,1,3,0,2,1,2,3,9,7,3,3,1,4,2,1,3,3,2,4,0,4,2,2,2,1,2
Cactin,58,36,68,80,33,53,48,66,44,47,76,73,44,61,71,55,53,58,31,42,27,53,50,25,52,36,56,51,51,35,54,33,31,40,51,53,38,43,45,24,43,46,50,34,27,51
Cacul1,25,13,17,29,27,40,30,20,45,24,40,33,24,27,44,23,25,36,23,19,7,29,35,19,29,22,20,25,44,30,20,19,21,6,27,16,18,24,12,16,19,16,23,17,12,17
Cacybp,115,49,90,160,105,112,141,114,187,146,132,238,160,117,162,165,156,152,139,126,46,170,173,95,131,147,107,175,163,142,131,118,133,81,140,140,137,141,136,71,177,125,137,77,115,118
Cad,29,26,54,37,39,51,57,46,88,44,40,164,41,29,47,67,49,117,42,63,18,83,43,26,42,35,50,79,31,54,25,46,50,39,35,17,36,43,37,30,73,50,28,25,30,31
Cadm1,27,13,30,45,25,22,30,20,33,41,41,41,29,19,37,33,36,72,29,22,4,49,22,18,24,35,17,34,32,36,28,12,28,12,25,23,22,22,18,18,26,18,31,17,14,25
Cadm3,3,3,5,3,1,3,4,8,2,0,1,4,4,5,3,3,4,1,5,1,1,4,2,2,2,4,2,2,6,0,2,2,4,3,2,2,1,3,2,4,4,1,3,2,2,2
Cadm4,34,19,26,31,25,23,22,30,52,27,49,43,24,15,23,27,25,8,26,24,11,15,38,27,39,39,26,35,12,40,17,8,36,7,17,13,9,24,32,37,78,45,17,19,26,24
Cadps2,53,25,48,69,58,37,52,58,89,35,57,69,48,44,53,45,59,82,52,36,14,61,66,43,64,54,45,51,58,70,34,32,54,19,42,41,34,48,43,24,73,47,52,30,47,41
Cahm,4,1,8,7,3,7,10,5,8,7,8,14,7,4,5,10,9,2,4,4,5,5,7,6,8,4,10,10,13,5,5,3,3,3,6,8,7,4,8,1,8,7,7,2,1,3
Calcoco1,42,25,35,81,24,31,54,36,36,46,78,35,45,29,44,56,59,39,55,29,12,65,41,29,43,33,16,36,43,67,31,40,24,34,25,32,40,39,42,22,33,35,53,35,31,42
Calcrl,9,5,7,14,7,9,14,9,5,7,6,17,6,9,10,20,10,8,10,5,3,16,10,2,4,3,10,6,15,15,7,2,8,3,12,7,13,3,9,7,5,13,14,10,6,12
Cald1,142,58,76,212,183,123,148,135,225,188,172,240,98,106,170,155,176,326,172,141,75,308,199,101,128,155,127,153,173,153,125,98,146,45,168,146,128,126,89,75,127,111,131,76,69,118
Calhm2,4,0,4,9,3,7,7,8,5,2,10,4,1,4,7,2,5,5,3,4,1,6,0,2,6,3,4,5,5,2,6,2,1,5,3,1,4,5,2,1,2,2,5,2,1,7
Calm1,59,24,36,51,29,42,55,40,54,49,35,74,33,31,56,41,39,52,44,33,19,31,69,29,57,56,58,73,60,61,37,32,57,23,45,43,37,62,49,31,63,50,61,32,53,49
Calm2,311,141,259,425,306,235,377,309,470,327,323,432,421,315,326,438,460,564,338,307,113,567,483,209,325,400,313,305,457,369,281,203,295,181,281,300,298,305,303,192,508,329,294,213,262,296
Calm3,73,55,77,119,62,73,137,112,95,113,148,135,78,95,129,104,87,148,114,85,29,90,109,77,92,73,144,96,118,117,98,86,123,97,100,89,84,99,102,71,129,104,93,77,98,115
Calml4,6,1,2,3,3,4,8,4,2,4,6,3,2,1,4,6,8,6,3,7,6,15,5,3,5,3,5,6,6,5,1,2,3,2,0,3,1,3,2,3,5,1,5,4,2,2
Caln1,55,30,46,65,18,29,66,14,39,39,44,39,36,33,43,52,63,12,50,34,8,17,42,20,34,41,30,40,49,37,16,22,61,21,38,37,26,41,40,17,47,32,23,26,18,19
Calr,4285,1886,4221,6374,5395,5370,4646,4495,6905,4335,6588,8992,3802,2993,5215,4162,4563,4966,4752,4558,2114,3256,4482,2541,5072,4101,6512,5534,4608,5532,5438,3569,5277,3018,4492,3271,3728,4049,4014,2569,6755,4165,4230,3311,3669,3377
Calr3,11,4,12,12,1,8,10,3,9,6,9,14,7,11,8,8,11,6,5,5,2,6,7,7,6,8,4,7,11,10,3,6,4,3,8,4,3,3,5,9,9,4,7,5,8,6
Calu,75,48,77,82,68,72,98,114,158,82,102,160,86,88,92,143,96,122,90,87,20,130,77,43,77,72,101,86,110,97,57,42,54,54,82,75,52,81,73,63,103,105,68,49,81,83
Camk1,105,31,71,126,57,86,106,83,94,105,99,127,81,71,110,129,155,140,129,108,25,97,112,57,102,109,102,94,99,110,60,50,88,79,102,79,66,97,90,50,122,83,102,55,80,98
Camk1d,125,81,131,191,139,85,207,148,171,140,109,93,186,105,136,116,80,55,127,131,54,73,261,172,192,141,153,99,298,232,77,72,100,84,144,191,154,167,120,103,165,127,217,133,165,203
Camk2b,5,4,8,14,24,29,28,14,42,18,17,9,32,54,63,26,52,35,18,28,3,31,38,50,38,57,15,21,45,30,39,36,21,22,22,46,17,21,29,29,35,32,27,24,28,30
Camk2g,39,18,49,64,50,38,54,64,45,40,59,46,39,33,50,54,58,60,52,35,19,67,44,40,45,37,55,52,65,51,54,31,44,44,48,52,42,52,48,19,71,30,48,31,48,50
Camk2n1,28,10,18,34,16,25,23,27,33,12,25,27,24,19,16,28,23,23,19,12,5,33,19,10,23,32,21,18,24,20,7,13,18,16,11,10,16,17,16,7,28,18,19,15,21,17
Camk2n2,19,7,22,26,19,18,14,33,20,18,24,35,16,18,22,33,21,83,10,22,6,58,20,11,9,28,14,21,18,24,18,21,18,18,31,14,36,12,13,10,38,26,13,7,11,10
Camkk1,1,0,1,4,4,4,2,2,1,3,3,5,0,1,2,2,3,2,2,2,1,5,3,1,6,4,3,0,0,1,9,2,1,3,3,1,2,1,3,1,2,1,3,1,1,3
Camkk2,40,21,37,39,60,52,50,50,53,65,85,95,30,38,35,69,67,54,38,43,17,54,42,30,44,45,55,45,76,60,37,51,54,36,61,52,56,53,48,35,80,37,44,36,51,57
Camkmt,4,1,0,4,5,3,7,6,1,2,7,4,3,1,7,3,2,9,3,3,0,4,2,2,4,1,0,10,4,1,2,0,1,2,4,0,1,4,0,1,2,3,4,2,4,3
Caml,115,81,146,173,105,129,139,109,162,96,163,173,129,108,138,135,153,161,121,110,57,180,135,88,122,77,126,115,162,119,125,105,149,83,127,109,117,106,133,66,161,98,137,98,116,102
Camp,0,2,0,6,10,2,0,0,29,0,1,6,2,0,4,7,2,4,11,0,0,5,1,0,7,0,1,0,5,3,8,0,0,1,0,2,7,1,0,0,0,1,1,0,0,2
Camsap1,4,2,2,6,4,5,4,3,3,1,5,6,5,2,6,5,4,7,3,4,3,3,3,2,2,8,2,3,8,6,3,2,5,0,4,0,2,4,3,3,9,1,5,5,1,3
Camsap2,3,1,3,3,6,4,9,4,10,3,4,4,5,4,8,5,4,6,4,3,2,10,6,4,2,4,1,7,0,6,3,4,3,3,4,1,2,5,6,2,2,3,1,0,3,2
Camsap3,73,27,83,150,64,60,79,92,61,53,126,89,58,52,92,86,74,82,60,53,16,81,69,66,77,81,52,72,81,73,45,57,73,46,66,60,49,45,49,50,94,53,55,54,43,72
Camta2,127,58,123,168,109,115,132,144,160,125,182,189,119,126,142,180,134,163,108,90,35,172,146,86,145,142,140,118,154,117,125,73,128,103,117,97,78,122,113,80,158,98,115,79,112,113
Cand1,1,1,1,4,2,4,1,0,4,7,2,4,1,1,6,4,5,6,9,2,2,4,7,3,2,0,2,3,6,4,1,1,3,0,3,0,3,3,4,1,2,4,2,1,4,3
Cand2,2,5,1,6,5,1,6,4,3,1,3,4,4,4,1,4,3,11,2,5,1,2,2,0,2,4,2,0,4,2,2,1,2,2,1,0,5,0,1,2,2,6,0,2,2,3
Cant1,115,55,134,190,140,134,135,120,159,133,164,158,118,148,124,164,184,176,121,95,44,155,157,115,148,130,112,143,167,133,151,102,133,92,124,108,86,111,142,92,156,128,150,99,122,123
Canx,105,60,79,138,112,114,107,89,164,162,131,190,111,108,146,142,134,147,140,134,38,155,170,73,113,129,122,147,158,146,89,73,128,35,135,96,108,91,105,84,151,118,123,73,88,128
Cap1,13,3,5,18,6,8,8,5,12,12,20,13,14,9,21,7,10,14,14,11,6,18,12,14,9,5,17,9,7,15,13,19,10,9,15,7,9,5,14,4,12,8,5,5,6,8
Capg,29,13,26,73,26,18,45,50,9,22,57,30,38,9,36,29,44,130,25,22,14,85,26,19,15,24,28,19,31,39,172,18,12,50,12,25,16,41,19,8,25,22,24,14,15,29
Capn1,69,27,62,87,72,53,87,65,68,46,95,71,58,48,61,78,77,84,78,66,25,53,87,51,68,64,74,84,69,64,87,48,78,53,66,57,47,62,84,34,103,58,80,58,56,62
Capn10,82,62,110,124,98,109,122,101,148,98,123,170,103,94,126,159,160,97,98,131,29,147,137,61,81,102,107,106,184,131,74,52,91,61,94,80,84,100,100,59,139,108,101,79,89,72
Capn11,2,0,4,4,1,4,0,1,0,1,0,7,0,0,9,0,0,1,1,1,0,5,5,1,0,0,0,0,0,1,2,0,8,3,1,0,3,5,0,5,2,3,0,1,0,2
Capn2,244,101,178,283,192,211,269,279,291,230,264,321,253,181,247,236,257,439,223,202,89,283,293,161,284,252,215,264,228,249,190,206,280,192,222,255,194,252,234,167,350,259,211,168,187,202
Capn3,9,2,3,14,2,3,4,6,4,6,6,5,4,3,6,5,10,6,5,3,0,2,6,1,6,6,5,5,3,6,4,4,3,0,4,3,3,9,7,6,7,3,5,3,4,6
Capn5,17,8,8,15,9,9,12,18,13,14,12,13,14,16,15,25,18,40,11,19,5,29,15,7,13,20,16,20,14,16,22,5,11,11,9,11,6,15,8,6,14,9,8,6,10,12
Capn6,3,2,0,7,5,1,4,8,3,3,6,2,4,2,7,5,0,18,7,1,1,6,4,0,4,2,4,4,9,4,4,1,5,4,1,6,3,4,2,0,8,2,8,2,0,4
Capn7,59,25,50,87,61,54,57,56,64,44,65,67,50,35,65,51,64,79,63,51,31,90,71,42,47,48,59,52,68,53,45,50,49,35,57,52,40,54,43,31,64,58,48,32,43,47
Capn8,0,1,2,3,1,0,1,0,7,0,4,7,1,2,0,4,0,0,1,2,1,0,2,0,11,5,7,1,0,1,1,1,4,1,3,0,0,2,2,6,19,10,2,0,1,0
Capns1,583,293,452,806,414,473,727,594,759,552,740,703,617,499,720,663,620,935,516,547,174,696,633,413,561,553,529,562,656,624,573,488,557,534,568,562,438,584,582,356,828,580,545,378,492,531
Caprin1,24,9,29,48,32,34,32,35,47,53,30,49,26,41,60,46,53,42,48,26,12,55,47,21,31,26,20,41,49,33,11,23,31,17,29,13,25,25,30,22,45,33,29,20,25,23
Caprin2,7,2,7,6,5,6,7,6,4,13,10,11,12,1,8,6,8,17,9,6,1,11,11,4,8,3,1,10,8,11,5,3,11,5,2,3,1,9,2,4,5,7,9,6,4,2
Capza1,13,4,15,23,23,20,26,19,25,16,11,32,15,9,29,24,19,39,11,24,11,25,26,12,16,25,19,17,25,30,23,13,24,11,17,20,17,7,16,11,18,20,18,11,11,15
Capza2,27,20,26,49,29,33,33,37,57,56,58,45,52,33,44,49,46,55,41,29,16,74,49,24,32,32,32,43,39,53,46,22,30,13,42,21,28,40,28,24,45,37,34,20,23,38
Capzb,516,275,451,780,365,502,649,456,618,521,650,670,563,397,617,582,569,555,469,504,168,516,504,358,522,535,501,517,564,593,605,386,539,545,457,445,402,497,566,326,635,498,447,387,446,441
Car1,28,20,34,50,15,35,42,32,32,61,54,24,64,56,50,36,51,6,49,28,17,40,34,33,52,51,39,46,53,65,12,31,47,16,34,28,22,25,44,22,77,67,22,31,30,38
Car11,12,5,8,8,1,7,6,5,5,9,12,12,11,14,12,15,14,4,10,1,5,4,11,2,3,8,2,13,6,4,2,3,11,3,9,0,0,8,7,5,16,8,4,0,6,2
Car14,132,69,80,162,86,97,138,94,155,153,106,189,172,185,143,127,73,94,132,115,26,273,156,113,146,127,109,139,143,145,35,108,129,72,135,135,106,115,162,98,221,231,99,97,103,157
Car15,4,3,3,7,6,2,3,5,4,5,4,7,4,14,5,6,6,2,3,2,1,3,3,0,3,5,4,4,5,2,1,2,3,6,4,3,3,3,4,2,6,2,7,4,3,1
Car2,38,21,35,75,37,43,74,46,75,28,47,64,68,20,54,43,61,72,44,37,15,71,68,45,59,52,35,58,63,56,49,37,51,31,56,35,49,44,48,25,41,37,38,24,33,36
Car3,16306,6359,10086,13975,4334,15604,17267,15645,3973,17667,13005,5907,15495,12510,24481,19980,15278,1461,26939,19908,9926,2348,28618,17595,21059,20537,14548,27414,30168,24528,13627,18295,26489,15116,19491,23057,17752,20787,27988,14416,28005,25121,19399,18282,20903,21392
Car5a,480,201,416,443,317,486,612,599,315,528,596,550,426,368,436,395,462,176,464,392,146,195,1053,379,449,355,553,578,728,418,409,424,722,467,479,607,265,528,657,300,599,424,720,509,470,290
Car7,6,1,7,10,5,6,7,5,9,5,4,6,5,8,10,4,3,5,10,2,1,6,6,4,11,16,5,3,7,7,9,11,13,4,8,6,9,7,5,6,13,7,6,7,4,6
Car8,2,2,6,5,5,3,3,2,9,9,8,6,2,6,8,6,7,0,8,5,1,0,8,4,3,4,5,3,3,5,3,4,8,2,5,3,6,3,7,2,8,7,9,4,4,5
Card10,64,43,80,94,66,66,100,97,116,73,79,93,93,67,91,84,86,92,71,58,20,93,93,46,65,74,65,69,112,92,47,37,56,57,61,44,49,61,53,40,93,53,68,49,57,82
Card11,3,3,5,12,2,4,5,3,1,2,4,2,4,4,4,3,1,9,4,1,1,4,4,1,5,2,2,0,2,4,10,1,1,5,1,5,2,2,1,2,2,1,1,0,1,1
Card6,35,24,24,47,30,27,44,37,64,37,46,47,35,36,32,49,60,46,40,30,12,43,39,23,36,37,30,36,50,43,17,24,40,17,31,25,28,31,20,20,51,40,27,26,33,35
Carf,3,2,3,5,4,2,3,3,9,1,4,8,5,3,4,5,7,7,3,0,1,6,8,3,2,5,1,2,4,3,4,3,0,1,3,7,3,3,3,2,6,2,4,2,2,2
Carhsp1,264,112,191,267,245,218,277,270,264,213,256,215,239,238,252,311,256,237,248,227,111,255,342,229,279,226,187,237,350,290,289,205,247,168,289,264,213,279,272,179,388,248,273,220,226,252
Carkd,418,191,327,635,420,344,469,436,554,469,538,526,470,401,447,567,607,602,433,381,187,631,576,312,501,442,355,477,535,517,420,325,442,279,532,432,441,431,448,288,681,465,521,307,431,427
Carm1,75,49,90,109,50,75,111,81,87,91,100,94,82,63,83,101,91,118,84,77,19,95,83,66,79,74,73,83,114,71,56,48,76,68,72,67,65,90,79,57,98,69,65,64,71,76
Carns1,7,4,3,16,8,7,9,11,5,6,14,8,4,8,8,9,11,9,7,7,5,14,18,2,6,11,10,6,9,10,8,8,8,3,6,1,10,10,9,0,10,4,7,5,9,7
Cars,156,101,142,289,159,152,184,161,150,134,240,216,101,112,136,258,284,174,199,136,59,194,153,119,150,137,174,174,180,156,134,97,160,134,143,144,151,166,134,81,217,140,144,125,145,133
Cars2,57,26,43,51,54,51,66,70,78,38,53,118,55,42,74,71,80,70,51,57,17,51,60,42,63,54,55,57,74,71,54,31,61,52,55,57,57,55,68,40,82,78,60,59,54,41
Casc3,83,60,98,128,72,91,146,107,118,121,118,137,111,85,105,133,113,142,91,72,35,171,114,71,102,93,85,83,115,116,95,85,77,64,79,66,63,75,117,56,146,88,90,79,98,95
Casc4,6,1,1,6,5,2,4,8,7,2,6,6,0,2,2,10,5,3,6,4,6,4,3,2,1,2,4,9,5,7,2,2,5,1,2,5,5,6,5,0,5,7,7,1,3,6
Casd1,10,7,20,30,9,22,38,30,29,29,33,35,25,28,31,26,18,25,37,18,16,21,27,24,27,24,11,22,32,32,12,17,20,7,27,16,22,16,14,9,26,14,14,11,21,12
Cask,27,8,17,32,16,18,26,19,15,21,27,34,26,18,20,26,30,26,27,25,14,39,31,19,18,26,26,22,36,28,26,15,25,25,23,20,23,28,20,21,35,35,22,19,17,19
Caskin2,55,57,98,108,167,94,103,112,214,72,121,196,103,85,105,83,90,102,76,101,29,101,107,75,103,111,122,71,88,83,88,53,85,66,97,56,59,64,58,42,109,67,78,80,55,71
Casp2,7,2,6,10,5,4,2,11,9,5,8,12,8,1,2,6,8,17,7,8,4,6,13,3,3,4,6,3,10,5,6,4,5,0,5,6,6,2,7,6,8,3,4,3,7,0
Casp3,174,67,144,245,190,130,269,192,260,149,171,173,194,142,145,225,192,131,174,176,68,146,273,150,206,203,150,155,279,165,119,101,155,164,178,174,196,210,202,111,235,150,177,150,139,180
Casp4,4,2,3,6,4,4,5,7,15,3,8,5,3,3,2,4,2,12,4,4,3,6,4,3,1,3,2,3,2,7,5,2,1,0,3,0,2,1,3,1,4,3,3,3,1,2
Casp6,89,48,107,209,90,83,106,94,121,111,149,102,131,107,121,125,165,235,97,97,37,322,137,66,123,97,82,103,172,115,100,63,99,68,96,99,94,84,92,65,158,87,106,92,113,112
Casp7,36,18,36,47,42,46,65,54,61,46,72,57,47,42,62,37,68,54,44,40,13,33,70,44,63,39,43,56,55,69,66,51,48,40,55,32,53,42,43,39,65,66,59,39,52,45
Casp8,68,46,51,99,53,74,94,67,70,54,86,66,79,66,85,71,75,81,73,70,30,78,93,51,54,57,48,71,63,76,56,57,67,33,69,62,59,71,54,34,69,61,77,42,47,45
Casp8ap2,3,2,1,4,1,2,1,4,4,4,8,1,5,3,3,6,5,4,5,3,0,4,4,2,3,2,2,5,4,2,2,1,3,1,4,3,3,3,1,2,3,1,2,2,2,1
Casp9,31,10,32,54,32,32,46,41,67,39,36,49,58,38,39,52,42,40,65,38,12,46,57,42,45,46,40,52,66,50,38,32,45,27,47,41,49,43,32,27,80,47,47,44,38,44
Cass4,0,0,0,5,0,0,1,0,1,0,0,0,0,0,1,0,0,2,1,0,0,0,0,0,0,1,2,2,1,0,6,0,1,0,0,0,0,0,0,0,0,0,1,0,0,0
Cast,120,54,90,166,107,96,154,133,95,134,224,157,120,87,124,136,143,163,155,113,45,161,105,79,114,109,112,121,109,119,127,75,147,104,99,95,79,105,118,79,180,129,115,88,110,100
Casz1,2,4,6,7,7,6,5,4,4,4,3,1,2,2,4,5,7,9,2,1,2,6,1,2,7,3,1,3,2,3,8,4,3,3,3,6,4,5,1,3,7,2,6,2,0,4
Cat,4032,2225,4190,6578,4389,5977,5687,5096,5953,6621,5828,4934,6056,6120,6989,6135,6588,3776,5852,5660,2501,5262,8430,4846,6459,6223,5748,7236,8865,8102,4978,4545,7247,3997,7143,7217,6444,6972,8289,4503,9730,8504,7513,5077,7588,7419
Catsper2,9,3,9,5,10,7,19,7,7,10,10,6,7,4,6,5,9,17,2,9,5,25,5,5,8,6,5,7,4,13,8,6,5,1,8,4,2,5,3,6,4,4,12,4,4,2
Catsperd,9,1,3,9,2,15,7,3,5,8,0,2,6,3,1,10,14,7,7,7,0,9,5,4,6,3,7,3,6,9,2,0,3,2,1,5,1,3,6,1,3,2,8,0,5,3
Cav1,4,0,6,11,4,11,4,2,6,4,5,4,8,5,4,11,5,6,7,3,3,2,10,0,4,9,6,9,4,4,0,2,6,1,5,2,4,3,3,2,5,2,6,0,7,8
Cav2,12,3,9,19,14,15,6,4,14,11,19,27,16,10,11,15,10,10,13,10,3,7,10,8,7,8,6,5,6,13,6,7,8,2,4,8,2,9,5,7,11,7,6,4,2,7
Cbfa2t2,33,13,34,39,33,18,35,38,40,41,35,29,33,31,30,55,62,71,38,34,14,64,50,19,34,36,30,43,43,38,36,28,33,26,35,42,22,25,35,18,43,21,30,29,18,19
Cbfa2t3,5,0,3,8,2,6,7,6,5,3,5,10,7,6,5,6,4,3,3,1,4,15,8,6,5,6,4,4,4,6,2,2,3,8,4,7,5,6,4,3,4,4,4,4,4,4
Cbfb,18,14,15,29,31,26,31,21,33,18,35,32,24,15,21,21,17,41,21,16,16,32,28,15,25,30,33,21,37,33,23,23,28,7,17,17,15,20,21,12,22,15,28,11,16,25
Cblb,6,2,0,7,1,6,2,0,0,3,8,5,3,1,2,4,1,3,5,2,0,4,3,2,2,0,8,1,7,3,1,4,2,2,4,0,2,1,5,1,4,1,3,6,0,1
Cblc,94,30,68,148,87,72,108,92,102,76,119,77,96,62,90,118,123,160,90,76,29,123,107,63,106,90,67,83,84,73,120,53,103,60,101,73,60,85,96,64,136,103,88,81,86,65
Cbll1,9,2,8,16,4,3,5,6,11,10,6,16,3,9,11,9,5,10,11,5,2,8,14,2,11,9,8,10,8,6,6,5,4,3,9,4,2,10,5,2,5,10,10,2,5,7
Cbr1,974,506,608,1430,556,534,808,833,1209,1017,993,1379,882,1109,909,1579,1888,2880,996,669,321,2537,898,546,596,821,603,869,815,599,3243,665,763,742,749,659,748,850,691,375,721,585,593,568,594,653
Cbr3,10,6,5,23,16,7,7,15,9,3,9,11,18,5,7,23,33,397,7,6,10,130,9,10,8,10,8,13,2,6,585,4,1,18,8,12,6,7,6,11,16,8,3,7,4,10
Cbr4,82,36,78,119,51,70,87,84,113,94,90,117,74,53,91,112,133,149,79,80,37,135,121,70,97,80,69,97,120,108,101,82,84,55,97,106,79,73,98,58,101,102,94,49,83,74
Cbs,1425,647,1325,1970,1291,1484,1356,1261,1951,1441,1682,1976,1400,1427,1701,1730,1430,1225,1262,1340,583,2289,1780,1113,1749,1614,1528,1398,2308,1488,901,1065,1460,1186,1485,993,1632,1357,1025,801,2200,1536,1344,1061,1291,1354
Cbwd1,9,6,11,21,11,10,17,15,12,12,15,26,8,4,9,9,17,26,13,7,6,14,13,4,14,12,13,11,15,14,13,14,14,3,12,8,5,13,18,6,19,5,14,12,21,7
Cbx1,11,1,12,8,25,9,4,6,3,9,13,18,5,12,19,23,13,17,8,8,1,12,9,4,11,9,24,10,8,8,12,9,5,7,3,7,2,5,5,5,15,8,4,10,6,4
Cbx2,19,13,14,43,23,34,31,22,51,29,29,38,23,27,26,50,60,37,33,33,8,59,32,27,37,45,27,41,50,34,17,21,11,15,23,23,21,25,20,20,50,24,13,24,15,22
Cbx4,3,7,0,7,2,2,5,3,4,6,10,7,5,3,3,10,4,6,4,2,1,5,3,6,7,3,5,3,6,9,1,4,6,1,3,3,6,3,1,2,2,2,2,0,3,2
Cbx5,45,21,32,41,39,38,50,29,51,30,32,55,26,32,43,24,26,36,40,31,10,40,55,18,35,40,36,41,47,32,36,23,22,23,31,26,28,37,27,24,43,37,31,30,27,23
Cbx6,33,8,20,42,27,15,37,32,29,18,43,32,38,20,27,29,39,47,32,18,11,31,39,14,26,39,22,28,34,25,30,20,24,22,23,24,22,26,19,18,30,18,29,17,20,24
Cbx7,64,48,78,118,45,39,87,63,57,45,95,52,60,59,58,112,101,96,63,48,14,154,49,40,54,56,34,43,87,75,27,33,51,29,41,40,30,58,51,34,79,34,60,39,59,42
Cbx8,30,14,23,35,19,19,39,30,46,29,40,48,30,16,37,29,30,34,30,20,6,31,43,29,35,32,24,32,33,34,24,18,27,15,43,27,14,36,25,17,31,20,11,14,21,32
Cby1,23,10,22,37,29,25,35,43,30,24,33,44,31,25,31,19,23,33,21,22,7,31,37,28,31,18,26,27,37,39,27,16,25,27,32,25,22,23,32,19,42,33,23,19,29,25
Cc2d1a,35,22,26,63,24,32,47,29,57,29,55,58,44,48,37,38,51,72,34,27,10,57,47,24,46,36,42,42,50,29,40,34,43,31,30,33,26,41,42,18,46,41,30,17,37,36
Cc2d1b,51,33,56,78,44,50,88,71,59,53,69,83,71,41,61,71,80,133,45,60,23,119,58,35,74,53,66,58,64,57,77,48,55,37,57,53,43,51,52,43,81,56,55,38,35,41
Cc2d2a,5,1,9,19,9,4,15,13,12,7,6,12,17,10,8,12,14,12,7,9,4,17,13,9,13,11,6,5,30,11,11,6,9,9,15,11,13,5,16,3,11,4,11,10,7,8
Ccar1,33,23,40,84,35,39,48,28,59,49,63,73,62,53,46,47,41,69,33,37,18,67,61,30,42,33,31,39,57,43,25,30,45,17,39,40,38,40,35,33,55,53,38,27,22,39
Ccar2,5,6,7,12,4,2,10,13,7,5,10,11,6,8,6,9,7,12,4,4,1,12,4,4,7,4,8,13,18,8,10,6,6,7,3,2,8,8,6,4,6,5,12,3,6,12
Ccbe1,6,3,0,8,3,2,6,2,0,4,8,7,3,4,4,4,8,5,3,3,1,6,4,4,8,2,1,2,8,8,1,7,1,3,2,4,1,3,0,2,4,1,7,1,1,0
Ccbl1,687,309,606,898,726,669,900,994,1260,840,872,1395,591,566,776,1003,1152,565,860,679,317,573,829,549,924,833,937,974,1062,933,326,574,791,579,857,874,727,854,818,397,1135,887,683,643,705,586
Ccbl2,567,331,464,785,432,601,567,432,769,525,608,771,493,470,642,783,819,766,645,540,228,1107,645,379,377,553,620,656,866,734,390,450,558,345,596,574,607,522,532,329,699,569,522,405,440,553
Ccdc101,89,59,102,155,79,128,139,103,123,94,140,134,97,107,106,139,134,164,95,110,36,244,104,71,98,119,97,134,115,121,77,84,135,81,115,94,101,88,99,62,106,103,86,71,100,73
Ccdc102a,3,6,4,13,3,5,6,6,4,8,9,2,5,1,2,7,6,11,8,1,2,14,6,3,4,3,0,5,10,6,12,1,4,3,0,1,4,5,3,9,2,1,3,3,1,8
Ccdc106,2,2,0,2,3,1,1,4,5,3,7,2,4,2,3,2,3,2,2,3,1,5,1,4,2,0,3,0,5,7,3,0,4,5,4,3,1,3,1,2,1,1,1,2,2,1
Ccdc107,846,434,877,1208,482,864,886,755,750,857,1064,968,903,908,930,1151,1062,911,1001,785,301,932,965,750,954,801,671,1029,1031,892,750,714,1015,689,1149,1145,732,840,1067,676,1212,1020,1128,949,885,910
Ccdc109b,2,2,1,8,1,3,4,4,1,0,6,2,3,0,4,0,2,3,2,1,1,5,3,1,1,1,2,5,0,0,13,2,0,1,2,2,4,1,1,1,2,0,2,1,0,2
Ccdc114,1,0,1,3,4,3,3,5,7,2,4,6,0,2,2,7,1,3,0,1,2,1,2,1,1,4,1,4,0,1,4,3,6,2,1,3,2,3,3,1,7,2,4,3,0,2
Ccdc115,63,34,58,111,58,52,57,65,100,67,94,148,68,99,81,97,75,119,49,65,33,151,98,51,64,84,51,75,86,67,76,49,67,46,67,61,58,54,70,43,91,54,84,62,66,75
Ccdc117,63,42,64,60,59,83,75,45,92,52,83,113,64,46,67,74,79,52,56,51,23,44,75,36,72,54,58,57,87,101,36,39,56,36,43,49,35,64,67,19,76,58,58,51,40,52
Ccdc12,103,50,83,172,87,105,116,127,156,136,138,144,133,87,144,158,148,190,106,104,36,193,151,87,155,126,105,102,166,136,119,84,122,94,116,131,97,117,137,85,156,106,126,99,97,104
Ccdc120,14,5,3,15,16,3,12,4,15,10,15,15,6,2,6,14,6,80,11,7,1,65,8,4,4,9,6,8,3,7,27,6,5,11,9,4,4,4,4,8,8,6,6,4,5,5
Ccdc122,18,5,9,17,21,10,19,19,28,20,20,20,23,12,23,9,15,56,14,20,8,51,24,15,30,16,15,11,19,22,28,16,20,8,20,22,20,20,18,10,29,15,36,10,10,19
Ccdc124,106,48,104,132,85,137,149,149,194,129,152,185,178,155,175,151,112,189,115,135,44,164,119,100,141,135,145,147,180,161,110,121,131,120,169,155,159,145,124,89,175,170,178,125,165,171
Ccdc125,24,13,32,47,23,34,54,19,41,28,34,53,29,28,39,36,34,43,28,19,9,28,33,32,37,41,39,22,25,36,20,17,28,16,19,21,21,21,19,12,45,24,29,20,20,24
Ccdc126,3,4,5,8,6,2,8,9,16,8,11,20,8,10,10,10,12,16,8,5,5,8,10,3,16,11,7,10,13,9,13,3,13,3,5,3,5,11,6,6,10,6,4,3,4,11
Ccdc127,36,17,43,49,42,24,40,32,55,23,42,56,41,22,42,36,29,51,25,35,21,56,46,18,36,24,29,28,29,41,20,16,32,16,16,33,30,29,26,18,42,28,29,24,20,21
Ccdc130,16,12,29,26,24,19,32,27,25,22,40,42,39,24,38,16,19,34,24,18,6,36,25,24,26,21,17,28,20,35,22,13,27,21,13,22,18,26,30,17,34,23,28,17,19,14
Ccdc132,16,8,19,20,15,18,14,15,27,22,23,33,23,17,18,16,23,22,18,19,5,29,20,11,18,23,13,18,22,19,11,13,11,5,14,13,10,21,11,6,24,19,13,5,8,9
Ccdc134,21,9,22,23,27,21,17,17,25,12,11,71,13,13,24,22,18,15,9,17,4,28,16,7,16,19,17,18,18,21,14,23,20,9,13,10,10,14,14,9,23,19,20,16,15,8
Ccdc137,33,18,28,64,30,30,35,29,29,34,37,51,32,30,46,30,37,38,26,20,19,47,49,25,26,30,26,49,37,57,36,33,30,18,25,22,26,31,27,14,60,37,28,27,25,30
Ccdc138,3,0,2,1,3,2,4,2,2,0,2,5,0,1,3,2,1,2,2,0,0,2,2,1,4,3,0,1,2,3,0,3,1,1,7,2,0,3,1,0,3,2,0,2,0,1
Ccdc14,1,1,2,2,0,2,5,4,2,3,4,2,0,2,4,2,2,5,1,0,1,10,1,5,4,3,1,4,1,1,1,1,3,1,2,2,4,5,2,0,2,3,2,1,1,5
Ccdc141,32,7,12,35,25,10,22,21,29,18,22,31,23,24,20,22,35,37,20,13,5,28,16,11,21,37,29,17,28,17,9,18,16,15,14,12,21,16,13,6,20,14,12,4,8,14
Ccdc148,6,5,4,10,3,5,7,11,5,4,4,3,3,2,5,9,1,6,5,4,2,12,8,2,7,3,3,4,3,5,4,5,4,3,6,5,3,5,3,1,5,4,7,5,3,5
Ccdc149,12,9,8,17,17,10,15,14,25,12,16,45,7,6,7,24,14,25,10,11,4,22,12,3,9,14,8,19,10,10,14,7,7,10,10,9,10,11,11,6,18,4,5,12,7,8
Ccdc151,9,8,18,13,8,18,8,9,20,22,15,39,19,27,26,9,12,8,12,20,3,3,16,12,18,16,9,19,24,23,13,12,30,7,18,19,16,11,18,10,25,31,16,14,38,13
Ccdc157,45,41,36,79,37,45,68,54,53,44,60,57,54,43,50,65,51,32,45,33,20,32,49,31,32,43,35,42,40,37,26,24,48,23,45,32,21,58,37,23,61,32,29,30,26,18
Ccdc159,12,9,10,14,9,9,12,10,14,11,11,18,16,7,19,15,20,5,21,11,3,8,11,5,9,13,1,14,11,9,16,9,18,14,16,13,9,10,16,9,13,7,13,9,8,8
Ccdc162,5,8,15,19,10,7,11,11,10,8,8,11,12,11,10,16,14,7,5,4,7,7,21,5,13,14,6,10,18,12,8,9,12,8,11,9,11,9,15,5,22,9,13,5,2,12
Ccdc163,27,12,30,32,29,30,36,32,36,33,39,20,20,21,28,37,39,39,40,25,9,29,30,19,30,29,27,33,33,27,13,22,21,12,21,19,15,29,19,20,39,18,24,23,16,20
Ccdc166,8,10,14,17,8,11,10,22,20,22,21,16,13,16,15,14,22,13,12,8,8,20,26,15,21,15,14,16,19,9,9,20,23,7,13,15,14,19,16,7,23,11,15,12,14,12
Ccdc167,30,12,17,26,52,18,34,45,30,17,25,32,15,12,26,39,39,85,27,27,13,34,43,11,28,30,27,29,37,32,31,18,24,10,32,28,27,28,29,7,38,23,48,30,24,20
Ccdc17,18,5,21,22,13,10,25,16,19,11,23,33,16,14,23,20,15,24,23,12,9,23,20,14,24,14,16,12,21,20,9,12,19,14,14,17,12,9,19,17,26,17,13,14,15,16
Ccdc171,7,2,9,11,6,2,16,8,5,5,18,6,8,4,4,6,9,7,4,5,3,7,4,6,9,10,1,5,6,9,5,3,2,1,8,8,9,11,8,3,6,5,6,3,9,3
Ccdc173,2,0,1,5,7,3,3,0,2,2,1,4,0,5,5,4,4,4,0,1,3,1,1,2,2,4,3,5,2,4,2,1,0,5,2,1,2,3,2,2,0,1,2,2,0,2
Ccdc174,35,16,29,54,23,26,48,38,43,29,68,52,35,44,42,34,42,45,31,31,13,50,48,24,32,29,30,23,43,38,21,22,23,20,31,18,29,40,40,16,39,36,25,14,27,26
Ccdc181,24,16,27,34,21,22,28,20,26,20,48,33,24,20,26,31,36,48,22,21,10,49,34,13,41,24,35,35,34,20,26,16,23,18,14,21,18,22,22,10,37,16,22,26,20,18
Ccdc186,5,7,6,7,6,9,2,4,5,5,9,5,2,2,4,5,7,10,12,6,5,10,3,7,4,6,13,7,2,2,1,3,0,4,1,2,4,4,2,3,4,3,2,1,3,2
Ccdc22,65,21,48,72,52,41,43,51,64,52,82,94,53,56,65,100,68,88,56,43,21,94,52,37,34,44,62,58,83,51,49,43,41,31,38,53,33,52,61,33,72,39,50,38,39,49
Ccdc23,71,34,86,129,91,89,115,111,145,99,103,135,89,93,100,125,123,165,99,85,40,184,132,62,113,93,88,94,128,107,114,60,81,83,87,97,82,89,101,55,131,77,91,89,66,75
Ccdc24,2,2,0,1,0,1,7,1,1,3,4,5,0,2,1,3,3,2,4,2,2,2,1,0,1,2,0,0,1,0,2,0,2,1,1,1,3,0,1,1,0,1,1,2,1,0
Ccdc25,28,11,15,26,37,13,31,19,24,21,15,38,26,17,24,20,21,13,18,25,16,15,30,10,13,25,23,20,25,30,15,18,23,5,11,21,21,11,24,11,16,12,12,6,22,18
Ccdc28a,64,22,36,91,51,70,67,72,94,68,81,61,66,44,76,105,89,84,54,46,18,85,62,48,70,66,44,89,82,95,77,56,57,47,68,81,56,61,61,57,125,55,76,43,53,37
Ccdc28b,49,17,46,61,51,42,62,56,83,44,69,62,55,55,38,40,60,52,56,41,18,60,46,39,51,57,35,49,65,55,44,46,49,37,56,30,45,36,31,23,36,45,33,18,34,55
Ccdc3,7,3,3,9,3,2,7,4,5,8,4,7,8,4,5,2,8,10,0,5,2,6,12,2,4,10,3,5,9,6,6,2,3,5,1,2,4,4,4,4,9,4,7,1,4,9
Ccdc32,30,8,30,45,29,29,34,37,67,34,38,48,42,49,44,53,48,46,28,33,16,55,51,31,37,37,40,30,59,43,22,21,39,20,33,29,36,46,35,24,34,35,37,27,38,28
Ccdc34,8,2,3,17,10,2,14,14,7,9,12,8,7,4,7,8,8,28,5,6,3,16,11,5,11,5,5,3,12,15,11,3,6,9,6,3,4,8,8,5,16,5,10,3,5,9
Ccdc43,13,12,14,23,17,11,13,23,19,28,18,33,16,5,29,27,17,21,9,18,6,22,20,19,12,13,17,13,25,22,15,10,17,8,17,16,17,9,10,7,19,19,15,11,8,20
Ccdc47,132,81,127,213,147,133,154,148,189,142,176,233,169,151,175,195,156,203,133,130,61,226,156,93,114,127,124,145,201,158,116,130,154,55,155,98,118,127,103,82,155,118,142,112,91,123
Ccdc50,119,61,115,171,97,105,138,153,200,136,140,160,140,145,138,136,148,158,139,111,34,218,161,62,105,142,123,122,176,171,140,93,101,75,123,134,101,137,119,91,156,159,129,101,122,127
Ccdc51,15,10,27,30,37,21,37,35,52,19,26,57,20,35,21,22,30,30,33,16,13,32,31,20,36,21,24,25,29,30,18,15,25,25,36,15,17,20,25,17,33,26,28,25,19,24
Ccdc53,187,70,145,236,172,163,203,190,195,146,205,227,192,164,212,196,247,225,162,180,106,263,197,141,202,182,128,189,167,249,176,128,185,143,193,171,146,161,183,113,280,208,184,153,154,157
Ccdc55,2,2,2,4,1,1,6,3,5,7,3,11,5,1,7,2,5,2,3,4,0,2,4,2,2,3,6,1,3,4,2,0,4,2,5,4,1,4,6,3,3,1,3,2,7,3
Ccdc57,21,12,19,21,15,7,11,18,16,23,34,23,13,10,16,20,26,19,25,19,6,16,19,6,16,16,13,10,22,12,10,6,10,5,9,12,14,15,12,9,19,12,16,7,13,13
Ccdc58,197,114,188,263,195,178,229,170,244,197,298,237,210,203,228,256,251,217,235,183,72,298,253,147,202,192,166,189,204,232,133,132,212,168,203,190,176,196,209,123,261,186,204,171,161,160
Ccdc59,91,72,108,109,105,109,120,101,120,72,117,128,98,92,111,94,129,167,85,87,41,127,111,71,88,97,98,84,102,111,92,69,91,78,73,60,82,86,76,44,117,56,86,66,61,62
Ccdc6,99,42,90,104,64,95,96,47,120,75,113,91,103,85,90,122,97,89,85,64,19,74,82,53,66,79,56,93,85,105,60,52,68,38,68,59,47,79,84,47,104,63,58,73,57,47
Ccdc61,36,12,14,31,27,18,23,21,29,18,20,33,25,30,22,24,44,38,39,15,8,29,24,14,22,22,26,33,37,28,22,17,17,14,16,21,12,30,17,16,28,21,22,14,19,24
Ccdc64b,0,0,3,3,2,1,6,3,1,1,1,4,5,3,1,3,2,1,0,1,0,2,2,1,0,0,0,2,1,1,1,2,2,2,2,0,0,1,2,1,1,0,1,0,1,3
Ccdc66,3,4,5,7,12,4,14,13,9,8,5,22,3,4,8,2,5,10,9,8,1,13,8,4,9,3,4,3,8,4,4,6,8,2,8,1,5,6,10,3,9,12,6,4,1,2
Ccdc68,8,4,0,17,8,4,12,14,10,8,13,9,4,6,3,5,7,10,10,4,3,13,8,3,1,5,5,8,8,8,3,5,10,3,2,5,5,6,9,4,6,2,5,5,1,3
Ccdc69,3,3,2,4,10,2,11,5,6,5,4,7,4,0,7,3,2,5,7,2,2,0,21,13,6,6,3,12,11,6,8,3,7,11,8,9,7,7,9,8,6,3,4,4,8,2
Ccdc71,19,13,19,23,22,15,24,14,34,21,22,24,40,21,24,25,28,23,19,17,10,31,30,16,23,31,20,20,18,32,28,11,24,13,21,10,19,21,29,19,30,28,18,23,15,23
Ccdc77,19,11,18,19,22,15,32,27,20,13,15,31,14,23,23,30,24,45,8,17,9,22,25,14,28,20,25,32,17,26,34,15,11,11,20,16,24,16,21,17,28,12,17,17,16,14
Ccdc80,17,14,26,46,19,5,31,32,27,26,30,24,20,15,21,21,31,32,21,20,15,37,25,14,18,20,11,26,30,23,27,15,15,21,14,16,10,14,20,12,18,18,21,12,11,19
Ccdc82,28,17,23,49,17,15,27,31,29,18,30,46,33,23,18,39,37,59,22,16,12,64,35,19,25,30,14,24,30,20,23,15,20,17,19,22,14,14,12,10,33,20,22,14,24,21
Ccdc84,46,27,60,72,36,56,62,48,64,47,76,85,38,50,58,71,59,47,58,40,15,66,34,33,42,32,48,51,43,48,28,31,34,30,41,35,29,44,42,22,56,34,36,17,22,42
Ccdc86,6,7,8,9,6,3,11,5,8,3,7,19,14,12,8,7,5,20,6,6,4,12,6,6,5,12,9,4,3,11,7,6,10,1,8,4,8,4,7,4,8,7,7,6,12,11
Ccdc88b,13,8,13,42,21,13,27,19,19,14,23,25,20,12,25,22,34,24,16,11,6,25,21,6,22,11,20,12,21,19,140,11,13,15,14,10,20,10,10,7,15,11,14,9,12,20
Ccdc9,86,41,69,124,69,68,97,68,110,67,107,108,87,69,76,103,94,134,76,62,30,161,71,45,55,70,69,95,96,105,74,55,59,41,66,56,59,74,65,43,91,51,56,58,51,69
Ccdc90b,45,22,30,65,41,42,59,50,60,43,42,51,40,41,49,42,61,89,53,54,30,81,69,25,46,45,30,44,71,42,50,27,48,28,48,45,33,38,45,31,66,39,52,15,29,43
Ccdc91,39,21,44,72,54,57,74,42,72,45,71,90,52,39,66,75,71,100,68,53,30,85,79,55,54,69,50,62,79,67,57,51,58,41,56,56,70,56,65,40,84,59,62,39,54,53
Ccdc93,10,3,12,15,10,7,11,13,22,13,16,14,15,5,12,8,8,12,4,5,1,13,14,10,8,6,12,9,16,18,15,9,9,4,12,11,11,11,10,3,7,12,9,9,3,10
Ccdc94,20,10,9,14,19,15,20,15,14,14,16,34,17,12,16,15,14,24,11,11,10,26,12,6,9,13,16,11,21,13,21,7,11,7,12,4,8,11,12,6,22,16,11,14,7,8
Ccdc97,66,31,75,83,46,56,76,47,80,80,90,88,69,51,79,80,79,70,62,58,20,57,80,45,63,61,65,85,76,63,56,51,69,60,56,58,58,53,78,30,89,63,62,54,58,59
Cchcr1,11,4,10,9,12,8,16,15,13,6,16,13,14,9,7,12,15,19,18,12,2,13,17,16,15,6,9,8,16,9,17,10,14,12,13,17,14,9,11,5,17,11,10,10,7,18
Ccl19,4,5,2,15,6,2,9,6,3,3,4,4,3,4,4,4,5,5,2,1,2,4,4,0,4,4,2,5,2,5,21,2,2,8,3,0,4,5,7,2,2,0,6,1,3,7
Ccl2,6,6,3,30,19,13,16,36,2,10,15,6,8,3,16,5,15,41,5,11,4,41,6,5,5,8,18,4,16,14,114,4,4,17,8,4,12,16,4,1,1,7,8,5,5,5
Ccl22,0,1,1,8,1,0,3,3,0,1,5,0,5,2,2,1,2,3,1,1,0,5,1,0,1,0,3,3,1,1,4,3,0,4,0,1,1,2,0,0,1,1,0,1,0,1
Ccl24,18,8,12,20,15,14,29,33,25,18,26,23,20,15,15,18,19,20,17,12,7,21,18,16,23,17,14,8,17,37,128,9,8,10,16,15,13,17,11,10,16,18,33,12,7,8
Ccl25,22,12,16,31,20,18,32,28,19,27,28,32,24,20,30,29,21,14,14,33,4,21,37,14,16,25,20,21,34,35,13,11,21,14,18,28,17,30,17,14,41,24,18,22,21,18
Ccl27a,126,64,106,164,98,114,100,129,145,108,140,129,103,103,122,148,160,104,93,84,62,116,142,86,114,99,107,129,152,142,71,89,136,89,99,101,115,121,138,60,160,94,96,99,119,97
Ccl28,1,0,1,0,0,0,0,3,0,0,0,0,0,0,8,0,0,1,1,0,0,0,0,0,1,0,0,1,0,0,0,0,0,0,0,1,0,0,0,0,0,1,0,0,0,0
Ccl3,1,0,0,9,4,0,2,8,0,2,6,1,2,1,10,2,3,5,0,4,5,9,0,0,7,1,3,2,0,1,9,0,0,6,1,2,7,6,0,0,3,1,4,1,1,1
Ccl4,3,2,4,17,6,4,5,18,0,3,2,6,7,3,10,4,4,13,4,3,6,7,3,3,10,1,6,5,3,2,17,3,4,12,0,6,4,6,3,1,3,5,3,0,1,0
Ccl5,31,20,74,268,113,26,124,160,27,39,122,62,69,28,100,45,70,96,38,42,106,135,86,37,70,45,70,43,75,48,462,69,21,134,20,51,161,74,30,10,49,71,69,22,26,42
Ccl6,22,22,32,53,54,40,35,50,62,27,65,70,33,32,46,34,37,121,29,20,21,140,30,15,29,26,53,26,20,45,85,15,13,25,26,21,22,19,18,19,25,31,23,21,21,21
Ccl7,2,0,0,3,1,1,3,0,0,0,2,0,0,0,1,1,0,5,0,0,3,2,1,1,2,0,0,0,1,0,16,0,2,0,1,0,0,2,0,0,0,1,0,0,0,2
Ccl8,0,0,0,6,1,1,0,1,0,0,2,0,0,0,0,0,1,0,0,0,0,1,0,1,0,0,1,1,1,1,2,3,0,1,0,0,0,0,0,0,0,1,1,0,2,0
Ccl9,32,6,23,44,25,14,20,31,41,20,18,60,20,19,32,15,29,34,18,23,10,49,17,10,14,12,23,34,30,21,24,8,16,23,23,22,32,16,15,9,15,17,22,13,11,21
Ccm2,160,77,145,219,100,171,167,141,190,132,178,215,126,123,157,198,223,241,165,125,53,242,182,97,141,143,102,139,174,168,150,112,133,131,153,121,105,143,159,79,196,124,105,113,93,129
Ccm2l,10,3,14,12,7,13,15,15,15,14,19,20,14,6,17,13,18,7,7,11,2,19,22,15,16,13,16,13,23,15,10,10,13,7,13,13,5,18,16,9,10,15,14,14,13,13
Ccna2,3,0,1,1,2,0,3,4,0,1,1,1,1,0,1,1,1,9,1,1,0,0,1,2,2,2,0,0,0,1,4,1,2,0,1,1,3,0,0,0,1,0,2,1,1,1
Ccnb1,0,0,0,0,2,0,1,4,3,0,1,0,0,0,0,0,0,6,0,0,0,1,1,1,0,0,0,0,1,0,3,1,0,0,1,1,3,0,0,0,0,0,1,0,1,0
Ccnb2,2,6,2,9,13,3,6,26,1,2,5,3,4,4,2,5,5,50,4,3,2,17,6,2,4,7,4,3,6,3,21,7,3,11,4,9,12,5,6,1,6,5,8,3,1,1
Ccnc,10,10,13,31,13,13,17,15,26,19,12,15,14,10,14,23,18,24,9,11,9,15,21,10,24,12,12,19,25,15,18,12,15,5,13,15,14,16,13,8,24,22,25,7,10,16
Ccnd1,165,51,143,289,200,59,201,238,87,106,150,278,99,61,125,104,181,822,102,88,47,248,129,45,79,88,190,107,146,104,170,65,86,124,70,51,116,119,83,43,82,67,84,60,58,72
Ccnd2,29,13,24,28,23,20,35,26,22,19,28,38,25,12,24,36,26,18,28,16,9,15,20,16,32,27,24,25,22,22,29,18,19,20,14,18,15,15,21,15,34,23,18,18,13,15
Ccnd3,189,90,195,216,133,191,193,179,205,163,270,239,161,143,226,247,229,138,174,170,56,142,204,131,130,174,188,201,247,231,186,174,143,146,176,175,125,188,234,110,262,183,201,152,181,187
Ccndbp1,77,28,55,83,68,71,77,70,87,77,83,78,83,74,63,88,77,104,60,60,28,102,66,63,67,68,72,60,92,101,77,46,64,44,71,69,58,76,79,58,86,87,65,50,57,55
Ccne1,5,9,8,9,7,5,15,6,10,9,11,20,8,8,8,13,8,19,7,7,3,9,10,8,9,9,13,7,10,9,11,5,7,14,10,5,4,7,4,8,14,6,8,7,9,10
Ccnf,41,16,27,62,54,33,40,38,97,54,35,53,53,84,48,95,84,52,36,32,28,30,69,34,72,84,40,76,42,53,32,45,53,43,68,48,36,47,70,48,118,74,48,34,45,70
Ccng1,20,7,22,21,35,21,30,32,42,33,26,49,27,26,39,14,25,55,33,24,7,32,37,19,20,18,21,25,43,35,27,28,22,9,28,36,21,14,17,11,27,12,17,19,14,28
Ccng2,13,2,17,35,14,22,20,15,44,24,34,23,18,15,20,32,41,22,19,9,8,40,18,15,26,34,11,27,29,26,20,16,22,7,16,24,13,17,20,11,35,22,24,9,16,20
Ccnh,50,34,44,103,47,52,75,60,84,80,67,82,72,56,72,91,86,78,56,57,26,95,70,50,68,68,55,60,91,78,35,36,56,33,71,56,70,54,63,46,75,69,74,34,46,56
Ccni,254,101,205,379,279,280,233,268,395,262,314,421,320,265,302,385,396,376,269,217,108,555,338,193,273,317,251,287,370,290,228,194,288,167,302,277,224,237,300,157,406,284,264,180,178,282
Ccnj,10,6,7,9,8,1,13,7,7,5,10,9,7,6,5,6,2,15,6,7,2,11,4,5,9,4,10,9,10,13,6,7,3,8,7,5,2,11,6,3,7,7,8,4,8,11
Ccnk,108,66,99,171,128,93,119,125,182,115,156,164,173,131,141,149,131,196,122,98,39,196,143,74,124,114,103,123,177,139,122,83,108,67,122,86,117,104,115,62,170,113,94,76,87,126
Ccnl1,139,55,110,218,88,104,171,106,126,115,181,155,97,95,128,139,129,158,94,75,41,172,111,68,119,110,94,90,131,112,88,74,106,81,84,93,62,72,79,44,118,58,98,72,51,57
Ccnl2,396,227,537,718,442,506,569,399,528,366,670,533,417,315,469,466,486,439,474,328,164,620,486,318,476,442,443,387,499,478,325,258,365,308,399,379,317,325,403,229,533,413,415,335,298,322
Ccno,0,1,3,6,1,3,3,1,5,2,2,10,9,3,4,4,2,0,1,3,1,5,8,5,3,4,4,5,5,3,1,0,4,2,7,4,2,3,4,2,3,4,5,4,1,3
Ccnt1,91,45,69,95,41,64,104,60,44,94,83,105,72,53,86,49,44,66,49,59,20,51,78,37,49,39,64,65,69,64,51,37,59,42,41,34,27,45,59,31,39,49,60,54,33,37
Ccnt2,13,7,11,23,21,7,17,12,20,20,21,14,16,16,12,20,16,17,9,8,5,14,18,13,14,13,18,13,9,14,12,18,8,2,13,14,20,19,11,9,27,13,5,6,10,11
Ccny,9,3,8,14,9,9,9,9,10,7,14,8,7,9,6,6,13,13,11,9,5,14,16,3,16,9,6,17,11,10,5,8,4,2,12,14,3,6,2,1,7,1,3,5,2,7
Ccnyl1,28,12,21,38,32,18,30,20,15,24,32,31,27,26,26,25,23,18,22,19,5,16,14,23,16,18,21,14,28,25,15,15,23,12,28,24,16,14,27,9,37,18,24,15,23,27
Ccp110,15,5,7,9,9,10,11,6,7,6,18,11,7,5,7,15,8,13,13,7,2,20,9,3,14,6,6,7,6,5,3,3,3,8,8,7,7,8,6,6,7,8,9,5,5,3
Ccpg1,215,89,188,293,206,179,205,142,292,183,282,265,207,211,221,264,294,225,220,188,82,226,237,135,221,207,177,177,210,228,139,139,192,119,189,155,151,170,194,104,284,252,178,152,174,180
Ccpg1os,45,28,45,64,56,59,67,50,61,50,50,48,47,40,54,62,79,53,47,37,26,43,52,30,46,45,43,49,49,52,33,27,66,28,49,54,53,55,62,34,66,51,61,35,38,37
Ccr5,5,5,4,9,11,8,12,11,6,4,9,20,8,3,15,7,7,4,5,5,5,10,8,6,10,7,12,4,7,13,15,2,6,4,8,6,3,6,2,0,1,6,7,1,2,3
Ccr7,3,0,2,8,7,3,7,4,0,5,12,1,2,2,2,7,4,8,3,1,2,8,5,0,6,3,0,2,7,8,6,2,3,5,2,1,6,3,1,2,2,4,4,1,0,2
Ccrl2,4,4,7,12,8,7,13,13,13,6,7,16,11,8,14,14,11,16,7,4,1,16,13,8,8,10,9,10,8,6,32,5,6,9,5,8,3,11,14,4,11,10,6,5,8,8
Ccrn4l,46,66,116,131,70,72,72,79,109,75,40,177,103,151,120,40,47,90,58,60,37,72,127,76,104,132,65,116,209,75,63,102,65,68,87,71,103,70,121,83,254,106,146,97,112,154
Ccs,1021,508,1074,1573,742,1092,1317,1060,1328,1040,1317,1296,1103,1073,1239,1488,1598,803,1171,1129,296,971,1415,726,1133,1074,970,1187,1400,1224,804,751,912,881,1180,1094,796,1139,1341,755,1421,1214,1218,808,1059,1047
Ccser2,77,41,54,93,74,54,81,101,94,70,79,121,59,67,72,94,79,96,89,72,28,114,85,49,67,75,69,77,101,95,79,50,87,43,77,66,77,61,62,60,111,67,70,57,47,53
Cct2,431,215,426,643,526,531,585,519,649,415,629,691,625,470,556,677,660,1070,515,431,218,1139,673,379,556,607,394,507,558,573,495,367,499,322,533,473,427,480,576,316,788,493,504,347,396,402
Cct3,361,216,339,489,411,426,442,448,483,402,534,702,424,366,470,536,585,719,386,400,153,702,462,272,435,400,402,481,467,494,460,340,365,226,425,353,389,452,434,234,585,388,390,310,351,400
Cct4,116,67,111,222,204,149,174,168,256,161,165,204,155,171,186,170,258,257,158,135,88,356,247,107,176,152,115,206,223,229,159,114,159,68,141,147,156,152,139,86,192,145,159,106,137,140
Cct5,507,238,357,639,533,474,504,444,802,461,602,722,615,437,560,631,731,1035,507,501,224,917,656,310,627,552,443,564,681,634,487,328,472,291,546,482,494,474,552,317,760,486,500,392,406,461
Cct6a,505,251,422,673,551,478,507,484,726,627,651,791,682,505,636,740,800,1011,526,560,244,777,701,394,588,641,455,620,699,689,544,453,553,405,626,583,493,520,637,364,832,621,525,399,517,489
Cct6b,3,1,3,0,3,4,2,3,3,4,4,7,2,3,2,1,2,3,3,0,3,3,7,1,5,1,2,2,3,0,4,1,3,0,3,2,3,2,4,3,3,4,2,3,4,0
Cct7,641,374,576,798,535,577,790,755,770,605,843,937,556,544,588,724,883,1199,639,504,222,952,809,464,656,648,571,671,723,684,579,391,580,516,659,525,489,617,618,390,855,606,595,521,528,501
Cct8,338,203,351,479,311,371,445,394,478,430,518,574,386,438,491,533,433,595,435,400,155,601,555,275,408,411,346,415,556,450,318,269,422,232,339,335,330,398,411,254,550,419,333,251,297,321
Ccz1,108,45,106,168,102,106,117,106,161,114,145,139,155,108,136,143,141,155,93,116,41,182,143,71,110,127,83,133,174,147,98,63,106,68,140,123,102,109,127,69,155,113,133,84,67,96
Cd101,2,0,2,4,1,0,2,0,0,0,0,0,0,0,0,1,0,0,0,1,0,1,0,0,0,1,1,1,0,2,6,0,0,1,0,0,0,0,1,0,0,0,0,0,0,0
Cd14,24,20,26,81,66,26,30,23,194,28,53,59,26,17,22,25,59,97,25,25,7,27,30,11,23,19,23,15,18,27,81,11,17,27,18,12,12,20,9,14,31,15,20,4,6,21
Cd151,161,87,167,224,161,168,209,212,250,186,216,224,213,205,220,214,213,334,179,154,73,257,226,136,231,205,173,236,272,235,210,136,169,156,182,173,187,214,219,157,329,230,199,173,164,191
Cd163,43,26,45,59,37,32,47,37,65,33,47,87,42,12,44,28,32,6,21,24,21,10,39,24,22,27,36,20,7,43,23,27,21,36,23,35,10,36,20,16,41,24,37,18,17,12
Cd164,240,123,197,356,274,199,278,275,420,302,295,424,250,264,320,260,268,285,240,224,112,298,395,193,323,320,241,313,384,313,231,191,307,47,240,226,201,208,194,161,262,221,254,157,189,238
Cd19,2,7,12,9,2,3,10,13,2,1,8,1,1,4,11,7,12,8,5,4,3,13,6,2,5,5,4,1,11,6,5,5,4,2,6,3,8,4,1,0,1,3,6,3,2,9
Cd1d1,754,351,765,1267,636,938,877,808,1125,992,1008,985,948,893,1249,1202,1215,697,868,862,405,904,1220,700,944,962,794,1098,1547,1009,1022,789,1045,685,1167,1046,911,973,921,522,1252,863,1092,693,874,837
Cd2,4,5,1,12,4,1,11,8,1,1,12,7,10,1,8,7,1,4,4,0,3,8,6,3,3,3,7,2,5,5,20,3,6,5,4,3,6,4,3,1,1,1,4,3,2,2
Cd200,3,1,3,2,3,1,1,2,1,0,0,1,1,0,2,1,1,7,3,1,2,3,2,1,3,3,1,9,0,1,1,1,2,1,2,1,0,1,0,0,0,2,1,2,0,0
Cd200r4,0,0,1,7,1,1,3,0,0,1,0,0,0,2,2,0,1,2,1,0,0,1,3,1,2,0,1,0,3,1,3,2,2,1,0,1,0,1,0,0,2,0,1,0,1,0
Cd207,8,6,12,27,12,11,34,29,11,16,37,32,5,10,11,11,26,23,15,8,5,16,15,12,6,10,12,10,24,5,13,8,11,11,7,12,13,7,6,4,13,13,14,9,6,10
Cd209f,5,1,3,2,1,0,3,6,0,2,3,2,2,1,1,5,1,1,2,3,0,0,2,5,2,0,0,0,2,6,0,1,0,3,2,2,1,1,2,0,2,0,2,0,2,0
Cd22,8,11,13,28,12,7,17,32,4,8,12,12,12,4,14,5,10,15,10,4,5,28,10,11,6,6,5,4,15,12,24,10,6,17,4,10,5,11,5,3,7,12,8,4,5,13
Cd247,2,1,3,6,1,2,4,5,0,1,4,0,1,2,2,0,2,6,2,1,1,3,5,2,2,2,1,1,1,3,10,2,3,3,1,0,1,4,0,2,1,1,0,0,0,0
Cd248,2,2,4,10,8,4,6,10,2,4,7,2,5,7,5,4,5,10,4,6,6,3,6,2,3,4,6,3,8,4,11,6,4,4,3,8,3,8,4,1,3,1,5,1,4,3
Cd24a,11,4,8,22,26,17,22,8,19,7,17,28,18,13,19,15,19,26,12,14,3,10,19,9,22,22,16,27,17,21,10,7,11,5,12,11,9,12,6,10,11,12,12,6,13,16
Cd27,2,1,2,6,2,4,4,3,1,2,3,3,4,2,6,2,2,3,1,3,0,5,4,0,0,3,1,2,3,5,7,1,2,3,1,2,3,2,2,1,2,2,1,2,1,2
Cd274,2,3,2,15,13,10,7,11,2,9,13,5,13,8,12,5,13,9,5,8,8,17,5,8,12,8,6,4,5,6,92,6,7,12,2,5,3,9,2,3,4,4,3,9,3,6
Cd276,20,11,12,31,32,14,36,31,20,18,18,28,21,9,29,38,35,51,28,21,8,24,35,11,21,38,16,32,11,25,28,7,19,9,21,16,18,19,24,22,38,17,17,25,9,9
Cd2ap,4,6,8,22,6,10,13,6,15,8,11,11,3,7,11,5,9,15,10,6,4,9,5,5,8,0,6,6,5,10,6,5,5,3,8,7,6,9,6,3,3,7,7,2,2,10
Cd2bp2,43,34,55,75,36,49,61,75,84,39,83,88,58,64,82,62,65,75,73,58,19,86,69,47,45,51,58,50,52,68,62,43,65,39,63,56,44,49,52,32,76,45,65,34,48,58
Cd300a,1,1,1,1,0,0,2,2,0,0,2,3,0,1,1,0,2,7,1,1,0,4,4,1,1,1,3,3,1,1,4,1,2,1,0,1,0,0,0,0,3,2,0,1,0,0
Cd300e,2,2,10,15,8,14,10,11,12,4,19,12,6,4,13,9,3,4,6,6,3,2,9,7,46,4,27,4,9,11,34,3,3,9,4,5,5,3,9,5,9,12,15,6,2,3
Cd300lb,0,1,3,2,1,3,3,0,2,1,4,3,1,0,2,3,1,7,1,3,1,11,1,0,1,0,0,0,2,2,4,1,0,2,0,3,1,1,1,0,3,3,2,1,1,0
Cd300ld,13,12,11,18,24,6,30,17,16,12,27,26,11,9,19,7,19,19,13,21,10,20,12,9,25,9,17,9,20,20,15,12,13,11,5,19,2,9,13,4,10,8,16,11,3,6
Cd300lf,3,4,7,15,18,10,7,14,7,7,15,8,15,3,6,9,9,8,4,4,2,22,5,2,17,6,7,6,6,14,30,5,4,5,2,6,3,5,3,5,6,5,7,5,2,2
Cd300lg,36,16,25,32,19,26,50,37,66,31,40,32,54,34,33,45,48,48,31,35,14,60,45,23,24,31,22,32,38,43,30,30,34,22,29,29,20,32,34,13,43,16,24,15,19,40
Cd302,992,516,1234,1883,2311,1675,1219,1126,3568,1386,1654,2805,1632,1208,1612,1468,1335,927,1046,1497,655,1186,1534,900,1822,1693,1775,1351,2021,1710,1286,907,1642,861,1765,1334,1229,1220,1325,791,2429,1418,1872,1058,1246,1351
Cd34,8,2,3,12,6,3,5,8,5,3,4,4,5,2,2,3,9,9,2,3,1,5,3,4,2,7,5,5,7,3,4,4,3,1,5,3,3,8,2,2,6,4,2,2,4,6
Cd36,6,3,6,14,3,16,8,5,11,9,10,9,4,11,13,15,10,26,11,12,6,22,26,22,16,5,6,20,33,19,28,19,21,16,11,21,11,16,19,6,14,19,16,15,23,16
Cd37,7,7,17,25,10,9,21,12,13,6,22,9,14,9,21,12,13,8,11,13,3,18,11,2,11,12,8,4,16,18,14,5,6,7,7,2,8,9,6,6,9,12,6,1,9,9
Cd38,17,13,12,13,32,14,26,22,22,10,17,25,13,12,16,11,16,30,15,13,6,21,10,9,10,11,12,6,15,20,27,8,15,2,10,6,11,5,8,4,8,7,13,5,12,15
Cd3d,3,5,1,10,3,3,10,11,1,1,14,2,4,1,13,4,9,4,5,2,1,8,0,3,0,6,5,5,5,2,18,2,2,8,1,0,6,1,2,2,1,4,5,1,2,3
Cd3e,2,1,0,7,1,0,3,3,0,3,3,1,3,0,4,1,2,4,2,0,2,3,2,1,1,2,2,0,2,1,4,3,0,2,0,2,5,2,1,0,2,0,2,1,2,0
Cd3eap,54,49,51,73,29,41,61,63,44,50,89,94,59,44,49,45,59,83,40,62,15,91,54,31,30,42,53,56,60,58,55,34,30,30,37,46,27,38,56,30,54,50,52,62,39,42
Cd3g,1,0,3,7,1,0,8,8,0,4,4,4,2,2,4,3,6,6,2,1,3,4,2,2,1,0,3,3,1,1,9,2,0,6,3,4,4,2,4,2,0,2,3,1,2,0
Cd4,3,3,4,12,7,6,15,10,1,2,6,3,10,3,5,4,1,1,9,3,3,3,17,1,16,8,8,4,6,9,4,1,3,9,4,0,3,9,5,8,12,9,2,5,1,5
Cd40,4,2,7,17,10,4,8,17,3,5,9,9,8,1,3,9,8,5,3,2,4,16,8,4,5,4,5,0,11,6,61,3,3,6,0,1,6,6,3,1,6,10,7,2,4,2
Cd44,3,2,3,7,3,8,7,2,2,3,9,5,1,2,4,2,3,8,7,2,1,6,3,5,2,3,1,2,4,8,9,2,2,1,1,2,2,3,1,2,2,1,4,0,3,3
Cd47,171,103,157,305,184,170,204,186,306,314,255,306,229,211,283,286,265,317,198,214,90,304,258,133,197,199,192,238,354,249,283,127,191,90,215,177,173,194,158,101,217,188,202,123,133,168
Cd48,2,1,2,4,2,2,3,5,1,4,5,3,0,3,3,2,1,4,2,0,0,7,3,3,0,2,1,1,9,1,2,0,0,0,1,2,2,4,3,1,0,1,0,0,1,1
Cd5,0,1,2,6,2,0,2,1,0,1,4,0,3,1,3,1,1,1,1,0,2,1,2,0,1,0,1,0,1,1,1,2,2,1,2,1,1,1,1,0,1,3,3,3,2,0
Cd52,75,44,109,219,100,78,175,173,45,55,169,116,106,54,120,101,102,190,83,65,41,182,110,56,123,45,127,60,103,96,548,60,61,143,49,66,69,80,62,29,73,74,99,59,54,66
Cd55,5,0,6,5,3,5,7,10,4,2,4,7,1,1,4,2,5,7,5,4,1,2,6,3,6,5,2,5,3,9,2,2,4,2,3,2,3,4,5,2,3,2,2,3,2,3
Cd59a,419,198,392,506,261,318,429,291,470,409,522,402,428,366,491,530,456,304,415,397,158,404,494,301,425,358,340,385,489,471,367,340,393,282,394,427,310,386,390,272,555,404,383,290,325,314
Cd59b,9,7,8,2,1,6,9,3,5,8,12,7,11,15,9,3,7,5,10,10,2,3,7,8,9,5,10,16,8,8,5,10,8,9,10,13,9,9,11,6,11,9,5,8,9,10
Cd5l,254,174,387,485,615,385,685,652,488,251,532,552,286,241,558,341,437,792,325,338,208,1038,473,250,467,216,485,217,282,547,1011,179,182,274,206,260,211,294,255,129,276,279,388,217,179,250
Cd6,3,3,4,4,4,2,6,4,1,1,4,0,3,1,7,2,1,3,3,1,4,3,1,1,2,3,1,0,5,2,14,0,2,3,1,5,5,2,0,0,0,2,3,2,0,0
Cd63,62,27,38,166,83,34,72,84,89,34,73,113,79,29,51,83,100,859,71,34,17,528,48,25,29,52,26,60,50,35,77,29,39,42,35,27,29,55,36,22,71,25,21,19,30,35
Cd68,39,20,54,105,62,47,87,95,56,43,84,85,28,29,47,57,45,174,34,40,29,175,58,35,82,31,65,39,48,66,128,30,34,62,28,37,40,52,45,16,49,41,66,29,31,27
Cd7,2,0,9,5,4,3,6,16,1,6,12,6,6,2,6,2,6,3,2,6,3,3,11,0,4,4,6,2,5,6,11,3,5,11,3,5,9,10,4,2,2,4,5,1,1,2
Cd72,15,12,14,36,9,23,25,18,13,13,29,23,23,8,25,12,15,22,15,8,6,28,20,11,27,9,22,12,17,20,34,11,8,20,5,9,12,13,11,8,25,15,14,9,6,10
Cd74,331,280,466,1599,563,360,1602,921,270,349,1152,586,626,285,813,486,652,899,428,407,311,943,693,314,444,384,587,423,652,692,5454,347,361,766,250,407,416,732,286,144,314,328,571,292,250,300
Cd79b,14,14,20,51,15,17,30,35,9,17,29,13,19,10,29,23,20,20,25,12,7,43,23,15,25,14,11,14,31,29,27,10,13,15,10,22,28,19,5,9,12,26,18,12,4,15
Cd81,1293,629,1158,1949,1265,1205,1552,1373,1662,1534,1943,1888,1675,1408,1684,1907,1918,1366,1728,1558,637,1236,1745,1164,1566,1586,1462,1841,1489,1877,1672,1346,1882,1230,1517,1726,1256,1608,2018,1254,2595,1861,1611,1410,1568,1564
Cd82,458,238,455,762,339,417,539,481,484,432,519,468,538,419,407,620,577,508,533,407,130,438,527,339,427,462,421,437,645,556,428,290,388,342,505,450,307,508,492,292,564,482,472,375,445,442
Cd83,0,0,4,8,2,2,1,4,1,7,6,0,3,4,2,3,6,4,4,2,1,7,5,1,3,5,1,2,3,1,6,0,1,2,2,0,2,5,2,1,4,1,1,0,0,0
Cd84,12,4,5,13,14,3,11,14,2,6,14,13,12,4,11,6,6,21,5,4,3,21,4,5,3,6,5,4,7,4,13,11,4,7,2,7,7,3,2,1,3,3,5,3,6,7
Cd8a,2,0,3,4,2,0,2,5,0,0,1,1,0,0,4,0,2,4,1,0,2,5,2,0,0,0,1,1,1,0,6,1,1,0,0,0,1,1,1,0,0,0,1,1,0,1
Cd8b1,2,0,4,13,8,1,10,7,1,0,8,7,3,0,4,2,5,5,3,4,4,8,9,3,10,2,4,3,3,5,15,2,5,10,1,3,4,3,1,1,1,1,3,4,0,3
Cd9,95,60,80,223,165,54,138,134,213,122,126,183,135,92,98,152,152,376,124,83,37,183,157,62,87,124,72,102,61,73,105,69,100,67,111,99,95,105,96,75,124,93,83,60,64,102
Cd93,0,6,2,5,9,10,5,2,7,3,9,5,8,2,2,3,6,11,5,4,4,4,11,3,4,8,7,3,8,9,7,6,6,3,5,5,6,8,4,1,3,0,5,1,3,2
Cd99l2,132,78,153,191,136,142,149,149,200,143,180,164,161,152,160,159,193,149,158,144,53,192,182,116,147,146,146,138,198,180,149,109,164,126,128,146,134,154,158,109,194,169,153,118,128,142
Cda,109,22,63,171,56,110,101,81,157,127,158,156,115,90,126,122,190,143,63,121,27,94,79,46,61,109,105,95,160,119,64,63,98,87,99,90,81,122,107,90,122,107,111,70,97,77
Cdadc1,154,70,128,218,124,138,145,137,188,160,163,197,128,162,155,211,184,139,145,144,48,140,165,108,122,131,129,157,145,170,107,121,143,125,170,122,110,128,145,64,226,147,102,96,126,130
Cdc123,304,159,330,400,206,318,390,318,356,331,446,510,337,289,368,425,373,447,337,311,130,374,376,222,371,314,295,343,341,290,322,242,357,281,346,302,260,333,325,200,456,291,277,258,254,245
Cdc14a,1,0,3,5,3,4,7,3,4,1,4,6,6,2,5,4,8,6,6,4,2,9,4,5,1,2,3,0,4,4,8,1,2,3,1,4,4,3,1,2,4,1,5,1,2,1
Cdc14b,66,22,46,107,59,56,77,53,74,62,64,36,46,44,62,89,86,64,76,45,22,108,103,54,63,61,48,65,79,81,40,48,74,33,63,66,50,54,57,34,97,55,71,37,50,51
Cdc16,54,31,46,80,77,64,76,59,85,63,78,100,95,55,76,73,64,137,67,44,24,116,76,52,65,72,52,69,80,80,67,49,73,50,63,67,55,48,73,39,107,59,72,45,51,50
Cdc20,1,0,0,3,9,1,26,33,4,2,2,8,4,2,8,0,0,43,0,4,2,11,3,3,6,4,7,5,12,4,10,6,3,16,5,7,11,4,0,0,3,2,7,2,4,3
Cdc25a,13,7,18,24,14,14,14,18,17,9,20,27,18,16,12,22,16,21,18,20,4,29,12,8,10,3,12,14,8,10,11,14,11,11,16,12,14,10,11,6,8,10,15,10,7,10
Cdc25b,4,1,2,9,7,4,13,4,5,6,2,2,4,5,6,7,3,7,4,3,4,6,13,2,4,6,10,2,5,12,15,4,3,8,7,2,11,6,6,5,8,4,10,4,6,4
Cdc26,28,9,15,27,17,18,10,20,26,15,26,22,16,24,24,27,27,30,20,25,2,23,23,11,28,18,19,20,31,23,19,25,17,19,22,15,10,20,19,10,26,28,9,15,12,20
Cdc27,18,15,12,16,11,13,14,14,26,21,26,21,17,14,15,15,13,31,21,20,7,18,19,9,15,12,15,11,12,21,17,11,10,4,14,12,15,16,13,15,10,14,10,9,7,7
Cdc34,637,394,514,817,461,547,715,711,652,708,802,931,615,501,793,712,731,1117,603,610,233,984,717,412,518,564,575,749,658,601,661,474,658,643,738,622,568,695,709,397,907,653,619,556,574,573
Cdc37,133,50,121,179,150,132,176,123,191,117,150,161,162,160,159,187,178,194,188,145,54,218,186,83,172,169,139,142,204,206,144,87,141,108,150,165,155,157,217,94,220,173,156,125,154,148
Cdc37l1,108,46,80,99,73,96,98,61,103,95,100,112,81,84,76,91,112,106,91,70,26,122,99,57,53,74,73,79,85,106,66,53,55,55,63,51,50,62,80,33,83,55,55,60,42,45
Cdc40,50,22,65,85,64,63,82,68,90,59,65,77,92,72,90,94,63,90,57,53,26,106,73,33,55,65,44,64,93,60,48,34,53,30,60,43,46,64,46,28,69,61,63,39,56,49
Cdc42,274,115,224,273,255,230,331,262,339,252,275,338,248,233,235,274,257,543,393,256,143,406,351,141,202,301,205,241,328,287,290,166,221,102,211,159,188,209,152,144,272,180,226,130,151,226
Cdc42bpa,25,22,36,72,26,29,34,26,36,36,38,28,33,35,28,41,47,64,33,24,17,69,38,20,23,40,28,37,24,33,31,27,36,17,29,25,35,36,46,17,38,21,32,18,30,29
Cdc42bpb,177,86,171,246,168,191,228,173,206,175,243,225,168,158,181,281,259,208,225,165,70,213,235,121,169,205,171,194,217,225,142,107,206,146,177,156,128,174,214,103,303,184,190,148,146,164
Cdc42bpg,41,30,57,56,31,29,40,40,42,25,47,49,44,29,31,65,73,53,36,26,21,84,42,25,39,33,42,22,30,32,33,26,28,30,31,34,26,27,28,18,41,32,37,23,22,29
Cdc42ep1,93,67,108,157,105,95,147,116,162,107,159,204,164,150,164,92,100,144,132,102,24,153,157,87,145,122,104,111,135,150,90,104,126,115,117,86,58,123,114,67,173,95,75,83,81,107
Cdc42ep2,20,8,16,14,12,13,25,24,29,16,17,21,29,13,19,20,20,16,23,12,7,11,14,16,19,15,16,15,30,22,43,12,15,19,17,7,14,19,10,8,17,10,12,14,14,13
Cdc42ep3,16,9,8,21,5,7,14,12,11,16,19,9,24,13,9,14,15,8,15,5,4,16,18,12,10,10,7,15,16,13,5,11,11,12,3,10,4,10,5,9,10,9,7,6,12,9
Cdc42ep4,245,135,241,335,199,196,271,254,390,285,284,222,300,271,335,196,205,246,267,178,83,300,288,200,195,230,187,228,291,299,183,182,269,259,233,143,150,189,201,170,331,290,225,142,179,181
Cdc42ep5,23,8,10,65,6,16,18,13,12,29,13,8,17,8,16,96,34,53,24,15,7,39,22,13,21,13,16,43,24,24,10,12,14,14,15,13,4,18,14,12,19,12,22,15,18,9
Cdc42se1,94,40,84,157,123,100,121,126,102,92,128,130,104,90,100,103,111,194,80,95,46,161,104,71,92,92,101,76,120,107,156,62,93,66,77,82,82,86,94,43,110,77,84,83,82,76
Cdc42se2,39,15,17,37,24,28,46,33,27,29,35,47,36,39,32,46,32,46,34,32,10,47,43,22,25,27,32,36,26,39,37,14,31,30,25,24,17,23,31,10,45,27,40,15,23,19
Cdc45,2,1,6,5,4,7,6,7,3,0,7,3,2,3,12,7,9,17,4,2,0,7,4,4,4,6,4,1,3,9,14,5,2,6,9,3,4,8,2,3,8,7,4,4,3,4
Cdc5l,24,11,30,38,29,27,24,26,46,27,19,49,14,21,33,29,33,53,30,24,9,27,38,17,17,27,22,26,38,31,24,16,31,8,19,16,18,27,9,17,23,25,36,17,18,22
Cdc73,21,6,17,11,15,10,12,10,34,13,19,34,22,18,26,27,17,29,14,12,7,29,23,6,13,28,31,19,21,24,9,8,10,6,14,18,8,13,11,6,18,17,10,7,6,17
Cdca2,0,0,1,4,3,1,3,5,0,2,1,0,5,1,2,0,3,7,0,1,1,3,2,2,2,2,1,0,3,3,9,2,1,3,2,1,3,2,1,0,3,1,3,0,0,2
Cdca3,12,5,12,19,32,10,28,60,14,13,9,14,8,7,12,6,11,77,6,8,6,22,13,7,12,12,8,7,30,9,26,7,13,23,12,26,30,14,11,12,13,11,12,9,14,17
Cdca4,28,19,25,55,26,22,32,35,31,17,43,35,42,12,31,29,25,26,20,16,7,29,20,21,27,33,33,23,30,19,34,16,14,17,22,19,26,25,22,10,32,17,28,15,17,25
Cdca5,0,1,1,0,2,1,4,2,1,2,5,2,0,0,1,1,0,9,0,2,1,1,1,0,1,1,1,0,4,1,5,2,1,2,2,3,2,2,0,0,0,2,1,0,1,0
Cdca7,7,5,6,6,5,4,6,12,3,4,10,15,4,4,9,4,7,11,2,4,5,6,6,5,4,6,8,6,10,6,12,1,4,10,8,1,4,5,5,4,5,3,0,7,4,2
Cdca7l,3,1,2,3,4,1,6,5,2,2,0,2,3,1,1,1,2,7,2,3,0,3,1,0,3,0,1,1,2,3,8,1,2,8,2,3,4,2,3,0,0,1,2,1,1,1
Cdca8,6,4,3,9,9,4,15,28,3,3,3,5,5,6,9,6,5,22,8,7,1,6,4,3,6,5,4,9,14,9,36,2,5,16,9,7,3,8,5,3,5,3,19,8,12,8
Cdh1,151,63,105,171,323,84,265,250,262,188,193,252,172,120,116,127,140,385,204,165,75,259,226,119,213,249,162,203,168,143,75,128,170,120,147,72,197,246,199,137,338,172,103,115,130,176
Cdh13,10,2,10,9,5,16,9,10,7,18,8,12,8,9,11,14,15,4,10,8,2,7,14,11,7,10,15,20,9,13,1,9,12,11,7,5,8,10,8,5,9,6,8,8,10,3
Cdh2,80,47,62,118,96,90,88,78,92,93,79,96,101,87,86,106,114,96,105,82,51,117,104,30,84,73,69,109,101,117,96,48,100,50,84,72,57,75,86,52,125,62,92,64,52,62
Cdh3,2,1,1,2,1,1,7,3,3,2,3,0,2,1,1,1,2,2,2,1,1,0,1,0,2,5,0,5,2,1,0,2,1,0,2,0,0,1,0,1,5,0,1,1,2,1
Cdh5,55,25,51,77,63,50,81,94,69,70,86,86,81,40,62,79,81,75,54,40,28,94,57,37,62,47,84,52,72,87,81,30,31,40,52,65,46,65,52,21,72,47,72,46,40,62
Cdhr5,456,220,489,886,505,593,635,644,687,430,940,780,669,532,606,546,495,467,388,407,206,557,596,361,735,810,508,404,602,583,597,300,439,319,459,370,449,509,510,323,834,604,371,307,315,315
Cdip1,17,7,11,25,9,13,13,18,37,16,25,26,18,16,19,16,14,30,15,11,2,59,15,6,14,15,7,11,16,9,11,10,5,8,13,6,6,13,7,7,13,12,8,9,6,14
Cdipt,230,130,207,311,314,266,289,269,354,250,334,365,286,200,271,369,308,526,275,250,110,406,327,178,284,302,256,317,298,341,308,220,295,197,297,281,259,285,329,211,460,309,256,212,298,270
Cdk10,149,57,130,199,128,117,159,173,139,134,195,179,129,131,153,182,204,226,146,138,42,218,170,86,107,148,118,155,164,118,120,106,118,106,161,141,110,142,156,82,173,117,144,122,131,119
Cdk11b,69,25,57,77,50,57,59,50,82,44,82,70,53,61,55,71,66,98,44,34,20,72,54,43,57,53,40,71,76,50,61,50,53,42,50,54,37,56,63,35,86,53,64,57,74,46
Cdk12,2,5,3,8,4,3,5,4,6,4,5,5,3,3,6,7,7,10,2,1,2,5,4,3,3,3,2,5,6,3,3,1,1,2,2,4,3,4,2,0,2,3,2,0,2,3
Cdk13,6,2,5,13,4,2,10,3,5,2,5,5,3,2,4,5,5,8,1,4,1,10,5,2,3,4,4,3,4,4,2,7,4,1,4,3,8,3,5,6,7,4,6,6,1,2
Cdk16,96,57,89,122,76,64,113,96,124,68,115,130,109,71,83,126,89,126,93,71,25,104,109,63,78,61,95,99,90,92,76,62,91,67,84,60,61,89,64,55,127,80,78,65,59,64
Cdk17,26,9,14,49,24,25,24,20,48,28,36,22,29,29,24,25,32,36,28,25,19,38,18,15,23,22,25,20,36,18,25,20,26,19,25,17,20,17,17,16,24,27,25,14,21,27
Cdk18,242,123,239,343,156,226,272,235,254,240,316,350,267,312,306,344,330,323,205,220,80,298,330,214,292,291,238,318,311,309,229,248,293,219,236,155,213,302,270,197,445,296,311,185,265,231
Cdk19,12,5,10,25,8,7,16,13,14,11,11,10,10,14,17,20,26,11,14,11,1,14,16,9,7,8,8,10,16,19,10,7,11,8,9,16,9,8,5,8,12,6,6,7,7,11
Cdk2,22,13,26,29,16,12,30,18,29,14,23,17,20,24,27,23,26,20,30,18,11,14,22,26,17,21,22,17,28,29,19,17,19,14,17,16,14,20,19,9,11,14,22,7,15,20
Cdk20,35,27,27,37,27,24,54,32,43,35,46,77,34,38,43,38,43,53,39,23,16,61,42,27,39,39,31,20,48,30,25,17,34,24,35,44,43,45,29,23,43,40,27,26,39,29
Cdk2ap1,101,66,134,178,91,149,134,98,188,127,121,201,123,121,125,177,144,227,91,101,38,226,169,72,99,131,131,153,155,149,161,78,86,33,150,56,52,132,72,82,155,146,110,43,105,120
Cdk2ap2,397,208,352,426,257,430,408,404,543,390,438,893,292,291,475,509,475,560,374,390,115,437,467,317,408,357,448,615,447,482,322,326,365,324,344,295,328,418,470,251,592,359,337,324,354,405
Cdk4,227,131,236,380,247,227,286,319,342,238,310,393,281,225,251,352,354,461,247,266,80,446,308,169,276,239,241,290,308,331,281,183,273,174,256,232,224,276,226,173,334,269,244,201,241,260
Cdk5,74,26,83,102,57,67,98,78,140,63,87,90,52,66,84,74,100,114,65,44,21,90,89,56,79,86,56,81,84,70,87,56,70,60,95,58,59,87,65,43,81,65,65,38,71,60
Cdk5r1,6,1,10,2,4,1,4,2,2,6,4,7,2,6,1,9,1,4,2,3,0,9,3,0,5,4,5,0,8,7,2,1,2,1,3,1,0,2,1,0,4,0,10,9,2,1
Cdk5rap1,24,14,13,27,26,33,41,31,50,19,38,59,25,20,33,31,59,66,35,41,15,58,46,37,69,59,17,19,46,52,19,22,41,21,33,37,29,33,28,23,96,22,38,32,23,55
Cdk5rap2,6,14,8,32,18,8,13,24,17,10,17,10,10,5,12,19,19,28,9,13,5,25,10,11,12,11,10,13,20,25,15,7,12,10,13,23,16,13,13,3,13,17,14,11,7,15
Cdk5rap3,344,152,280,406,302,306,324,386,423,307,406,532,285,244,366,377,395,544,297,331,128,400,349,231,348,299,335,367,356,389,248,251,363,239,322,300,309,321,357,252,520,311,334,237,278,295
Cdk7,12,9,11,16,20,19,12,15,29,9,14,17,18,18,17,19,11,15,13,12,4,23,18,11,14,20,13,18,9,13,11,7,14,13,13,14,11,13,17,3,23,16,15,7,11,12
Cdk8,42,20,38,56,36,40,53,39,51,31,57,57,54,35,45,68,41,66,33,47,12,61,47,30,30,25,41,40,45,43,35,31,42,38,43,32,32,36,45,23,54,39,35,26,36,40
Cdk9,2,0,2,2,3,2,5,2,4,0,3,1,3,4,1,2,0,3,2,0,3,5,7,1,1,1,3,0,0,1,2,2,1,0,0,2,2,0,2,2,2,3,1,0,3,2
Cdkal1,7,6,12,10,8,12,9,13,34,9,13,28,9,11,14,7,15,14,12,10,2,19,23,9,15,12,13,14,16,15,2,3,6,8,9,9,13,13,7,7,13,6,5,4,19,15
Cdkl2,16,5,14,15,16,9,20,27,26,13,17,15,16,13,14,17,26,28,13,19,9,15,14,15,22,17,7,10,31,16,17,10,19,16,19,27,21,11,17,13,23,22,15,15,16,11
Cdkl4,0,0,0,8,1,1,0,1,2,2,2,1,4,1,3,1,1,2,0,1,0,0,1,1,2,0,0,0,0,0,2,0,1,0,2,2,0,1,0,0,1,1,0,1,0,2
Cdkn1a,9,3,8,11,16,9,9,17,39,8,11,26,32,14,11,6,8,400,4,12,8,155,10,14,12,10,16,7,21,16,78,17,6,30,8,12,22,13,11,13,11,6,8,6,6,7
Cdkn1b,10,4,8,13,7,12,14,3,9,11,11,17,7,12,10,12,10,10,11,14,3,15,9,6,14,9,7,11,10,6,5,4,7,2,8,6,5,12,4,5,10,5,12,6,7,5
Cdkn1c,10,2,11,28,7,15,6,8,27,10,15,14,17,14,19,20,24,19,17,14,6,32,8,13,6,12,11,16,14,9,7,9,13,9,8,9,13,14,6,0,6,16,14,6,10,12
Cdkn2aip,11,1,9,10,8,8,10,11,12,7,16,13,9,9,8,9,8,8,10,10,2,17,7,4,8,7,5,7,10,11,5,3,6,5,5,3,7,7,4,6,3,8,8,7,5,5
Cdkn2aipnl,65,24,49,82,52,49,60,57,72,63,81,92,68,56,63,67,79,79,57,48,14,65,51,48,56,31,49,57,53,54,58,26,71,39,55,49,43,63,59,22,84,38,46,40,49,47
Cdkn2b,4,1,0,4,3,2,1,3,4,2,2,2,3,3,2,3,3,3,4,1,2,4,4,1,1,1,0,3,1,3,0,1,0,1,3,3,3,3,1,4,1,6,3,2,4,1
Cdkn2c,14,6,10,23,13,5,19,18,7,27,20,12,18,10,11,21,16,31,25,12,5,13,14,2,9,7,11,12,13,15,8,8,7,17,7,7,12,13,7,7,13,8,9,5,9,7
Cdkn2d,20,11,30,28,31,25,30,42,31,27,30,35,32,27,16,25,42,41,24,21,7,38,26,17,23,21,29,36,25,28,35,18,23,17,39,37,28,28,35,17,33,25,24,16,31,17
Cdkn3,0,0,3,2,5,0,1,11,1,0,2,1,2,2,0,0,0,12,0,1,0,0,2,2,0,0,0,0,3,1,5,1,0,1,1,1,3,1,2,0,4,1,2,0,1,1
Cdnf,0,1,1,0,1,0,3,0,1,0,1,0,3,1,0,1,2,4,1,0,0,6,2,4,0,0,1,1,1,2,1,0,2,1,1,3,0,0,3,0,1,1,2,0,3,1
Cdo1,4547,2664,4540,7221,3799,4869,4272,3434,10453,6297,6129,8397,7650,6634,6655,6416,6844,4157,6223,5371,1857,6914,6199,3475,4839,5394,5294,5023,7757,5782,3748,3442,4867,3317,4743,4213,3571,4908,5500,3142,5798,4943,4555,3698,5117,5070
Cdon,2,1,3,4,5,3,5,2,3,1,7,1,3,3,1,4,8,5,5,3,2,5,1,4,3,5,3,4,3,8,3,3,0,1,5,1,5,1,4,2,6,1,4,0,0,1
Cdpf1,53,15,36,41,21,25,51,35,71,52,32,78,41,26,33,57,48,62,32,26,7,74,48,18,44,22,39,50,45,36,42,23,18,28,24,30,23,31,40,26,46,28,29,33,35,44
Cdr2,0,4,1,1,4,5,6,7,11,4,0,7,6,4,5,6,1,6,2,4,2,4,7,7,5,4,3,0,9,4,1,5,6,5,5,0,3,8,3,5,3,5,6,2,4,2
Cdr2l,17,2,12,9,6,5,10,7,12,9,15,12,8,11,7,11,12,11,10,6,4,16,13,9,10,8,10,12,6,11,7,2,8,12,6,5,5,5,10,7,9,7,6,3,6,7
Cds1,2,2,4,5,1,4,2,6,4,2,3,2,2,1,4,2,4,5,2,3,2,4,4,2,1,2,4,1,2,5,13,1,1,4,4,1,0,1,1,1,4,1,4,0,2,3
Cds2,215,117,179,323,230,174,298,241,292,210,254,251,248,182,226,311,315,260,222,197,82,425,276,173,230,279,188,208,318,237,283,158,218,174,216,254,197,220,200,114,293,199,254,184,181,200
Cdt1,11,4,12,14,24,16,22,22,15,11,20,14,15,17,12,29,21,70,8,8,7,51,15,9,14,16,12,20,16,17,33,20,3,16,20,13,20,15,8,6,23,11,18,13,8,15
Cdv3,141,85,110,191,109,115,113,99,186,169,167,207,112,140,166,228,184,209,150,147,67,226,149,77,113,125,145,173,191,161,99,108,125,97,139,99,112,136,133,70,166,141,135,71,132,126
Cdyl,10,11,13,28,12,9,19,16,10,10,15,22,18,13,15,19,13,35,16,13,7,32,11,7,10,16,13,17,26,15,19,9,15,16,5,17,8,10,8,6,18,9,13,9,18,16
Cdyl2,1,1,2,2,4,2,2,1,1,0,1,4,1,2,3,4,1,4,5,0,2,6,4,0,3,3,0,0,2,4,1,0,1,3,3,1,0,0,0,0,1,1,0,2,1,0
Ceacam1,117,59,109,222,134,134,181,110,205,126,192,156,164,138,168,135,175,102,140,120,53,172,161,102,164,151,131,176,136,203,99,124,174,99,137,158,125,99,126,89,194,141,140,132,129,110
Ceacam16,0,1,1,0,4,4,1,2,0,0,1,2,6,0,1,1,1,3,0,0,0,4,2,0,4,0,0,0,0,0,6,1,0,3,0,3,1,0,0,0,1,0,2,0,0,0
Cebpa,1044,738,1221,1690,710,970,1303,1021,1074,1121,1656,1811,1124,1207,1347,1250,1051,786,1176,1036,413,889,1704,1016,1171,954,899,1316,1118,1183,817,980,1271,848,1335,1212,788,1195,1217,805,1236,1220,1101,982,1246,1163
Cebpb,823,305,650,1293,707,780,669,620,1656,714,918,890,608,560,613,1348,1159,1012,784,681,271,961,994,689,743,568,712,817,695,676,815,616,585,582,766,860,393,554,736,503,1383,754,878,450,596,547
Cebpd,0,1,2,1,3,0,1,0,6,2,3,3,2,1,1,1,0,3,0,0,0,4,0,1,1,3,2,0,1,0,3,1,1,1,0,0,0,2,0,0,1,1,0,2,2,1
Cebpe,45,18,39,86,33,41,45,40,33,49,82,46,29,48,60,75,40,31,45,15,16,30,52,43,60,43,37,65,63,70,62,30,45,35,48,36,32,44,48,32,75,49,49,44,33,31
Cebpg,24,8,14,18,19,10,12,14,20,13,23,18,10,10,16,35,15,12,16,14,4,34,8,3,9,13,16,15,8,5,4,9,7,11,12,13,6,15,8,2,11,9,9,7,6,8
Cebpz,38,35,38,71,51,61,59,58,81,56,68,115,57,51,79,76,102,91,60,56,25,108,73,41,60,52,39,60,81,104,51,58,49,20,69,55,62,53,63,51,82,57,67,37,51,41
Cebpzos,65,33,78,98,90,88,102,70,132,77,87,86,86,71,79,89,117,95,76,87,44,99,103,64,101,89,66,100,113,101,72,48,111,63,112,112,76,105,117,71,151,98,114,85,93,93
Cecr2,5,2,3,9,3,7,4,3,18,2,4,5,4,2,9,9,6,8,4,9,2,12,11,6,7,7,6,3,9,2,2,3,5,1,9,4,4,5,1,1,7,2,5,1,2,3
Cecr5,15,11,20,20,10,8,24,23,23,25,29,34,21,15,17,26,22,22,23,11,5,15,24,13,15,11,22,20,19,18,14,13,11,13,21,14,13,17,10,12,23,15,22,8,15,17
Cela1,112,46,82,162,91,107,134,153,111,154,112,103,110,80,137,141,102,153,85,129,51,145,203,149,220,137,213,130,216,218,63,87,122,68,135,120,107,119,177,101,252,142,173,106,164,124
Cela2a,10,4,12,20,22,2,17,23,22,17,9,14,8,7,9,11,9,10,11,8,4,4,9,1,10,14,19,8,15,11,0,1,6,0,13,5,7,12,8,3,20,4,6,2,6,15
Celf1,306,128,234,353,296,225,268,223,359,270,301,296,240,235,260,358,334,331,228,263,111,333,349,149,254,270,264,255,312,336,195,154,251,144,238,191,186,221,248,130,345,221,225,185,195,239
Celf2,3,2,3,5,4,2,6,2,3,2,5,3,7,2,5,3,2,7,5,4,5,4,9,2,2,4,5,3,1,8,4,2,5,4,3,2,5,4,3,6,7,3,4,4,6,2
Celsr1,33,20,39,37,39,53,64,60,124,53,67,146,60,91,59,62,54,41,50,61,19,36,132,51,86,69,75,43,85,47,50,66,65,68,56,66,34,78,70,53,95,77,50,41,62,52
Cenpa,39,15,27,64,54,26,58,71,38,23,41,29,30,23,32,35,40,80,31,22,10,40,51,21,35,20,37,33,46,46,35,31,23,33,24,36,48,45,34,20,46,40,40,18,26,27
Cenpb,370,205,328,487,270,368,346,404,458,447,497,444,425,336,441,478,493,530,398,356,112,544,374,307,405,317,385,441,481,415,418,321,390,328,439,388,259,365,453,287,541,439,405,295,351,357
Cenpc1,3,2,10,8,11,15,15,5,12,6,10,12,7,10,10,4,7,19,9,5,2,9,12,9,10,6,5,7,13,4,11,5,11,3,5,5,2,9,9,3,9,8,4,1,5,4
Cenpe,0,1,1,1,1,1,3,6,2,1,0,0,2,1,2,1,2,3,0,1,2,3,2,3,2,2,0,2,1,1,11,1,1,2,1,1,1,2,0,0,0,0,5,2,2,0
Cenph,0,0,3,3,2,1,3,3,2,2,1,1,1,0,0,2,1,16,0,2,0,3,2,1,1,2,3,1,4,1,6,2,0,5,1,2,8,2,0,0,0,0,7,1,0,0
Cenpj,1,4,4,4,5,2,11,14,7,9,10,12,8,9,5,13,15,7,5,3,6,12,12,6,9,3,5,8,11,9,5,7,6,8,5,2,4,7,4,1,9,7,6,3,3,6
Cenpk,8,0,2,5,1,0,6,5,5,3,4,3,8,3,6,2,3,3,1,3,0,7,2,2,3,3,5,3,6,4,1,1,4,2,4,6,1,7,4,3,3,1,2,5,2,1
Cenpl,10,9,21,24,30,5,28,14,26,13,28,18,7,10,18,32,30,25,9,18,6,25,22,15,26,14,15,29,21,21,17,6,12,10,4,6,13,10,13,9,19,11,18,15,16,12
Cenpm,3,4,9,33,17,29,30,40,39,0,7,11,7,7,15,5,4,17,4,22,4,12,26,25,30,18,38,10,53,33,16,14,9,19,19,22,15,15,19,17,27,23,34,26,21,8
Cenpn,3,1,4,3,11,3,2,7,3,1,7,5,2,3,6,1,2,13,6,3,1,6,3,2,2,1,2,2,7,4,7,0,6,2,7,1,7,5,3,0,11,4,7,4,5,2
Cenpp,3,0,1,3,4,0,0,3,0,0,0,1,2,1,0,2,1,5,1,1,2,8,1,0,3,2,0,3,2,2,3,1,0,1,1,1,0,2,1,0,3,2,1,0,2,2
Cenpq,1,1,1,2,1,3,1,3,2,0,0,3,2,0,4,1,3,1,1,1,0,2,3,0,3,1,0,6,3,3,1,0,1,0,1,2,2,2,0,1,4,0,0,1,3,3
Cenpt,5,6,9,24,9,5,17,14,15,14,14,16,15,9,15,7,13,33,9,5,4,23,9,4,12,4,13,10,11,10,8,7,12,9,7,11,12,5,6,4,16,11,11,2,11,7
Cenpv,252,91,174,347,118,192,211,183,243,188,262,226,197,189,234,304,313,295,208,175,56,342,174,132,193,171,134,223,235,263,153,168,165,141,179,130,153,168,157,130,258,212,147,134,159,178
Cep104,8,9,5,9,7,21,8,9,10,10,8,10,8,18,6,12,12,12,2,6,3,13,7,2,5,6,5,6,12,8,11,4,9,8,10,6,4,5,13,2,12,8,7,6,4,5
Cep120,24,11,19,33,24,19,28,23,24,16,33,29,11,26,22,33,26,40,16,16,10,32,42,14,16,24,27,32,26,30,23,14,32,17,14,16,11,23,18,10,33,20,24,17,11,21
Cep131,19,8,12,21,7,4,10,14,6,12,16,12,15,10,13,17,8,14,9,7,3,18,13,11,10,7,10,8,11,8,7,5,7,7,12,7,8,9,9,7,10,6,9,6,9,10
Cep135,3,4,2,4,5,1,2,0,1,0,5,4,1,9,3,7,4,8,6,4,3,7,3,2,3,1,3,2,7,6,4,3,3,3,4,1,6,8,3,5,6,5,2,1,3,3
Cep152,10,6,10,22,10,12,13,16,16,14,10,23,10,11,12,9,14,16,6,6,5,25,11,4,9,4,7,11,15,9,4,5,9,2,9,4,9,8,7,5,4,8,9,6,4,13
Cep162,9,6,12,12,7,7,7,12,5,6,10,6,6,7,9,8,9,15,7,7,3,15,9,9,8,8,5,9,14,10,4,7,8,6,5,7,3,6,10,5,7,4,9,4,5,5
Cep164,10,6,12,9,8,10,10,16,10,9,16,16,5,13,6,14,9,10,3,1,3,17,9,2,10,5,15,8,14,10,7,9,5,7,7,4,8,7,9,6,5,11,4,4,7,10
Cep170,7,1,3,11,4,6,7,5,6,6,11,7,8,4,5,6,6,10,4,3,0,7,2,6,6,5,10,6,10,13,5,3,5,3,6,5,1,2,3,3,5,6,4,0,2,6
Cep170b,94,50,80,130,99,86,93,86,136,94,130,166,109,87,96,130,126,232,120,82,28,222,100,46,69,101,96,105,114,94,89,73,62,70,87,77,77,96,73,56,120,76,86,57,79,81
Cep19,20,9,21,25,26,27,19,24,27,23,17,15,23,19,25,23,35,30,18,21,13,24,24,19,20,23,21,19,26,21,15,9,28,16,19,18,14,17,22,8,27,10,29,12,14,18
Cep192,8,4,14,10,12,7,14,10,11,8,9,10,15,6,11,9,15,33,10,7,5,31,10,4,10,7,3,15,15,15,21,12,4,13,7,9,13,12,9,4,11,3,9,9,2,7
Cep250,33,15,31,51,24,31,47,38,27,35,36,39,44,28,35,41,33,30,25,29,12,43,46,27,22,27,26,25,40,44,31,26,34,32,23,46,31,32,28,22,29,30,28,27,22,19
Cep295,1,1,4,3,8,4,5,5,2,3,8,6,3,5,0,4,5,9,6,3,3,9,3,2,2,3,2,4,6,6,4,3,4,0,3,1,2,5,2,1,5,2,2,1,0,1
Cep350,24,12,13,29,10,29,26,11,33,23,29,34,26,16,31,29,22,21,24,20,4,34,23,13,28,21,19,21,30,25,8,18,18,13,24,22,25,21,22,9,36,20,25,14,15,19
Cep41,3,0,4,8,4,4,4,4,7,3,9,7,5,5,8,4,10,12,4,9,5,6,7,2,6,7,5,4,4,6,4,1,5,7,2,3,4,6,3,1,5,4,9,3,2,5
Cep44,29,18,30,51,37,33,48,28,54,29,55,37,26,27,43,66,71,37,38,24,16,41,36,14,33,39,16,48,43,27,27,25,41,28,40,30,37,34,32,21,53,33,35,31,35,30
Cep55,0,0,0,0,0,0,0,3,0,1,0,0,0,1,0,1,1,1,0,0,1,3,1,0,1,1,0,0,2,0,7,0,2,1,0,0,0,0,1,0,0,1,0,0,0,1
Cep57,21,5,18,26,15,11,15,14,13,19,23,14,18,15,24,11,13,21,11,16,2,35,17,10,9,19,12,25,22,11,9,11,17,9,13,21,22,20,12,8,19,19,24,10,6,20
Cep57l1,16,5,7,17,14,13,15,17,20,17,6,17,15,11,10,22,29,20,15,11,3,16,14,4,15,14,8,14,28,14,20,12,12,12,12,13,18,13,13,8,19,18,12,10,11,12
Cep63,45,16,21,43,29,29,42,39,60,33,44,52,47,39,52,62,51,50,39,34,10,37,32,35,31,36,31,48,51,36,27,16,31,39,29,19,25,43,37,18,49,37,21,25,32,25
Cep68,9,7,8,19,8,9,14,5,8,7,9,16,10,10,9,10,10,13,15,5,2,4,5,13,9,10,6,7,13,10,4,7,6,9,7,3,2,3,3,4,7,6,5,7,6,4
Cep70,6,2,1,14,3,3,3,10,6,2,7,6,0,2,5,4,7,11,6,6,3,17,6,7,4,2,6,6,4,7,10,4,4,4,5,6,0,4,4,2,3,2,5,2,2,6
Cep76,6,4,7,10,12,11,15,5,7,6,14,11,4,7,9,9,12,14,7,6,5,13,13,6,7,7,8,7,7,9,7,7,10,8,11,4,8,7,9,7,11,6,5,8,5,6
Cep78,10,3,5,6,6,8,12,6,11,4,11,19,14,8,6,7,13,9,8,8,2,21,14,4,9,9,5,7,7,5,7,5,8,7,6,7,5,19,7,5,15,6,7,5,8,4
Cep83,14,7,15,28,16,16,17,16,23,18,21,24,18,10,9,22,25,22,22,14,6,36,17,10,18,16,17,14,15,17,18,13,16,9,15,7,18,15,15,12,18,11,18,11,15,17
Cep83os,3,2,2,8,4,0,6,2,9,7,4,7,4,2,2,7,2,17,3,0,1,12,4,7,1,4,2,5,3,2,3,4,5,2,0,2,1,4,3,3,4,1,2,1,1,1
Cep85,162,102,201,172,263,156,250,158,356,170,298,311,251,151,207,169,230,195,141,208,91,286,204,115,251,147,237,156,226,328,213,126,188,126,137,145,101,170,190,87,260,166,205,134,183,160
Cep89,26,11,34,38,34,25,36,35,42,27,32,32,28,21,34,27,31,63,14,27,2,33,34,15,23,24,19,26,46,35,34,12,26,20,29,22,20,19,16,17,16,28,32,15,26,22
Cep95,9,7,11,20,9,7,16,7,9,9,10,17,6,9,13,12,11,12,11,8,5,16,13,14,13,11,13,1,10,11,10,4,2,4,6,12,5,6,9,2,19,5,7,7,1,6
Cep97,7,5,3,16,7,10,6,5,12,11,13,14,7,7,6,8,8,10,6,8,7,6,6,4,7,8,6,9,4,4,8,8,9,8,11,4,3,11,13,2,7,10,12,4,3,6
Cept1,33,25,32,53,27,27,51,27,45,34,32,35,18,39,42,38,27,48,55,37,11,48,52,26,29,29,27,27,35,32,28,18,31,21,21,32,23,32,36,9,30,18,31,21,14,26
Cerk,20,13,18,39,21,17,28,36,21,19,30,37,26,22,26,22,37,65,19,23,11,57,27,15,23,19,28,17,18,32,39,17,18,24,11,13,24,15,17,11,28,19,17,15,8,12
Cerkl,1,2,2,7,11,8,4,3,7,0,2,2,2,3,3,5,4,3,3,0,0,1,1,1,3,0,1,1,1,2,0,2,1,2,2,0,1,1,4,0,1,1,2,0,1,1
Cers2,1151,538,1246,1405,954,1284,1493,1147,1465,1143,1252,1528,1474,1339,1278,1342,1184,1471,1187,1135,422,1403,1876,1153,1442,1503,1200,1612,2056,1834,1045,1069,1433,982,1519,1509,1302,1447,1537,907,2061,1678,1588,1191,1366,1372
Cers4,5,0,1,3,2,1,8,0,2,0,3,3,3,4,3,2,3,3,2,2,1,4,1,0,0,1,0,1,2,0,1,1,3,2,1,2,2,2,3,0,2,0,2,1,0,1
Cers5,11,2,6,22,8,10,22,19,7,9,12,19,15,7,21,19,19,28,12,7,6,23,11,4,12,6,14,10,17,10,13,6,16,6,1,6,10,10,7,5,17,7,7,4,8,14
Ces1a,0,0,0,1,1,3,1,1,0,4,5,1,4,0,0,0,3,1,1,0,0,6,1,0,1,1,2,2,2,2,1,1,3,1,4,0,2,1,2,2,0,3,0,1,0,4
Ces1b,608,333,637,1059,528,595,622,524,760,695,779,708,823,769,603,999,1202,598,851,633,276,1536,644,469,523,439,459,581,919,602,529,361,657,368,622,485,615,552,481,267,678,484,488,532,460,411
Ces1c,15409,7900,14768,21825,14929,14038,16862,14419,23795,16696,19998,21163,17468,16559,17129,19862,22196,10815,16536,16791,7663,19881,16537,11883,14823,13020,16860,16728,23579,19903,9566,10790,17388,9838,14372,14747,14822,14195,13760,8670,18663,14750,14786,13847,12847,12278
Ces1d,12517,5376,8717,13201,5795,10265,8696,8320,8225,12846,13942,8327,12865,11005,14253,16298,17306,4096,14694,10477,5667,8904,11949,6745,9696,10416,8402,11529,12847,12509,6679,8016,13212,7105,12018,11516,9532,10211,13412,5987,12897,10016,9411,9343,10241,10103
Ces1e,746,344,697,715,316,923,855,691,402,667,835,472,832,862,850,1064,905,368,941,778,295,758,1297,712,759,661,528,913,1253,965,424,796,932,627,1190,1248,940,967,1134,622,1023,872,999,777,967,1113
Ces1f,2414,1096,1929,2781,1512,2343,2558,2430,1274,2492,2712,1840,2397,2411,2944,3360,3343,938,3253,2623,1157,1215,3434,1777,2461,2272,1972,2773,3173,3095,1919,1908,2814,1503,2655,2770,2260,2624,2951,1586,3236,2528,2292,1912,2413,2270
Ces1g,1228,684,1068,1852,1446,1379,1387,1339,1964,1419,1521,1278,1931,1466,1530,1894,2299,1207,1749,1515,719,1974,1809,1187,1400,1471,1500,1602,2456,2116,2173,884,1593,883,1600,1554,1365,1311,1521,894,1933,1455,1679,1440,1545,1482
Ces2a,1923,942,1550,2109,842,1270,2431,1851,1140,1598,1757,1681,1936,2134,2019,2061,1728,1177,1702,1748,657,2379,2724,1685,2124,2262,1386,2556,2950,1817,1079,1398,2180,1282,2739,2230,2378,2334,2319,1469,2957,2193,2179,1808,2223,2148
Ces2b,2,0,0,1,2,0,6,1,0,0,2,1,1,0,1,0,1,0,1,0,0,0,1,0,3,2,0,2,2,5,0,2,2,0,1,1,1,4,0,1,5,9,2,3,1,0
Ces2e,900,398,739,1220,824,891,1515,1352,867,1038,962,682,1040,1191,1617,1311,1175,704,963,899,562,432,2190,1113,1271,1324,803,1574,1636,1715,1460,1141,1846,1223,1887,2113,1355,1727,1862,1083,2199,1558,2050,1440,1725,1628
Ces2g,72,57,86,157,112,73,122,133,160,74,75,121,92,63,117,119,121,120,100,109,40,76,128,61,85,106,99,110,150,105,105,74,102,76,94,81,75,107,107,66,133,123,109,82,94,117
Ces3a,5120,2511,4785,7485,4580,6987,6788,6922,4002,6364,9349,6631,5851,4980,7524,9196,9143,522,9131,6954,2778,300,9000,4976,9355,8190,6802,8093,7900,10515,5528,4859,8624,4465,7687,6904,6224,8040,9554,5630,12382,9991,7465,6531,7839,7212
Ces3b,682,344,742,773,880,1095,1963,1094,1123,872,1299,835,1035,880,827,1064,693,127,1058,950,385,79,1935,1044,2387,1428,1557,1543,1477,2304,269,745,1502,608,1190,1150,1034,1800,1795,1206,2644,1893,1399,990,1507,1310
Ces4a,2,2,1,2,2,3,8,4,3,0,4,11,1,1,0,2,2,1,2,2,3,0,8,1,8,4,3,11,1,6,0,3,4,0,9,1,3,13,5,8,17,10,1,2,0,2
Cetn2,23,8,15,13,24,25,32,23,38,16,34,27,37,22,23,24,22,23,34,22,7,23,41,13,17,21,15,19,28,19,20,9,16,7,20,13,10,21,17,12,29,12,9,10,12,6
Cetn3,112,73,114,150,133,95,149,150,185,127,160,165,163,115,146,150,142,227,136,153,63,187,161,91,129,107,126,162,166,145,107,96,144,74,112,128,132,114,135,87,148,126,121,75,120,125
Cfap126,13,6,11,18,19,12,22,25,20,10,23,25,20,17,20,16,14,20,15,15,7,13,27,12,17,14,8,16,22,22,13,5,17,15,18,15,13,19,15,12,29,15,16,22,20,10
Cfap20,141,60,96,227,110,118,170,130,126,159,140,131,140,107,103,182,174,141,141,105,38,181,156,79,108,141,109,140,177,143,74,90,143,86,117,98,106,124,118,93,195,118,120,90,103,143
Cfap36,61,32,37,74,35,43,58,50,74,60,58,68,57,48,77,62,69,49,50,61,20,52,81,34,65,55,41,83,85,76,45,51,85,39,73,64,64,61,61,34,92,59,70,34,40,51
Cfap69,1,1,0,1,4,3,3,0,6,2,4,2,4,1,1,1,3,2,0,3,2,3,3,2,0,2,0,3,1,2,2,1,1,1,0,0,1,0,2,1,3,0,3,2,3,1
Cfap97,29,22,38,52,25,45,43,22,49,32,39,64,38,37,52,59,50,43,24,37,12,53,55,23,47,42,41,39,46,44,34,22,35,19,44,33,24,35,37,26,48,38,35,26,27,37
Cfb,9114,4733,10103,13955,11331,9534,9893,9959,18453,8287,13884,20485,8773,8237,10053,11844,11672,7054,9039,9609,3309,8055,10289,6080,10589,9237,11548,9313,10545,9254,11735,6291,9025,6956,8729,7968,6896,8444,8700,5169,12137,8234,8303,7039,7218,6844
Cfd,53,19,126,28,7,250,75,53,9,13,644,26,22,15,39,328,254,5,491,249,176,4,287,188,62,27,12,522,106,310,700,691,928,277,451,459,101,221,667,213,349,130,684,419,319,205
Cfdp1,264,138,261,351,240,241,296,322,319,285,372,336,289,267,325,389,391,438,272,260,87,335,302,170,276,278,264,299,380,298,251,177,261,173,276,226,223,295,279,173,366,248,258,199,239,266
Cfh,116,49,140,119,235,149,149,122,371,104,149,272,65,74,118,101,106,48,139,115,47,55,115,54,105,83,160,79,105,167,65,53,104,32,71,55,27,74,67,31,62,51,46,38,36,41
Cfhr1,4,6,6,17,7,11,10,7,9,10,12,18,9,4,11,13,13,7,13,12,4,12,13,2,9,16,4,5,11,9,3,9,14,7,11,3,6,14,14,2,10,11,8,7,6,7
Cfhr2,14,13,40,33,22,35,32,22,26,24,32,40,22,28,23,18,14,13,24,20,12,24,20,13,31,26,17,15,37,24,7,12,26,26,29,11,19,20,35,12,35,31,18,17,12,20
Cfi,2846,1436,3526,4556,3983,3667,3215,3399,7365,3111,4310,6564,3343,3255,3824,4265,4116,2367,2994,3490,883,3412,3915,2542,3789,3416,4228,3281,4600,3868,2365,1852,3247,2179,3227,2674,2858,2895,2844,1981,4463,2765,3097,2350,2811,2597
Cfl1,1654,880,1479,2943,1368,1648,2194,2002,2083,1917,2268,2518,1830,1681,2185,2151,1915,3320,2059,1723,623,2598,2394,1191,1893,1734,1923,2005,2094,1979,2263,1368,1804,1522,1622,1449,1385,1850,1861,1133,2529,1852,1553,977,1525,1585
Cfl2,12,10,8,15,16,8,19,9,12,17,14,19,11,8,15,10,9,11,19,8,2,19,14,4,14,12,11,17,12,16,5,11,12,4,10,17,12,9,7,10,8,12,16,5,6,13
Cflar,169,58,112,190,89,151,119,102,184,123,159,256,111,110,147,219,155,122,141,140,43,157,177,92,110,142,128,123,184,136,90,98,113,107,121,97,87,133,127,61,175,107,96,91,77,103
Cfp,166,102,242,335,240,135,336,419,237,132,333,338,166,137,255,181,232,206,139,170,94,300,216,146,229,144,260,111,178,209,416,105,136,171,101,94,148,179,104,74,176,151,208,142,96,127
Cggbp1,10,4,12,15,19,16,10,8,17,18,11,17,13,6,20,15,7,15,18,8,4,9,16,6,10,16,13,14,15,10,9,7,8,4,6,7,4,14,4,6,9,8,13,9,7,9
Cgn,102,46,86,159,132,118,139,119,177,126,143,206,127,103,97,127,147,137,115,124,49,143,188,112,127,139,104,133,125,121,102,108,149,110,124,120,91,117,120,61,213,112,100,105,104,95
Cgnl1,109,52,79,152,90,108,96,86,150,107,121,124,101,95,110,163,172,120,128,110,42,146,141,79,89,104,104,138,139,113,166,60,111,58,142,117,58,112,121,71,160,96,91,61,99,111
Cgref1,12,5,9,13,16,10,8,15,14,12,21,36,15,23,15,19,42,384,10,12,9,101,8,6,6,4,11,18,6,9,25,15,15,12,18,18,10,11,12,11,18,10,17,6,11,13
Cgrrf1,274,129,238,393,266,267,304,287,407,289,318,384,347,335,353,370,415,378,306,265,137,407,407,257,371,345,324,331,402,376,280,225,348,224,329,345,312,337,346,213,504,391,375,310,311,302
Ch25h,0,0,1,0,1,3,0,1,0,0,2,0,0,0,1,0,3,1,0,1,0,2,0,0,0,0,1,0,2,0,6,0,0,0,1,0,0,0,0,0,2,0,0,1,0,0
Chac1,25,12,15,52,41,25,17,9,96,15,43,13,16,4,14,124,169,35,65,23,22,41,13,8,14,20,10,44,6,19,22,18,26,13,22,55,9,31,20,12,40,28,26,23,15,21
Chac2,86,33,87,110,79,92,94,97,135,142,103,130,124,128,131,108,121,70,116,117,55,110,155,91,128,113,83,137,161,127,48,72,125,66,103,120,110,96,110,73,176,139,105,58,94,110
Chadl,13,5,9,6,8,3,9,5,5,10,12,9,8,7,8,8,12,10,10,8,3,2,9,5,5,12,10,9,10,4,1,5,9,6,8,11,1,5,7,5,3,9,6,3,5,5
Chaf1a,4,3,4,6,3,3,11,11,2,2,6,6,5,3,4,3,5,36,3,4,2,13,4,5,10,3,5,4,9,3,12,6,6,11,9,7,10,7,5,4,6,8,4,4,2,4
Chaf1b,7,5,12,15,13,6,24,20,21,9,13,12,5,3,8,8,15,61,9,4,8,26,10,3,11,8,6,7,19,10,18,9,8,13,19,7,16,15,10,5,19,4,6,7,5,7
Champ1,22,10,20,47,35,28,27,20,38,16,29,33,27,26,30,25,26,44,24,17,6,50,28,21,17,25,23,26,30,37,26,12,20,20,16,22,21,23,21,6,23,19,29,25,12,24
Chchd1,261,123,211,400,231,316,312,264,443,269,375,350,330,357,385,351,380,295,285,262,150,389,402,220,386,329,241,341,419,444,248,196,276,197,316,308,295,298,350,196,513,387,319,243,303,347
Chchd10,10784,5102,9380,15421,8533,12053,12158,10848,11064,10867,15522,12745,11759,11187,13626,16915,20476,20622,13338,11568,5694,24012,12353,7422,11166,11151,9276,12726,14209,13769,8455,8091,11958,7142,12810,11569,9829,11138,13209,6380,14031,11833,10362,9564,10083,10043
Chchd2,4611,2072,3885,6298,4368,5366,5841,5071,5666,4641,6088,5660,5673,4898,6326,6734,7213,6409,5152,4807,2632,8695,6321,3575,5622,5086,4012,5724,6816,6484,5044,3812,5377,3595,5247,4713,4632,5141,5745,2994,7392,4860,4664,3917,4452,4637
Chchd3,439,225,446,663,493,521,626,508,632,570,581,608,654,516,638,659,605,688,564,518,215,746,702,378,608,562,488,595,739,652,430,440,592,364,585,499,466,537,629,350,684,624,594,406,461,508
Chchd4,92,71,102,134,103,92,121,101,114,88,101,134,127,124,107,143,133,198,113,115,59,218,127,77,87,125,92,130,123,114,129,78,108,66,89,107,108,105,119,64,165,110,105,86,112,85
Chchd5,103,38,81,139,81,97,81,101,141,108,134,116,116,89,92,132,136,147,100,109,37,132,122,56,97,94,100,123,139,115,110,74,79,61,120,89,79,105,99,68,144,114,112,81,115,84
Chchd6,45,16,32,65,29,34,57,36,29,40,42,34,43,34,49,57,64,88,30,33,15,75,47,36,33,30,28,54,43,46,53,40,52,36,55,50,36,39,46,21,49,51,35,34,51,40
Chchd7,202,116,200,272,224,251,297,251,439,254,245,375,327,263,291,310,304,377,242,281,112,406,346,181,279,313,223,273,339,304,181,186,241,161,250,291,224,263,288,158,349,288,205,159,255,246
Chd1,1,4,0,1,1,1,6,2,7,4,2,5,5,1,2,3,3,1,3,1,2,3,6,1,4,1,3,2,7,2,3,1,3,0,2,3,2,1,1,1,5,4,2,0,2,0
Chd1l,23,10,15,40,26,12,30,32,36,27,23,40,37,34,24,27,29,72,23,18,14,73,44,19,36,36,26,22,33,44,28,22,29,25,31,22,25,30,24,22,38,34,35,12,20,30
Chd2,90,35,67,168,61,73,97,72,121,84,92,87,61,62,75,135,126,122,94,61,30,161,98,62,59,83,64,85,87,58,63,48,81,52,81,81,76,88,65,37,127,78,46,50,59,60
Chd3,252,96,181,386,188,204,215,221,242,238,328,311,213,193,249,267,329,195,176,155,69,191,205,121,149,269,253,185,235,212,105,119,188,108,190,142,111,171,188,77,178,178,154,143,156,127
Chd4,548,344,669,920,506,597,707,575,685,475,733,646,542,539,585,802,777,751,592,584,182,796,583,414,546,533,575,582,647,644,602,381,529,409,562,466,412,469,493,337,716,497,497,443,454,438
Chd6,31,17,33,42,25,37,40,43,38,34,46,29,29,31,28,48,47,42,33,17,7,53,38,12,37,35,29,37,31,36,20,21,35,20,28,31,24,29,30,26,52,28,33,16,22,30
Chd7,9,0,4,17,7,7,7,3,23,6,12,12,13,6,13,12,11,7,8,8,9,16,10,6,11,11,8,6,11,13,10,1,10,3,16,14,5,7,6,6,7,15,5,6,12,9
Chd8,157,86,133,195,119,124,161,130,131,98,165,163,110,116,122,130,148,135,97,104,45,161,132,80,113,126,102,103,141,108,106,81,103,88,90,90,95,135,92,59,136,84,82,76,79,73
Chd9,5,5,3,4,6,13,7,9,12,7,8,10,8,8,3,10,4,5,7,10,0,9,11,6,9,7,8,9,6,10,5,5,6,2,7,7,6,8,5,2,15,7,9,4,6,6
Chdh,627,317,453,834,379,463,580,492,452,452,734,488,456,429,467,784,771,632,574,473,221,753,577,366,418,457,358,550,598,575,422,409,531,386,541,507,389,385,551,266,701,437,453,391,489,422
Chek2,4,1,7,14,5,8,11,17,5,4,14,12,7,9,13,5,10,25,7,7,0,3,15,7,18,5,12,7,9,7,12,6,3,8,12,11,8,7,6,3,10,6,10,5,11,3
Cherp,138,92,148,178,112,111,138,140,165,116,162,214,164,136,164,138,160,154,159,113,54,198,164,101,136,137,142,117,167,144,138,95,139,122,129,109,115,131,132,87,171,108,135,118,114,119
Chfr,46,32,47,81,48,60,54,64,68,63,77,68,49,63,52,60,87,72,58,40,26,65,81,40,59,59,55,55,66,67,62,41,74,44,48,60,49,55,60,28,71,72,57,51,42,35
Chic2,15,1,10,42,20,8,20,12,22,16,22,18,19,21,16,22,22,39,16,16,11,42,15,11,29,16,11,19,24,29,17,15,14,2,7,9,14,14,20,10,23,18,13,5,11,12
Chid1,9,4,10,17,9,23,20,20,37,18,10,25,19,14,17,9,11,20,9,18,4,12,18,9,19,10,18,9,20,20,17,12,12,10,18,13,19,15,10,14,18,9,15,8,11,13
Chil1,0,1,7,5,5,3,2,3,10,1,8,3,3,0,2,3,1,4,1,3,0,3,0,3,3,4,1,2,1,2,115,1,0,8,1,1,2,1,1,0,1,1,0,3,0,1
Chil3,0,0,0,1,6,0,1,0,7,1,1,0,0,0,0,3,2,24,2,0,1,7,0,0,0,0,0,0,0,1,8,0,0,1,1,1,1,0,0,0,0,0,0,0,0,1
Chka,140,53,58,155,118,83,156,132,207,126,118,247,71,71,144,116,132,239,103,77,33,209,147,93,108,113,136,90,152,99,70,84,101,104,55,65,79,93,108,55,138,99,59,59,84,61
Chkb,213,107,207,487,174,226,293,158,221,210,377,271,190,199,260,336,360,302,157,136,67,400,251,140,222,164,144,297,297,259,187,211,178,178,180,182,127,219,207,116,239,183,224,121,168,210
Chm,3,4,3,5,4,2,3,3,2,4,11,8,6,0,5,3,2,3,3,4,0,5,4,5,3,3,3,0,4,5,3,1,3,1,1,3,6,5,2,1,2,1,2,5,1,2
Chml,10,2,8,8,7,4,9,8,5,6,5,7,5,2,6,3,6,12,4,6,4,7,2,1,3,7,5,4,6,7,4,6,1,3,4,2,1,5,5,2,1,2,3,1,0,1
Chmp1a,199,106,204,300,177,195,254,215,240,202,275,289,197,218,212,300,263,323,203,229,75,299,250,161,194,242,239,241,271,274,195,157,198,146,220,227,188,240,244,131,326,225,230,208,252,212
Chmp1b,41,21,27,58,41,47,39,36,87,45,49,66,45,51,65,48,46,70,42,32,18,75,44,35,53,41,32,50,43,51,56,37,55,22,51,53,32,50,40,28,65,40,53,32,37,37
Chmp2a,739,339,659,1095,508,657,879,743,899,658,941,1020,738,667,782,852,866,1050,700,684,250,1049,730,435,739,678,713,768,905,804,685,557,715,559,700,521,545,645,632,414,813,624,611,470,549,575
Chmp2b,53,24,42,90,73,64,75,63,96,63,73,100,66,47,74,78,98,158,47,53,37,176,82,58,65,70,57,80,105,62,95,30,69,35,62,60,53,55,60,41,87,58,67,55,38,79
Chmp3,127,42,100,141,109,111,114,78,136,105,133,142,93,101,122,158,134,189,128,91,52,200,137,78,130,110,93,126,148,128,148,76,115,64,116,89,97,110,85,57,145,95,91,78,89,106
Chmp4b,199,100,171,271,173,191,212,184,287,187,230,297,262,184,234,270,229,367,196,191,88,282,261,115,187,191,187,204,230,257,339,143,188,162,214,190,143,204,248,109,266,200,178,122,152,185
Chmp4c,1,3,6,8,5,5,8,14,6,7,4,7,4,2,6,3,9,11,3,6,0,7,8,3,8,5,10,6,2,5,10,6,3,4,3,6,5,5,5,1,3,5,6,8,4,0
Chmp5,107,76,107,170,142,136,141,143,178,134,166,203,185,123,140,165,182,193,144,135,74,191,192,91,128,123,125,159,181,165,154,82,154,86,124,127,150,132,130,94,184,136,136,98,109,111
Chmp6,73,45,82,111,98,91,94,119,153,81,123,107,130,101,131,120,103,190,92,116,41,169,126,87,103,115,97,88,128,121,108,68,112,95,116,107,102,121,110,60,128,118,126,88,101,118
Chmp7,181,107,159,292,180,139,280,204,234,173,254,247,192,178,201,279,277,186,199,176,68,212,241,145,173,185,200,212,247,213,243,160,208,148,193,235,178,192,244,141,335,203,219,153,207,183
Chn2,29,7,24,46,38,32,38,38,51,55,59,59,46,40,46,44,44,47,47,28,19,28,32,18,34,39,38,42,63,59,35,26,33,13,49,41,37,36,50,27,37,30,45,19,30,38
Chordc1,27,24,32,38,35,52,37,41,48,37,37,77,26,43,50,37,46,50,43,36,16,52,74,44,38,29,33,50,56,42,41,36,42,19,48,36,31,43,24,22,35,45,29,28,18,31
Chp1,1173,596,1100,1568,755,1027,1183,961,1441,1335,1703,1692,1348,1161,1402,1670,1799,921,1305,1064,459,1199,1274,651,1030,1055,975,1103,1239,1342,627,755,1151,572,984,922,831,1057,1186,658,1276,952,927,795,914,874
Chp2,5,2,2,4,4,2,4,7,1,3,6,8,4,2,4,10,6,9,2,3,2,7,5,2,5,3,2,3,2,3,2,5,4,2,4,0,3,6,3,2,2,1,4,3,0,1
Chpf,24,11,8,14,13,12,19,11,10,11,17,35,13,12,11,20,23,68,10,5,5,30,13,7,8,18,7,22,17,17,13,8,8,11,12,6,10,11,9,4,22,6,5,8,7,6
Chpf2,153,81,154,253,169,143,171,180,248,164,238,253,218,157,173,264,242,429,135,163,68,370,146,75,160,172,144,143,160,155,285,123,173,115,182,169,109,146,139,90,222,122,145,75,93,102
Chpt1,307,141,263,465,168,425,338,264,425,335,516,390,503,350,514,540,467,194,394,326,248,453,556,288,385,405,246,517,445,604,677,441,536,218,543,550,394,381,483,252,691,537,446,312,332,400
Chrac1,88,34,91,173,104,100,121,91,171,102,150,100,128,116,117,119,160,215,108,103,36,231,116,73,147,117,114,127,149,129,123,77,111,68,122,98,112,97,118,78,155,117,103,87,83,87
Chrd,18,15,21,19,20,21,21,12,32,18,27,37,20,25,26,16,32,13,20,16,7,17,11,12,21,13,16,15,25,20,4,11,9,12,8,6,11,13,11,5,20,8,16,11,12,7
Chrdl2,1,0,0,0,2,1,0,0,7,3,3,3,2,4,0,0,1,1,0,1,2,2,2,3,2,3,1,2,0,0,0,0,0,1,1,0,2,0,1,1,6,2,1,0,2,1
Chrm3,1,2,0,1,2,1,0,0,8,0,1,4,2,1,0,0,0,2,1,0,0,0,1,2,3,3,2,0,1,0,1,0,5,0,1,0,0,2,2,2,2,0,2,1,1,0
Chrna2,13,5,8,24,7,19,15,16,5,18,23,12,13,14,21,18,27,24,21,10,9,20,11,11,14,17,13,16,8,18,9,11,22,10,14,6,3,19,19,8,19,15,20,5,16,11
Chrna4,23,4,6,24,55,1,109,123,25,19,2,17,9,6,13,4,3,2,7,18,4,2,134,79,39,44,19,34,58,15,6,10,30,50,27,100,58,76,20,65,37,36,53,26,26,46
Chrnb1,5,4,4,5,5,4,9,10,4,6,8,7,5,2,5,5,10,21,7,4,5,13,6,5,3,2,4,5,4,6,0,3,8,4,2,5,2,6,1,4,4,7,4,6,2,5
Chrnb2,9,1,3,3,2,5,0,2,7,7,4,4,4,7,7,5,9,5,0,2,0,12,2,3,6,3,5,0,6,5,1,2,3,3,6,1,6,5,4,1,5,1,3,1,4,3
Chst11,0,0,0,2,1,1,2,3,1,1,0,1,3,0,1,2,1,6,0,1,0,4,0,1,1,0,0,0,2,0,4,0,1,1,1,0,1,0,0,0,0,1,0,0,0,0
Chst12,4,1,4,3,2,3,7,13,3,6,6,12,8,3,6,11,9,7,5,5,1,7,8,4,4,6,7,8,12,10,9,5,5,7,3,10,6,7,3,0,8,4,4,4,2,3
Chst13,25,12,27,33,34,20,29,23,48,32,19,38,36,28,34,24,23,32,21,25,6,23,26,11,25,21,26,20,54,34,29,11,25,15,32,16,12,18,23,11,28,19,18,12,25,17
Chst14,14,9,11,15,12,3,14,9,11,14,17,6,17,6,9,20,12,32,19,10,3,19,19,4,16,12,10,10,12,10,16,2,10,9,7,7,11,12,9,7,12,6,6,1,14,15
Chst15,10,10,3,11,7,6,10,5,5,5,12,14,12,5,6,10,9,14,5,4,3,11,7,3,3,12,6,11,9,5,7,7,5,5,8,5,6,3,6,1,9,9,3,2,6,8
Chst7,1,2,2,1,5,2,4,5,4,2,3,2,3,1,4,6,8,3,5,2,0,8,4,1,4,6,2,2,4,4,2,1,2,2,3,4,4,4,1,3,3,3,0,1,1,2
Chsy1,14,8,20,27,16,10,26,15,12,19,27,26,21,15,24,14,21,39,15,13,3,40,21,10,19,14,21,13,21,16,13,9,17,9,10,12,8,20,16,9,25,12,11,16,8,9
Chsy3,3,8,8,11,8,7,0,4,19,5,7,14,4,5,8,11,11,9,5,11,1,12,5,4,4,4,8,3,2,9,4,1,9,3,7,3,1,9,3,4,5,4,7,0,4,8
Chtf18,4,1,0,3,2,1,2,7,1,1,3,2,1,1,4,1,0,12,0,0,2,1,0,2,1,1,0,3,2,3,3,1,0,2,3,1,3,1,0,0,0,0,1,5,1,1
Chtf8,71,39,72,92,65,84,93,69,94,55,70,67,59,47,75,82,108,106,89,60,29,96,89,42,56,57,55,63,79,90,72,41,52,34,54,51,47,84,83,27,86,63,65,44,52,40
Chtop,84,38,93,100,57,76,95,94,155,74,113,144,77,64,98,114,93,85,95,84,24,95,124,56,77,82,72,86,128,85,90,70,82,66,76,77,63,69,98,53,102,74,70,53,76,64
Chuk,181,74,170,264,117,186,213,101,195,155,219,166,195,175,181,237,220,132,218,154,55,161,224,143,172,181,139,225,242,230,96,161,184,95,189,172,159,175,154,90,233,170,146,123,125,174
Churc1,87,47,78,125,60,79,105,108,143,100,119,141,102,119,97,100,108,116,118,79,31,162,112,50,107,115,90,109,132,127,77,50,110,78,81,88,59,79,92,75,137,107,87,73,95,96
Ciao1,4,4,5,6,7,7,9,5,12,8,5,13,5,6,11,15,8,6,6,7,5,2,9,8,5,6,5,8,11,7,4,4,8,2,7,4,6,5,11,3,9,4,10,2,5,8
Ciart,60,34,27,102,26,35,20,39,87,58,47,63,52,45,48,40,44,67,41,36,10,127,34,36,42,35,57,40,79,37,15,38,45,31,34,23,21,36,36,31,77,26,58,29,67,48
Cib1,538,235,450,646,415,533,650,648,747,539,696,778,457,472,600,705,532,798,517,508,170,652,625,333,619,517,506,592,662,504,523,389,472,367,580,524,433,548,561,374,698,516,527,407,428,426
Cib2,48,16,27,69,20,50,50,23,34,26,33,41,37,43,49,61,48,13,31,36,13,9,61,32,59,67,31,40,41,52,18,31,39,26,55,34,28,44,61,20,82,48,44,27,30,34
Cib3,482,202,120,533,531,79,488,555,385,167,331,432,328,88,85,166,280,592,372,201,66,292,607,58,198,573,48,149,234,109,76,148,217,245,161,67,294,598,183,319,470,127,131,103,85,282
Cic,142,88,125,182,123,173,156,148,236,122,207,197,146,114,144,209,213,207,120,127,48,172,163,102,117,154,154,182,167,170,143,102,133,111,159,149,111,157,117,81,219,134,133,89,123,122
Cidea,0,1,1,1,4,0,1,2,0,0,2,1,0,1,0,1,1,4,0,2,0,3,4,12,5,0,2,7,2,0,110,102,12,15,7,33,0,1,4,19,7,2,5,4,0,1
Cideb,1675,650,1392,2255,1054,1933,2168,1661,2499,1471,1877,1795,1961,1973,2219,1847,2305,1866,1668,1722,548,1808,2314,1292,2080,1942,1515,2079,2932,2243,1150,1603,1655,1293,1553,1724,1493,1899,2021,940,2294,1791,1956,1155,1370,1163
Cidec,22,6,11,35,10,16,26,17,3,5,82,2,20,12,40,58,68,803,52,11,23,233,72,45,14,12,3,126,8,21,327,309,139,132,84,143,83,90,93,57,84,39,88,45,35,47
Ciita,0,2,3,5,5,1,6,1,1,0,4,1,4,1,4,1,7,7,2,3,0,2,4,2,1,5,2,3,5,4,32,2,0,2,2,0,0,1,0,0,1,0,2,2,0,0
Cilp,1,2,0,5,0,1,9,4,1,3,0,2,1,3,2,3,0,0,2,0,0,0,1,2,1,7,3,1,0,6,1,0,2,1,0,1,1,4,5,1,5,2,2,0,2,1
Cinp,28,23,38,66,47,30,38,44,57,31,44,59,36,28,45,37,42,52,40,24,12,73,55,20,30,44,46,33,50,60,35,22,34,18,39,40,32,34,38,19,66,41,36,19,38,29
Cipc,143,77,149,216,136,176,175,148,200,138,210,196,203,160,196,187,227,176,168,113,91,159,205,126,181,168,163,180,176,200,154,126,159,100,200,181,120,151,223,119,271,175,206,161,169,162
Cirbp,46,24,39,120,42,33,42,50,63,69,65,45,75,72,59,99,67,121,50,65,17,210,46,29,63,59,37,59,62,70,36,35,48,18,54,39,45,58,47,30,83,42,55,43,48,51
Cirh1a,30,27,21,48,32,26,44,30,58,32,39,70,32,47,45,44,50,43,30,48,12,66,41,29,30,29,38,37,41,32,32,26,32,13,27,28,25,40,26,22,37,30,22,25,23,32
Cisd1,1251,567,1051,1865,984,1145,1495,1236,1660,1155,1308,1074,1532,1369,1295,1859,1787,1377,1201,1123,516,2085,1792,1133,1612,1417,952,1595,2463,1764,950,993,1215,899,1374,1654,1448,1437,1505,946,2009,1512,1698,976,1351,1576
Cisd2,117,50,87,145,104,86,120,106,149,111,164,156,123,100,125,124,114,169,101,88,39,178,129,86,103,103,123,123,126,113,93,78,119,65,98,93,74,89,105,62,153,103,100,73,72,101
Cisd3,208,104,180,302,124,223,253,328,266,219,275,284,245,281,274,314,244,416,246,240,68,260,359,169,238,181,256,280,430,274,245,193,217,214,279,254,213,267,246,214,367,262,297,201,236,253
Cish,243,17,113,136,117,48,380,34,181,139,343,195,188,76,43,200,200,130,264,167,126,110,382,93,391,61,284,194,131,197,109,29,266,82,29,137,43,302,227,42,199,79,178,55,162,56
Cited2,68,55,59,109,57,80,93,79,66,92,90,88,84,75,116,95,61,51,81,96,26,80,113,62,88,104,74,80,101,81,69,100,94,65,92,69,76,86,75,62,130,106,65,46,59,87
Cited4,5,4,9,14,3,9,10,8,17,8,6,6,12,9,8,16,9,10,10,7,2,15,6,2,5,7,6,8,9,7,4,2,8,9,5,3,3,8,3,4,7,5,5,3,4,7
Ciz1,78,34,59,79,81,70,91,84,104,61,91,101,69,79,77,88,95,119,71,62,25,100,82,59,68,72,81,86,97,76,80,49,51,58,80,78,63,64,75,32,101,43,76,53,57,48
Ckap2,2,2,1,2,7,2,5,12,2,1,1,1,1,1,1,0,2,28,0,2,0,7,2,1,0,0,3,0,4,2,16,2,1,2,4,3,9,3,3,2,1,2,2,1,0,1
Ckap2l,0,1,2,6,5,2,5,17,0,5,0,1,3,1,4,0,1,14,0,1,1,8,6,0,1,3,2,2,6,3,12,1,3,4,1,1,4,4,3,0,2,0,2,1,3,0
Ckap4,21,12,14,24,16,19,31,23,15,19,18,16,22,15,17,31,14,31,19,8,7,23,13,7,12,15,14,12,21,19,38,14,22,8,8,11,10,22,17,10,22,12,14,10,14,10
Ckap5,19,9,22,24,25,27,24,30,33,30,26,43,29,24,22,22,25,35,27,25,13,30,45,10,17,23,16,21,26,47,35,10,18,19,22,21,13,25,21,17,47,22,29,18,18,31
Ckb,41,11,41,42,29,34,46,57,24,26,47,57,33,19,49,42,40,49,34,35,15,46,45,13,37,28,28,26,49,37,91,11,23,34,27,20,17,34,26,16,32,24,51,20,18,33
Cklf,7,9,15,15,7,10,16,19,6,10,9,11,0,7,8,16,14,24,5,8,4,16,17,5,14,2,7,6,3,10,20,3,7,4,7,1,7,4,6,2,9,6,2,4,5,3
Cks1b,44,37,58,55,31,36,74,54,61,33,35,115,35,42,35,52,43,112,49,65,18,76,47,40,33,43,43,47,64,48,85,43,36,45,53,43,51,34,53,35,79,44,40,25,33,53
Cks2,11,2,14,11,10,12,16,8,18,7,19,12,14,11,13,17,19,13,15,12,3,11,11,10,14,15,9,12,9,15,14,6,13,8,7,4,8,10,17,9,22,14,14,6,12,17
Clasp1,34,28,29,61,46,45,46,26,49,40,66,41,39,32,32,65,57,74,35,32,10,86,60,20,38,33,42,46,54,48,32,35,35,36,34,33,34,35,38,23,69,36,35,41,19,32
Clasp2,3,0,2,5,3,3,3,3,2,6,2,4,4,8,6,4,4,3,5,3,2,4,1,3,4,2,2,5,6,8,2,2,4,2,2,1,3,1,1,3,3,4,3,2,2,4
Clasrp,42,26,47,59,38,38,61,74,54,38,66,76,68,48,59,48,53,54,49,48,18,67,55,37,57,41,48,53,65,43,62,33,45,34,50,52,49,55,30,36,63,38,44,40,49,39
Clca3a1,6,5,18,35,32,13,38,25,24,14,35,41,27,15,31,21,19,35,18,14,14,45,18,11,20,15,14,15,27,20,20,5,24,7,12,8,13,19,8,10,23,18,12,13,11,7
Clcc1,157,75,158,276,174,216,239,201,302,178,233,247,229,197,237,245,231,253,225,169,92,373,238,148,233,196,181,209,266,239,157,138,196,121,174,196,168,176,193,122,271,167,177,144,155,145
Clcf1,9,4,12,41,11,5,19,15,8,9,20,10,20,3,13,9,11,62,8,9,3,51,13,4,9,17,5,7,13,7,20,5,5,10,3,3,9,11,3,3,9,4,6,5,2,7
Clcn2,283,140,350,445,196,355,390,326,358,324,406,374,322,319,381,367,300,161,285,287,112,230,398,291,401,313,270,360,494,391,220,238,376,260,391,321,254,276,357,231,507,374,356,228,321,271
Clcn3,27,12,22,38,36,23,23,27,40,31,45,46,28,21,33,28,34,45,19,26,19,47,26,19,20,27,27,29,36,32,16,25,31,11,21,34,27,22,28,21,19,28,31,20,19,23
Clcn4-2,37,23,44,65,49,39,57,47,71,37,56,75,38,48,45,55,67,67,59,44,25,65,56,28,41,34,41,38,46,52,32,35,46,19,33,48,37,33,34,30,42,50,30,21,23,33
Clcn7,126,61,135,214,150,145,183,187,200,134,191,200,123,135,166,190,144,177,131,127,41,232,184,119,147,151,131,122,140,151,203,113,139,100,149,131,93,136,154,77,189,155,155,92,94,105
Cldn1,45,27,27,66,70,36,63,53,92,64,61,127,43,55,69,70,70,79,72,58,28,130,97,36,67,86,49,67,110,63,35,31,52,22,64,38,69,41,29,31,63,48,52,37,37,42
Cldn12,30,24,40,57,49,48,56,50,69,43,54,64,49,47,58,51,68,56,47,43,17,69,68,34,53,48,41,55,73,51,18,37,45,19,37,42,46,29,31,20,65,41,39,33,22,38
Cldn14,68,43,69,88,84,58,124,105,153,71,86,194,77,63,85,67,74,84,77,76,31,51,170,86,119,85,147,101,126,118,117,64,83,63,87,74,69,76,92,68,100,78,75,55,84,68
Cldn15,3,2,5,5,3,3,2,4,4,2,3,2,6,1,4,1,3,5,3,4,4,4,4,1,1,3,2,8,5,7,1,1,3,4,3,5,6,5,5,0,5,3,0,5,1,3
Cldn2,111,45,98,162,143,159,144,117,186,109,146,166,107,89,177,140,143,108,125,141,62,82,147,75,116,159,137,174,195,207,116,87,126,53,128,125,141,116,146,71,155,118,177,112,123,151
Cldn3,666,308,612,873,487,573,738,735,881,684,756,1070,589,502,708,863,820,1010,755,724,183,804,789,464,634,564,746,745,969,673,504,503,633,495,623,579,487,619,747,367,892,597,645,435,631,581
Cldn4,1,0,0,2,4,1,2,1,0,1,0,1,1,1,0,2,1,11,2,2,0,6,0,1,0,2,0,0,1,0,0,0,1,0,0,0,1,1,0,1,0,0,1,0,1,1
Cldn5,37,23,46,33,22,31,51,40,29,35,39,25,52,29,44,57,46,48,37,31,17,56,41,27,34,26,32,34,43,55,39,12,31,25,45,38,25,55,44,23,37,38,44,29,23,54
Cldn6,2,3,0,4,1,1,6,0,0,1,1,2,2,0,1,2,1,1,1,2,0,2,4,0,1,1,0,2,0,1,0,2,0,2,1,2,1,1,1,2,0,0,0,1,0,0
Cldn7,12,4,5,18,8,2,14,14,9,10,16,11,23,8,6,7,12,15,11,6,5,8,15,7,6,11,5,8,8,10,7,7,10,10,5,8,3,21,11,11,7,9,10,3,2,9
Cldnd1,52,40,62,117,59,72,72,66,96,73,102,97,91,85,86,65,73,95,69,66,49,87,98,45,64,90,56,90,116,86,53,50,73,46,85,50,76,64,62,33,90,62,90,34,66,57
Clec10a,2,3,5,4,5,2,2,1,2,7,4,3,1,1,4,1,4,6,4,1,2,2,7,2,2,0,3,2,2,6,3,3,1,2,1,3,2,3,2,0,1,2,2,4,0,0
Clec11a,9,7,8,15,11,4,12,8,12,16,12,23,14,15,15,13,10,18,15,11,3,26,19,10,16,16,19,21,24,15,9,11,13,13,14,11,9,16,16,8,13,12,16,11,15,12
Clec12a,1,1,2,3,1,2,8,5,2,1,0,1,3,0,1,2,0,6,6,3,1,2,3,0,1,0,1,0,1,0,1,1,0,2,0,0,0,2,1,0,0,0,0,0,0,0
Clec16a,43,17,33,70,37,45,56,48,56,67,72,95,34,39,45,57,77,67,59,32,26,59,60,44,52,55,45,59,45,47,49,42,54,42,41,37,38,53,48,36,75,41,43,42,45,48
Clec1b,24,28,34,88,52,47,80,76,56,31,85,60,58,47,78,50,74,126,38,51,21,181,51,32,78,54,38,43,62,57,117,31,36,41,26,50,42,38,37,22,44,43,70,37,21,43
Clec2d,333,135,262,272,174,197,309,180,271,231,358,276,244,190,270,280,250,112,374,270,107,169,283,199,226,174,295,200,290,243,142,171,422,192,218,252,212,245,225,114,240,184,184,170,154,133
Clec2h,27,7,20,46,19,25,54,19,9,22,32,27,31,20,16,45,42,21,56,37,15,59,29,23,48,31,65,54,92,51,8,16,45,7,14,33,61,56,83,28,48,39,29,36,30,30
Clec2i,3,1,0,5,2,2,6,3,2,0,2,2,2,1,0,1,1,3,2,0,0,3,1,0,0,1,0,0,1,0,3,2,1,0,2,2,1,0,2,0,0,0,2,1,1,0
Clec4a1,12,5,13,18,15,17,30,16,20,15,18,23,7,6,17,18,21,12,12,9,4,23,14,13,32,16,25,11,14,18,24,10,3,19,7,6,5,7,9,3,15,12,11,7,10,13
Clec4d,1,0,1,1,5,1,6,3,0,0,3,0,1,1,1,1,1,1,0,0,1,1,1,0,2,0,2,0,1,1,6,1,0,0,0,1,0,0,0,0,0,0,0,0,0,0
Clec4f,443,237,477,817,576,428,805,855,595,492,809,760,459,317,631,550,658,467,449,429,230,647,676,414,677,426,616,368,486,650,821,252,325,456,343,454,319,530,376,239,562,559,584,329,346,397
Clec4g,164,78,159,171,191,222,262,185,313,194,219,159,257,242,242,287,251,143,166,142,88,186,326,149,205,265,198,178,231,323,203,112,191,153,231,161,117,233,190,114,297,131,226,119,130,222
Clec4n,4,3,6,8,15,4,10,6,5,5,9,9,5,2,13,2,7,9,4,6,6,6,6,1,6,0,6,1,4,8,6,1,0,2,0,3,2,9,2,1,1,1,2,1,1,2
Clec7a,0,3,4,12,8,6,7,6,3,0,12,4,1,3,5,5,6,26,4,1,3,19,5,2,3,4,7,3,7,7,9,2,2,1,2,4,1,4,0,2,4,5,7,1,0,3
Clec9a,3,3,4,10,9,7,6,9,3,1,8,7,9,3,8,4,4,12,4,5,2,12,7,2,2,5,1,5,4,7,31,7,5,3,0,7,4,4,2,2,3,5,4,4,3,5
Clic1,89,54,88,182,108,75,148,127,90,94,134,132,142,74,97,123,104,161,117,82,47,109,121,75,106,101,106,112,123,96,277,79,107,106,80,136,111,108,84,66,114,104,125,102,99,112
Clic4,143,82,132,242,193,146,200,150,186,165,204,227,201,159,182,210,191,270,162,185,91,267,193,118,202,165,187,182,225,213,223,121,165,114,139,155,142,148,177,86,213,180,139,119,136,176
Clic5,2,0,1,3,1,5,4,10,1,1,4,8,4,2,5,0,4,1,3,1,1,1,5,4,2,4,4,1,11,5,2,1,1,1,1,0,2,1,5,2,9,5,1,2,1,2
Clint1,186,111,145,288,208,162,234,268,234,182,235,332,222,165,216,203,270,394,203,179,93,317,236,113,168,183,153,193,222,217,192,171,187,142,132,159,132,190,160,135,302,148,145,106,99,145
Clip1,47,14,23,61,46,28,38,47,48,40,48,52,52,47,48,53,46,86,36,26,17,108,60,34,37,38,33,54,58,64,30,29,36,23,24,44,27,44,31,27,49,31,46,30,35,33
Clip2,0,0,3,5,5,2,6,3,3,2,5,2,0,0,2,4,2,9,6,4,3,7,5,2,1,6,4,2,2,5,9,1,3,1,3,3,1,8,1,1,4,2,3,5,0,4
Clip3,4,1,1,6,2,1,7,10,1,5,6,7,8,2,2,5,1,10,1,2,0,9,6,0,3,3,2,1,3,5,5,1,2,2,3,3,3,1,2,2,8,1,3,0,0,0
Clip4,1,1,0,1,4,1,3,2,2,3,3,3,2,2,2,0,2,1,1,1,2,1,6,2,0,1,4,3,2,1,1,1,4,0,2,1,0,0,2,2,3,2,1,0,5,1
Clk1,138,48,123,224,97,96,136,116,139,132,159,173,108,102,142,169,148,154,111,103,42,209,113,91,101,77,91,111,167,131,81,98,141,49,91,118,90,105,82,72,127,96,129,83,63,98
Clk2,65,28,55,88,76,49,95,65,78,78,89,116,61,53,70,77,73,87,75,49,29,117,73,55,67,40,72,70,67,63,53,43,73,43,62,65,58,62,53,42,94,45,60,48,44,53
Clk3,173,87,152,222,106,179,187,163,167,155,195,210,153,145,186,197,171,162,162,111,36,178,166,113,132,120,147,169,170,136,123,104,123,148,156,153,82,132,133,78,191,146,117,111,93,117
Clk4,50,18,45,60,45,27,53,45,46,44,69,80,38,37,47,57,40,55,59,43,18,86,52,27,32,43,37,42,49,50,36,30,40,11,44,33,27,47,40,25,41,28,28,16,14,34
Clmn,125,64,99,207,94,132,133,113,139,101,225,101,149,121,142,165,151,102,133,115,50,148,120,78,155,129,121,145,163,163,67,92,108,57,120,101,119,104,122,65,193,105,102,78,102,100
Clmp,7,5,3,11,12,4,8,5,5,2,8,5,11,2,4,2,7,5,5,1,1,14,2,2,3,4,9,2,13,11,6,5,2,6,2,7,4,7,3,3,7,1,6,3,4,4
Cln3,57,29,48,97,38,51,68,68,67,46,71,83,61,45,68,100,80,74,54,46,11,74,58,31,51,40,31,58,57,62,39,34,45,39,50,39,47,56,37,32,75,46,49,40,33,51
Cln5,62,25,61,106,84,50,70,75,140,63,77,140,51,76,76,96,84,143,76,63,26,161,79,58,69,84,61,102,105,109,53,47,74,31,73,43,68,65,72,40,79,57,64,40,53,64
Cln6,22,13,16,30,14,12,21,24,25,20,39,21,19,16,9,39,35,51,16,16,6,82,20,10,13,20,19,20,14,21,20,6,17,7,11,10,10,20,15,10,19,21,21,17,9,11
Cln8,30,20,29,65,31,41,28,27,41,37,42,58,46,49,49,73,48,73,29,23,10,55,42,25,40,22,28,43,22,42,42,35,28,19,37,30,21,46,30,24,49,25,27,31,23,35
Clock,1,1,3,4,0,2,6,1,7,3,4,9,2,1,7,3,2,2,2,2,0,8,3,3,3,1,5,5,4,3,1,2,5,2,8,0,2,4,3,4,4,4,4,2,3,6
Clp1,86,59,80,113,117,80,74,101,179,66,128,109,89,79,114,90,84,93,64,84,39,106,109,51,86,83,66,75,112,99,89,53,75,36,87,54,58,74,75,47,101,71,80,58,72,70
Clpb,1,3,2,3,1,3,3,3,4,0,3,5,2,2,0,5,12,5,7,5,3,7,4,3,3,7,3,3,7,5,5,4,5,3,3,3,2,7,2,1,12,3,5,3,1,5
Clpp,300,164,266,438,191,281,345,333,360,272,384,426,325,284,382,363,353,394,300,291,82,413,364,184,301,243,270,312,335,333,266,263,285,252,322,312,245,282,370,194,329,356,298,227,276,231
Clptm1,4,3,2,5,0,2,5,5,7,7,8,8,2,4,5,7,4,14,3,2,2,4,2,1,6,7,5,2,6,2,4,2,6,3,4,3,1,5,6,2,9,8,4,2,3,9
Clptm1l,314,165,296,447,370,381,377,389,543,336,438,526,350,294,429,462,427,691,326,376,148,416,394,301,396,370,342,409,467,419,404,282,353,287,363,351,344,381,403,232,562,411,354,323,358,318
Clpx,282,123,224,351,231,289,217,219,598,289,383,358,432,381,507,414,364,421,297,224,111,407,329,174,196,261,234,311,287,402,266,215,275,145,267,265,208,241,275,141,309,255,256,180,203,249
Clstn1,15,14,18,48,30,22,33,25,28,15,33,26,36,14,21,21,37,42,39,13,7,45,33,12,27,28,19,34,27,18,18,18,27,20,13,11,22,21,17,10,33,17,20,16,18,24
Clstn3,94,31,63,58,23,103,79,84,22,40,116,40,55,58,85,137,89,33,164,98,36,14,203,114,86,65,28,195,74,106,162,199,230,147,212,251,110,158,191,136,224,171,195,133,112,103
Clta,704,397,646,885,408,645,704,672,1077,760,796,944,825,682,753,1172,919,990,728,688,211,1080,802,431,694,603,702,696,955,748,844,425,557,541,777,587,533,643,641,386,856,682,711,392,542,605
Cltb,304,126,272,372,232,347,325,243,427,262,399,489,322,255,355,417,394,344,254,259,121,411,308,174,279,322,283,366,336,345,318,224,268,187,345,213,224,266,243,204,448,340,268,235,243,266
Cltc,196,92,132,282,233,175,225,238,339,266,252,360,189,210,227,302,278,485,214,231,108,421,221,126,159,163,240,211,230,200,270,173,260,112,222,201,241,226,161,136,282,233,174,133,185,214
Clu,8102,3769,7727,11090,13179,9727,7578,8406,21921,7415,12676,14836,9975,7487,9413,11555,10056,9497,7702,9055,3498,9056,9690,6169,11456,12727,11381,9421,11020,12164,10798,5706,8210,6515,9106,7303,6159,7931,9285,6218,15927,9972,8902,6849,7257,7813
Cluap1,55,21,28,54,22,42,24,44,52,44,53,78,50,44,52,68,41,43,41,27,7,73,58,33,32,43,47,38,65,40,30,32,51,43,41,21,33,42,26,22,53,36,26,29,36,16
Cluh,941,473,787,1371,749,898,975,893,1053,997,1241,1188,1206,1030,1160,1364,1281,1369,806,925,361,1760,1133,716,961,939,846,943,1254,1132,808,765,981,715,1086,1048,849,1035,1113,597,1429,983,959,766,913,908
Clybl,117,88,111,171,68,120,185,109,156,102,179,186,143,158,139,168,146,170,145,133,47,198,139,141,145,131,89,147,187,122,82,101,122,102,134,133,80,132,122,92,135,137,133,80,123,122
Cmah,331,119,336,458,233,406,479,247,406,331,427,373,323,287,434,497,411,83,384,316,85,56,513,260,448,437,332,346,410,460,135,288,352,202,420,380,365,444,365,248,605,443,374,259,301,313
Cmas,193,113,178,299,193,237,254,258,292,201,301,277,238,231,294,303,373,379,249,202,137,256,305,172,247,286,233,306,304,303,351,210,256,174,277,235,244,303,247,127,351,223,308,170,205,200
Cmbl,668,243,584,851,445,856,832,793,816,746,906,683,759,871,1039,714,973,716,770,768,324,664,1230,589,857,659,588,875,1364,1249,680,575,744,471,720,734,534,808,886,509,1143,855,686,575,702,658
Cmc1,65,50,73,112,76,113,112,70,119,76,123,100,111,76,96,103,90,118,79,97,50,144,126,73,111,98,87,88,113,121,82,70,83,58,87,111,100,95,111,63,131,99,93,63,97,90
Cmc2,134,58,115,159,117,136,133,126,181,131,162,194,148,153,157,158,217,191,116,146,64,157,154,87,130,139,122,157,197,151,100,112,163,106,150,116,162,114,155,92,199,140,134,124,129,114
Cmc4,17,14,28,38,22,26,22,31,33,20,30,44,27,23,34,28,33,23,26,29,9,44,35,23,39,28,28,37,33,27,17,17,22,18,28,19,28,28,19,16,31,27,25,17,21,14
Cmip,158,78,162,232,68,155,166,71,151,131,194,189,123,125,166,266,226,157,150,150,52,117,177,108,150,178,180,168,143,160,110,146,134,90,132,120,148,114,124,56,148,89,81,105,111,103
Cmklr1,11,8,21,18,14,11,24,23,14,18,27,23,18,7,19,20,16,29,9,10,5,24,18,6,11,12,20,9,17,17,52,5,7,18,16,10,9,14,10,10,21,19,9,9,10,14
Cml1,1664,854,1602,2284,1277,1716,1902,1723,2748,2011,1649,1516,1921,1757,1943,2017,1949,329,2298,2053,542,503,2487,1749,2715,2248,1990,2265,2943,2648,595,1244,1836,996,2144,1799,1552,2187,2604,1475,2981,2755,2323,1755,2125,2129
Cml2,868,412,993,977,878,1190,918,902,1467,1130,1507,1460,792,835,1164,913,860,408,1205,1187,335,339,1045,652,1125,1060,1168,1087,1120,1295,610,765,1255,793,1120,707,607,825,1020,607,1448,990,850,792,738,735
Cml5,279,106,181,352,296,273,646,744,135,367,344,251,435,258,472,348,281,65,643,302,209,48,993,430,948,769,225,680,312,479,586,412,838,364,646,616,540,759,793,534,1209,853,582,466,520,536
Cmpk1,209,118,185,313,205,197,281,229,301,283,288,337,270,271,327,356,296,552,269,241,108,483,345,199,242,240,208,351,349,315,273,228,304,145,275,271,234,269,273,141,363,288,296,169,186,250
Cmpk2,6,1,6,14,5,6,8,8,9,16,10,8,10,6,17,15,13,8,10,10,3,19,17,3,5,8,9,10,18,5,45,3,9,6,2,3,10,8,9,3,9,12,11,6,8,5
Cmss1,13,8,15,24,7,16,9,13,21,22,21,21,15,18,23,19,22,58,16,16,6,29,19,8,12,12,10,21,26,20,14,15,15,7,15,11,15,14,17,9,10,15,15,12,12,9
Cmtm3,64,28,74,94,57,47,99,105,43,55,82,80,82,31,72,65,90,106,69,41,34,125,59,48,62,47,59,49,80,77,183,31,53,63,37,44,61,69,54,28,60,48,64,44,43,49
Cmtm4,177,86,148,227,104,177,148,122,141,156,219,143,173,179,173,283,278,200,206,160,59,221,188,99,121,164,121,187,177,196,141,133,181,116,164,156,154,151,191,88,210,166,158,121,133,165
Cmtm6,295,164,286,396,402,305,533,435,382,264,441,433,257,256,331,411,341,354,346,281,128,344,452,202,436,325,367,347,366,504,288,290,412,233,277,291,242,400,357,279,581,393,291,282,266,313
Cmtm7,12,4,12,20,14,12,26,17,18,18,21,18,7,7,23,11,23,23,12,8,13,15,11,8,21,14,19,14,14,17,44,7,11,16,6,4,9,17,6,6,3,7,16,12,9,10
Cmtm8,379,240,405,783,411,468,496,439,567,412,509,478,496,468,543,672,596,430,449,386,196,667,559,353,517,524,346,473,753,627,304,305,373,287,520,430,432,432,396,255,621,408,530,372,403,446
Cmtr2,4,10,5,9,6,1,6,8,3,1,5,4,6,2,5,4,9,11,8,1,2,8,4,3,6,1,1,6,8,6,5,3,4,3,6,2,4,4,3,2,5,5,4,4,2,7
Cnbp,710,381,678,1227,800,758,871,771,1065,861,868,956,1043,1053,1064,932,1007,1065,884,929,349,1335,1212,675,957,944,749,1083,1329,1168,682,645,961,446,1006,975,909,938,972,574,1163,1073,1037,753,889,956
Cndp2,168,87,142,252,153,136,231,227,221,186,225,230,146,162,187,203,214,250,158,178,59,250,182,112,232,162,179,193,238,199,269,139,185,163,182,150,133,205,167,149,268,210,189,133,190,155
Cnep1r1,23,5,9,24,13,12,18,13,18,18,8,14,13,11,20,24,18,20,18,8,8,13,18,12,20,16,8,16,18,16,14,11,16,8,10,19,15,9,14,8,18,16,12,7,9,5
Cnih1,132,68,130,217,173,155,210,177,285,163,187,260,177,174,235,148,160,225,185,201,69,175,265,130,175,180,160,210,271,259,162,142,174,90,234,165,162,204,163,137,236,211,187,121,175,163
Cnih4,23,13,19,22,11,24,30,26,24,23,23,21,25,12,35,26,29,31,24,18,12,26,31,16,33,30,22,42,29,33,20,19,16,29,25,23,15,23,22,11,24,18,19,17,25,24
Cnksr1,3,0,1,1,2,1,2,3,3,3,2,6,2,2,4,2,3,2,0,3,3,3,3,0,0,1,1,1,0,0,1,2,1,6,2,0,1,1,1,1,4,2,2,0,1,3
Cnksr3,32,24,27,57,23,32,38,42,48,34,30,43,33,28,31,43,46,59,44,30,12,76,46,26,36,59,24,26,44,33,36,17,32,16,28,25,20,24,23,22,52,31,26,20,26,26
Cnn2,51,31,62,127,69,58,95,115,66,47,65,81,59,28,66,77,91,90,58,51,25,83,76,48,78,74,55,60,94,76,178,64,63,54,54,50,52,79,51,24,66,50,58,36,44,48
Cnn3,469,269,404,699,461,491,434,428,631,583,511,709,605,521,571,697,647,625,544,503,191,815,603,333,473,472,435,544,741,530,454,317,479,357,519,405,471,479,521,314,692,499,412,357,480,488
Cnnm2,38,19,35,55,29,36,45,38,37,35,54,39,48,35,40,63,50,44,35,26,19,50,43,23,42,36,24,47,52,41,42,26,58,40,27,31,26,34,39,26,50,36,43,38,35,30
Cnnm3,2,1,2,3,1,7,4,5,5,3,7,4,7,4,5,10,6,4,7,6,2,4,2,2,5,3,1,1,4,10,2,1,6,1,1,4,4,2,2,0,7,1,1,2,4,4
Cnnm4,22,15,17,25,15,25,28,17,27,23,19,24,21,29,31,29,36,21,26,18,8,41,15,14,22,26,21,14,21,25,22,12,20,9,16,26,18,14,15,11,31,23,14,3,9,21
Cnot1,148,84,136,209,129,138,124,148,281,149,209,207,185,150,175,259,209,308,179,145,58,267,242,121,173,159,184,156,252,192,161,105,126,93,193,75,120,175,81,109,247,187,170,102,139,180
Cnot10,103,59,87,136,92,98,100,99,140,79,97,139,107,85,84,124,107,158,80,87,33,118,92,69,93,102,95,85,126,81,106,54,87,77,76,63,79,91,100,47,126,106,104,63,73,75
Cnot11,22,12,19,49,25,18,25,28,32,33,39,39,32,31,30,45,30,26,32,22,10,34,34,27,23,25,19,33,38,30,32,22,37,26,22,17,20,24,28,21,30,28,16,29,17,23
Cnot2,108,61,108,162,94,96,118,113,137,110,142,137,125,90,135,162,128,173,134,111,40,170,137,73,116,116,100,129,160,99,109,80,102,102,103,85,116,109,96,60,152,80,108,78,99,109
Cnot3,64,35,38,77,40,60,77,67,96,71,90,95,56,41,69,68,67,60,76,45,6,55,54,34,42,38,62,43,66,55,46,36,42,54,44,41,31,56,63,45,68,56,67,42,47,47
Cnot4,23,11,22,39,39,25,28,26,26,32,27,40,33,30,34,28,29,40,17,21,10,38,31,18,27,11,36,19,27,40,35,19,32,11,18,18,18,26,24,15,24,22,29,14,18,25
Cnot6,33,23,35,62,42,32,45,43,65,27,50,52,44,44,59,53,60,66,45,26,17,51,53,31,31,47,35,50,56,79,37,31,40,23,37,46,46,50,33,23,42,40,42,22,33,32
Cnot6l,4,4,8,12,7,6,17,5,16,18,11,10,5,7,12,17,6,2,4,6,1,20,10,4,14,10,7,15,7,15,10,6,10,2,6,11,3,7,5,12,9,6,9,3,11,8
Cnot7,18,7,17,39,21,21,14,18,20,11,37,19,19,16,29,22,25,40,27,18,15,53,25,11,15,21,19,22,32,16,20,14,19,4,20,21,14,9,12,11,12,18,20,16,13,17
Cnot8,146,61,136,173,134,179,196,183,223,136,177,251,152,146,158,188,178,173,186,130,59,172,200,125,191,178,147,188,212,159,159,112,176,137,158,148,139,184,163,113,246,173,137,104,138,142
Cnp,62,28,51,90,59,40,98,82,111,49,70,82,48,45,81,53,59,58,44,49,19,40,63,39,88,81,66,35,78,87,83,32,69,30,43,47,33,56,50,64,104,66,69,40,53,66
Cnppd1,338,132,242,539,265,355,318,280,423,357,494,316,291,258,396,533,486,383,307,222,81,458,297,185,371,405,200,346,452,437,181,164,267,211,336,299,285,316,317,212,436,316,350,259,319,329
Cnpy2,891,430,845,1382,893,1038,1048,1056,1371,984,1209,1318,1005,928,990,1124,1423,1362,1034,930,391,1268,1183,645,1137,1086,881,1082,1342,1214,841,689,964,640,1070,944,844,1022,1027,541,1312,977,978,753,812,839
Cnpy3,177,71,160,193,132,234,211,174,257,168,223,318,188,161,195,230,219,187,186,173,64,157,192,120,202,202,214,244,201,242,165,162,195,150,187,178,151,193,228,116,247,177,179,134,149,162
Cnpy4,22,17,22,25,14,25,26,20,26,21,25,38,20,18,26,31,22,25,15,16,8,21,36,14,21,22,27,25,23,18,26,11,12,19,15,19,20,22,23,14,29,17,18,8,18,15
Cnr2,2,3,1,1,2,5,4,1,4,0,5,1,6,4,3,6,1,5,5,3,3,3,3,2,1,1,4,2,2,2,0,0,1,2,1,1,1,1,1,1,2,1,2,1,2,3
Cnrip1,7,1,3,2,1,3,3,6,4,5,1,4,6,5,5,2,5,7,5,4,2,5,5,2,3,1,6,5,3,3,3,3,2,1,2,3,2,5,1,1,7,5,3,1,0,4
Cnst,45,9,23,55,20,37,36,29,47,50,49,44,30,37,44,46,60,38,31,19,10,51,43,28,35,42,20,16,37,26,21,27,37,15,32,31,29,36,30,23,44,34,24,26,16,31
Cntfr,3,2,3,1,3,8,6,3,6,5,4,6,5,4,5,6,3,7,1,3,1,8,4,1,4,2,5,5,5,5,3,4,4,5,11,3,2,6,4,4,7,2,6,3,0,3
Cntln,0,1,1,3,2,1,0,5,0,1,4,2,2,1,4,0,2,0,2,1,3,3,0,1,2,6,0,1,1,3,3,0,1,2,3,1,2,1,0,0,0,1,0,2,0,4
Cntnap1,5,1,3,4,6,9,6,7,7,4,3,6,4,3,3,4,12,238,2,6,3,56,7,5,2,8,6,0,8,3,10,13,6,7,7,5,7,7,3,3,7,7,7,1,5,5
Cntrl,33,17,26,68,35,52,52,57,37,30,66,53,58,48,43,61,44,81,33,23,14,73,58,26,56,53,21,40,57,71,52,58,61,25,50,40,25,40,40,42,99,42,62,37,43,30
Cntrob,17,4,20,22,13,16,19,22,20,22,16,32,20,20,13,24,16,36,20,14,5,26,23,16,17,31,20,20,35,14,23,17,26,23,21,14,15,18,14,12,24,18,15,11,24,15
Coa3,413,156,272,453,253,285,402,348,463,363,427,542,379,314,417,422,397,472,331,344,117,394,407,251,361,337,349,400,405,374,332,308,325,275,342,334,292,365,393,215,420,341,300,253,329,290
Coa4,22,13,21,54,27,31,41,33,57,32,51,69,45,28,49,36,28,46,21,36,11,44,35,19,34,36,36,28,50,50,41,21,26,26,43,37,26,26,39,23,36,52,29,28,34,35
Coa5,177,69,113,188,155,143,195,150,201,178,203,188,185,163,171,205,219,213,198,140,74,260,228,114,177,186,143,198,211,223,190,127,164,74,181,131,145,157,163,93,251,141,150,117,124,156
Coa6,279,151,340,519,295,423,428,380,700,349,399,585,607,441,499,356,392,538,332,341,160,609,566,345,497,388,350,419,640,521,374,344,481,343,477,406,391,430,452,270,631,446,445,384,385,367
Coa7,35,15,14,24,26,12,15,19,19,15,36,24,17,12,23,29,23,26,24,16,3,24,18,18,13,17,17,21,19,17,21,11,14,6,13,5,10,11,13,9,13,9,14,9,11,15
Coasy,595,228,477,766,527,585,673,605,818,570,748,599,449,465,580,841,799,964,557,485,232,991,709,388,559,651,465,621,804,697,503,518,502,442,682,640,501,558,600,390,871,594,610,469,535,572
Cobl,28,25,30,50,53,28,34,48,90,31,47,89,39,15,42,51,34,41,39,24,14,35,50,22,54,47,36,44,55,50,31,31,33,19,38,27,40,38,40,37,59,54,31,25,28,36
Cobll1,81,57,82,182,73,85,95,81,118,107,128,117,151,130,129,133,144,141,123,101,55,176,116,41,88,108,80,100,108,90,62,69,110,51,113,61,75,73,100,45,122,97,81,48,70,88
Cog1,46,31,50,64,49,41,71,61,66,51,87,64,69,54,59,59,69,89,44,51,14,69,66,49,69,61,55,51,80,78,56,38,57,40,50,57,45,57,56,30,99,65,59,44,45,50
Cog2,101,56,88,160,91,89,119,115,126,96,135,131,130,97,113,124,141,138,110,102,47,86,113,74,115,107,106,111,161,111,91,66,112,65,82,114,115,100,118,77,170,98,113,103,100,92
Cog3,40,14,33,53,27,33,43,34,43,32,50,64,42,36,53,49,45,47,37,29,18,62,40,23,35,41,42,43,45,43,29,33,34,19,31,34,41,35,54,17,52,34,31,36,23,28
Cog4,183,87,172,336,148,215,243,207,219,185,317,208,214,188,248,237,264,207,174,211,78,198,251,149,254,213,212,243,303,249,241,165,218,205,220,220,176,231,274,125,360,255,257,206,213,210
Cog5,11,4,7,12,4,5,12,12,12,17,13,17,11,11,16,9,11,12,11,10,3,13,15,4,10,12,10,8,18,6,13,7,18,11,11,12,7,11,7,6,11,8,9,5,10,5
Cog6,43,18,43,62,51,46,55,45,80,55,58,68,69,34,51,63,71,86,62,58,23,73,71,30,49,41,40,59,47,68,39,39,45,30,44,47,61,51,57,28,82,56,40,48,29,52
Cog7,101,53,71,136,104,103,115,99,156,102,138,131,120,104,119,137,164,166,89,105,54,184,147,86,99,121,89,101,117,146,119,95,125,92,116,109,114,103,93,82,177,107,105,97,93,113
Cog8,81,48,85,114,69,79,104,102,125,74,130,182,87,85,92,117,116,128,111,84,33,105,99,69,77,70,98,104,88,86,91,91,99,90,93,73,82,92,81,63,144,97,75,79,79,77
Coil,30,14,26,42,25,25,27,25,37,23,38,41,24,27,42,22,40,38,22,19,6,34,43,18,39,26,28,33,36,28,35,24,30,14,27,21,21,30,26,18,36,23,15,23,27,29
Col13a1,10,9,10,9,12,18,13,8,16,11,16,16,13,19,16,14,19,11,18,15,4,19,16,11,4,16,15,14,5,21,3,8,16,4,8,16,0,5,9,12,12,11,14,5,8,11
Col14a1,67,44,54,154,82,53,105,126,52,84,121,78,118,53,91,72,123,88,104,55,53,73,94,47,56,93,53,110,88,114,76,64,71,81,45,77,59,63,75,47,89,53,62,63,50,69
Col15a1,26,5,19,22,32,27,36,37,48,31,33,39,24,23,38,16,35,19,15,39,15,6,30,28,30,39,48,42,31,41,43,30,32,21,30,37,19,25,18,18,52,21,35,25,24,25
Col16a1,18,5,13,30,14,14,17,26,16,12,21,10,17,12,14,14,20,31,13,8,9,20,17,7,10,13,11,19,19,19,12,6,14,14,8,17,13,18,6,7,21,5,10,9,8,15
Col18a1,2790,1299,2782,4427,2974,3045,3081,3060,5511,2738,3532,3905,3629,2957,3455,4078,3504,2570,2840,2747,988,3748,3810,2414,3354,3544,3621,2832,4793,3803,2049,2099,2863,2164,2941,3206,2584,2875,3307,1964,4342,3176,3097,2341,2744,2757
Col1a1,55,40,60,145,131,44,103,138,34,36,76,37,79,27,57,53,54,153,90,19,33,43,98,29,41,82,41,78,64,71,158,69,64,74,20,43,83,97,42,21,60,27,39,20,15,39
Col1a2,44,31,47,119,79,31,116,136,33,48,76,49,85,38,57,42,65,134,75,23,23,66,92,21,31,62,36,74,77,45,102,40,38,63,22,31,48,60,35,39,61,22,29,32,41,29
Col20a1,5,2,1,5,1,3,4,2,5,5,3,13,2,5,5,4,3,3,3,0,0,0,1,3,6,6,2,4,5,5,2,2,2,4,3,2,1,1,2,1,3,2,2,5,1,1
Col23a1,1,0,2,4,2,2,1,0,1,0,2,0,3,1,1,0,2,0,0,0,1,1,1,2,1,1,0,0,6,2,4,1,3,2,1,4,1,1,2,1,1,0,2,1,1,0
Col27a1,296,109,155,206,148,198,321,246,178,313,236,268,175,180,279,395,253,46,459,342,97,33,403,179,236,373,198,384,215,215,191,261,333,198,247,227,98,248,376,203,409,305,179,232,239,206
Col3a1,38,28,22,110,68,41,133,127,28,36,70,47,63,19,61,37,66,127,81,28,33,53,68,23,29,53,35,88,87,57,101,51,26,49,30,41,64,108,36,28,60,36,43,25,47,53
Col4a1,49,18,33,76,70,47,87,83,63,41,84,66,60,43,48,62,76,153,66,49,23,97,63,28,41,51,34,51,51,79,102,31,34,51,33,55,40,43,29,25,47,25,39,30,20,39
Col4a2,55,32,45,66,73,71,102,97,97,61,77,85,81,48,55,78,90,139,71,48,34,90,102,42,87,85,52,51,84,80,80,39,54,47,61,42,50,85,61,36,91,40,77,43,47,66
Col4a3bp,156,81,122,188,112,114,149,139,175,135,169,195,128,140,164,183,192,194,154,150,65,244,169,101,116,123,97,121,194,171,133,90,105,103,141,148,119,122,101,78,186,142,133,79,118,133
Col4a5,1,2,0,8,7,2,4,3,7,1,1,3,4,0,2,1,5,10,3,2,1,8,7,0,5,8,0,6,9,2,4,1,8,0,2,2,5,5,5,2,4,3,1,1,5,2
Col5a1,10,9,22,36,17,11,20,28,10,16,25,16,15,10,16,17,27,31,13,13,17,29,24,10,16,19,11,21,20,21,19,12,16,14,12,11,16,15,15,5,20,9,19,13,8,15
Col5a3,71,42,73,110,55,84,107,105,67,61,143,101,82,77,93,120,73,52,79,72,37,100,114,82,122,108,50,82,113,68,107,117,141,92,113,113,100,84,100,95,164,100,108,83,70,107
Col6a1,4,8,7,18,9,15,19,15,11,18,15,15,19,7,14,8,11,17,16,7,1,18,10,7,9,5,2,15,11,12,6,5,15,9,4,9,9,9,9,4,8,4,8,6,5,12
Col6a2,19,8,11,23,15,9,23,31,8,10,25,13,11,4,11,9,18,36,19,5,4,19,22,12,13,9,18,22,28,10,9,14,12,12,7,13,11,23,10,3,15,9,14,8,17,20
Col6a3,9,4,10,17,21,4,19,14,12,17,7,13,15,11,12,8,20,42,15,14,6,22,14,3,17,11,7,16,17,15,8,3,9,4,5,4,17,16,4,9,16,3,10,5,9,16
Colec10,12,5,10,13,8,13,14,12,12,12,19,21,8,11,14,9,9,11,14,10,6,15,15,5,6,11,10,10,8,7,2,6,14,9,5,4,4,4,4,4,7,8,7,5,2,8
Colec11,182,82,141,310,143,135,233,240,153,198,297,277,214,161,226,220,285,315,221,97,86,441,232,98,204,165,108,187,308,195,113,123,147,120,135,160,178,178,166,75,248,126,202,123,131,156
Colec12,171,81,138,248,159,199,194,174,298,184,229,243,213,145,234,276,249,150,240,193,87,194,250,162,245,219,215,214,247,292,241,186,267,141,231,223,141,212,249,134,335,227,207,182,196,157
Colgalt1,261,99,241,353,245,267,254,266,401,228,307,421,292,245,257,340,355,550,263,222,78,514,334,193,270,251,212,277,304,267,391,215,241,230,268,245,178,227,238,149,325,245,232,178,197,195
Commd1,256,100,227,354,198,261,355,276,381,290,289,325,336,348,385,337,365,408,295,343,77,324,422,194,356,274,285,359,515,352,239,221,266,219,309,287,304,329,371,249,400,370,347,204,258,301
Commd10,34,19,24,49,45,26,44,46,41,31,40,62,39,26,50,42,37,64,34,38,21,53,56,21,44,42,30,40,54,34,44,22,38,29,38,45,28,43,26,21,50,33,54,29,29,29
Commd3,431,196,340,518,460,374,420,410,733,469,534,534,551,443,532,565,578,961,408,433,219,827,616,372,466,460,394,495,675,585,450,348,406,330,507,491,440,477,495,282,673,521,491,336,438,477
Commd4,205,93,249,406,216,186,280,262,334,240,313,281,293,199,247,312,268,338,204,181,87,319,242,151,323,246,204,234,309,287,308,206,264,209,268,280,230,238,272,178,370,283,288,192,260,251
Commd5,117,68,105,146,64,92,118,128,137,102,157,205,108,126,120,181,126,165,128,107,36,199,156,91,114,97,116,143,164,125,116,81,124,106,109,107,75,135,112,70,141,111,105,93,85,104
Commd6,198,104,168,318,206,217,242,213,283,201,252,273,260,220,254,250,253,266,196,219,112,223,304,170,258,234,206,283,268,284,164,192,264,158,238,260,219,217,249,155,325,234,222,191,218,220
Commd7,3,0,3,0,2,1,5,2,5,3,1,6,2,1,8,4,3,2,0,1,1,2,3,1,5,3,4,2,4,5,3,1,1,1,1,3,2,2,0,1,4,3,2,1,2,6
Commd9,112,62,132,167,93,124,147,148,200,126,178,185,107,125,136,145,196,203,136,161,49,200,141,85,134,115,133,166,155,168,136,104,142,100,133,123,121,126,119,74,188,107,114,101,101,95
Comt,3750,2051,3274,4617,2473,3711,5426,3711,3266,2854,4577,3655,2392,2236,3281,4419,3666,2535,3006,3431,1073,2887,4620,2135,3640,3191,3802,4414,3606,4872,2660,2668,3382,2269,3585,2797,1724,3881,3426,2163,4796,3189,3712,1944,2636,2390
Comtd1,1,0,1,2,1,1,0,0,1,1,3,0,1,0,1,3,0,5,0,2,0,8,0,1,0,0,0,1,0,0,0,2,2,1,1,0,1,1,0,0,0,1,0,0,1,1
Copa,368,161,264,448,317,302,358,319,522,337,423,573,310,334,368,489,481,719,346,347,134,537,453,247,268,412,305,387,443,393,322,240,373,188,369,309,286,331,299,252,500,333,385,265,295,306
Copb1,35,21,25,36,32,34,50,46,63,36,35,76,38,40,48,43,35,64,44,50,9,53,55,14,31,39,28,39,48,39,25,24,29,10,37,23,19,27,17,6,30,21,38,12,14,20
Copb2,312,147,278,373,323,292,315,324,481,271,407,514,310,297,368,413,411,733,381,333,113,478,400,207,258,264,277,330,323,361,254,238,302,199,274,233,188,319,242,184,390,254,247,172,236,224
Cope,997,490,1014,1382,1042,1035,1332,1248,1271,884,1201,1560,1076,834,1134,1155,1330,1947,1035,904,361,1638,1029,679,1073,1078,998,1014,1227,1115,966,704,935,730,1069,831,813,1081,1069,654,1494,926,977,751,858,881
Copg1,101,40,69,104,65,110,121,100,169,92,118,196,86,88,113,127,122,119,103,101,22,110,135,69,81,123,95,106,134,99,82,82,104,51,102,69,90,90,91,69,140,92,82,46,68,71
Copg2,41,29,57,83,57,39,54,60,74,44,66,66,74,43,64,54,72,82,58,47,27,72,85,48,70,60,50,56,82,57,71,44,65,45,61,55,43,67,55,36,83,55,56,43,60,52
Coprs,38,16,27,43,27,36,28,29,42,28,33,42,37,26,32,43,47,57,31,31,15,75,32,15,33,36,21,36,49,36,32,22,29,22,31,25,19,39,19,13,43,24,23,18,26,36
Cops2,24,9,18,30,16,15,17,17,30,15,25,41,25,25,30,34,25,25,20,15,14,33,22,10,22,13,11,21,24,27,8,16,17,7,16,11,15,17,10,6,19,11,11,12,6,19
Cops3,167,74,139,195,111,145,152,138,202,143,167,207,162,137,187,188,166,197,141,135,48,192,205,114,162,136,147,161,192,164,115,100,134,99,155,120,115,126,182,99,228,128,148,88,111,124
Cops4,151,55,149,213,149,175,194,186,252,162,199,236,186,172,154,220,241,303,148,160,52,236,228,128,183,209,164,175,242,215,179,125,136,145,194,210,182,166,196,133,251,222,206,136,172,196
Cops5,173,73,137,285,166,183,201,237,313,229,204,297,226,191,245,260,181,364,201,203,78,363,333,144,275,174,166,241,346,304,244,175,196,110,250,244,202,241,246,159,282,249,203,126,193,219
Cops6,204,108,151,297,147,180,228,176,309,219,230,263,280,218,247,279,250,247,231,234,66,260,278,141,209,194,185,230,249,251,176,171,174,195,261,232,178,222,215,121,261,226,248,154,163,219
Cops7a,361,187,318,532,366,379,384,388,494,338,479,540,409,382,451,450,501,836,372,376,181,692,463,300,409,393,346,436,532,463,408,310,389,297,441,386,366,399,436,243,547,439,378,303,358,345
Cops7b,38,14,45,47,15,29,44,29,36,36,58,47,35,42,41,66,55,38,37,36,10,39,38,25,19,39,26,51,38,35,25,33,48,25,41,29,30,41,33,21,54,39,45,14,31,30
Cops8,150,59,100,191,109,133,127,141,184,128,201,218,136,118,147,176,201,203,146,124,70,220,157,123,129,122,137,172,176,161,174,106,125,120,143,123,100,131,140,84,174,127,127,100,117,135
Copz1,759,302,641,877,660,727,864,756,917,621,784,940,742,571,807,821,735,838,708,753,279,677,1000,557,698,814,792,790,997,898,704,543,756,508,842,792,646,801,762,481,978,734,773,596,685,678
Copz2,96,60,83,118,60,74,105,99,102,93,116,125,60,102,108,108,111,108,85,80,27,122,124,83,87,75,107,92,156,71,124,65,126,96,91,131,78,109,98,48,126,86,92,84,76,57
Coq10a,110,36,86,134,51,101,105,85,97,104,123,106,115,112,136,144,94,94,86,101,27,134,136,61,88,104,116,98,104,96,76,52,67,79,94,107,62,101,100,59,135,101,99,48,94,102
Coq10b,50,41,42,129,51,49,62,49,60,65,76,102,50,51,79,99,64,62,54,46,27,88,69,39,50,67,61,76,70,90,47,49,39,23,62,57,61,54,68,45,76,73,79,47,38,74
Coq2,187,90,157,270,188,194,272,223,221,211,247,273,214,176,218,221,261,296,196,180,97,296,211,135,217,188,194,226,269,237,249,161,221,187,188,193,180,205,182,134,285,213,197,140,155,161
Coq3,9,3,9,13,11,15,17,12,21,12,26,22,6,16,12,16,17,16,17,11,6,10,7,8,15,13,16,17,17,13,10,9,11,7,10,7,12,12,14,10,20,9,5,13,17,16
Coq4,33,25,31,47,27,47,49,57,47,39,48,54,42,42,49,63,55,63,40,43,14,72,50,26,58,42,32,59,64,50,56,26,43,35,49,51,33,54,49,41,73,52,47,35,38,35
Coq5,162,58,105,197,105,132,182,134,134,152,179,181,141,102,147,164,163,163,148,132,53,162,148,78,137,129,137,144,170,134,126,120,152,100,148,152,125,124,188,80,205,158,153,108,122,126
Coq6,62,56,94,137,86,89,123,123,107,95,98,126,102,102,118,138,132,141,99,106,47,122,125,79,110,110,82,113,140,117,76,85,97,81,125,113,63,102,102,64,126,107,120,78,90,88
Coq7,200,98,187,269,147,200,282,252,234,227,228,282,256,187,244,258,222,581,198,241,74,594,337,185,236,249,220,246,387,299,392,187,190,232,239,280,236,305,313,204,392,291,291,169,246,281
Coq9,457,215,431,760,467,559,613,509,647,537,634,636,532,498,578,697,684,745,521,435,225,824,741,418,605,549,442,616,846,677,466,491,592,460,606,597,571,539,624,359,759,572,637,441,539,548
Coro1a,57,33,67,175,69,59,117,109,51,49,100,97,68,27,77,77,83,133,61,45,29,125,79,35,94,48,89,41,87,60,265,45,46,112,27,54,69,66,48,25,47,47,63,35,44,52
Coro1b,389,214,371,635,349,440,481,564,465,345,577,462,411,320,498,560,575,599,426,395,153,564,389,290,463,365,349,469,543,507,507,329,382,330,324,316,316,421,440,249,461,380,441,329,371,329
Coro1c,135,65,111,225,146,91,168,152,172,136,186,195,130,112,131,184,214,356,139,126,63,317,150,73,122,123,159,130,134,146,172,84,115,89,129,100,108,141,145,73,167,114,123,110,106,121
Coro2a,3,2,1,15,5,6,10,2,9,3,11,5,7,2,8,10,8,14,3,7,4,15,5,5,4,1,4,8,7,6,18,6,2,1,1,7,2,3,4,4,6,5,8,6,4,3
Coro2b,6,12,3,16,5,12,17,13,7,12,12,14,15,9,14,20,11,14,10,6,4,14,5,7,8,10,9,12,19,13,12,8,11,9,13,10,8,12,14,6,20,7,11,7,2,17
Coro7,48,28,55,98,61,53,68,84,99,61,88,95,85,68,76,55,74,89,62,57,32,83,72,55,86,74,71,69,69,94,88,53,64,57,59,76,50,66,75,42,100,63,76,71,71,68
Cotl1,110,63,110,220,138,98,196,201,129,82,147,149,114,70,143,130,150,259,95,108,47,243,171,82,151,114,128,85,206,144,408,84,102,129,101,115,94,128,124,61,123,118,139,72,76,118
Cox10,45,23,41,67,46,45,58,49,83,63,68,81,73,56,64,78,70,82,57,67,19,110,73,54,58,46,66,65,75,53,46,55,61,50,42,59,50,57,52,49,106,76,50,59,64,58
Cox11,11,3,9,12,13,12,12,17,16,14,15,17,14,7,19,17,11,20,16,13,6,15,19,11,11,10,9,19,24,20,12,13,9,6,15,15,11,11,11,13,19,11,12,18,14,11
Cox14,300,136,241,356,257,308,342,341,403,311,341,429,335,296,348,401,399,481,315,283,132,452,447,212,373,311,318,351,452,409,339,255,333,290,323,385,286,337,373,201,517,361,337,273,285,297
Cox16,42,14,31,62,46,35,56,33,38,46,68,51,40,39,51,61,61,62,49,54,21,65,32,37,33,38,37,41,51,57,32,33,53,31,34,45,31,25,44,27,58,31,36,40,47,55
Cox17,523,268,484,856,505,647,746,571,715,522,721,645,615,529,743,602,749,677,580,552,306,664,609,501,752,602,384,562,700,860,611,489,775,491,609,560,591,507,663,333,824,601,526,574,600,599
Cox18,46,33,57,75,58,68,64,67,66,53,97,98,73,57,91,48,65,73,59,55,27,81,81,55,86,73,64,92,87,88,52,70,90,55,71,67,49,76,113,38,108,67,76,60,64,70
Cox19,228,120,222,338,147,239,251,241,253,204,308,283,251,257,252,311,302,359,245,228,91,324,357,188,310,268,225,299,314,292,331,257,284,231,283,308,228,340,297,205,406,306,307,225,297,245
Cox20,112,70,129,186,170,127,169,118,191,138,155,160,157,134,165,128,166,208,151,163,79,319,179,132,205,150,104,152,209,186,112,122,198,97,149,197,186,141,155,74,230,144,174,152,164,115
Cox4i1,4952,2525,4506,6818,4279,5024,5480,4957,6585,5131,6572,5883,5748,5589,5771,7365,7335,7757,5583,4915,2234,9105,6311,4325,5899,5623,4686,5485,7430,6221,5025,4016,5911,3680,6117,6149,5439,5596,6406,3568,7760,5981,5731,4715,5752,5297
Cox5a,1501,759,1345,2389,1873,1684,1940,1943,2708,1879,1825,2106,2204,2148,2394,2541,2156,2619,1680,1987,942,3606,2686,1533,2225,2260,1648,2147,2743,2799,1897,1559,2293,1367,2221,2313,2283,2077,2451,1264,3453,2494,2047,1777,2071,2347
Cox5b,1712,929,1725,2390,1345,2011,2438,2349,2621,1918,2264,2481,2352,2250,2594,2317,2145,2715,2008,1919,613,3282,2237,1796,2181,1968,1724,2440,3098,2438,1998,1739,2000,1710,2354,2187,1921,2241,2352,1634,2914,2399,2136,1636,2065,2138
Cox6a1,4892,2611,4400,6992,4417,5675,6080,5760,6162,5053,6548,6271,5799,5327,6294,7188,6884,7618,5805,4764,2439,8786,6998,4360,6171,6109,4599,6535,7675,6783,5120,4861,6301,4270,6417,6367,5119,6012,6342,3718,7583,6161,5640,4774,5372,5434
Cox6a2,0,0,0,3,1,0,3,1,0,0,1,1,0,0,1,3,8,16,1,0,0,7,1,1,6,0,2,0,0,0,3,0,1,4,0,0,1,0,1,1,0,1,0,0,0,1
Cox6b1,2040,1112,1813,2796,1474,2241,2665,2088,2325,2223,2631,2544,2509,2485,2636,2650,2481,2401,2498,2069,736,2887,2751,1775,2559,2347,1930,2441,3296,2648,1879,1802,2514,1922,2547,2580,2108,2355,2634,1668,3240,2469,2344,1861,2211,2379
Cox6b2,3,2,2,12,1,6,3,4,2,4,4,3,3,4,4,6,4,2,3,4,3,5,2,0,1,1,1,2,3,3,1,2,3,2,2,4,4,2,2,3,2,2,3,0,1,2
Cox6c,1621,955,1463,2230,1802,1764,1985,1617,1921,1940,2623,2105,1842,1951,2273,1833,2076,2314,2264,1834,789,3038,2291,1377,1935,1674,1757,2019,2364,2384,1529,1562,2882,1346,1990,2151,1850,1808,2175,1243,3273,2128,1904,1996,2027,1824
Cox7a1,58,59,52,85,40,25,99,60,43,81,65,61,81,79,79,69,74,36,69,62,26,77,95,41,65,59,28,77,65,40,18,39,83,50,66,55,58,61,72,27,66,60,47,58,62,71
Cox7a2,1029,534,835,1187,905,961,1134,1008,1149,966,1161,1098,1245,912,1134,1141,1133,1499,1433,994,533,1322,1374,626,1149,927,857,1038,1252,1299,739,833,1126,586,841,893,940,896,986,558,1306,950,802,706,901,853
Cox7a2l,335,128,209,557,397,352,381,257,573,305,457,347,385,269,437,368,533,555,348,364,150,654,410,193,384,287,323,405,371,391,265,217,398,206,290,278,283,294,381,178,494,289,287,297,297,309
Cox7b,823,474,836,1228,639,831,1242,1071,1266,1041,1075,1294,1203,1247,1247,1008,856,1386,1100,1075,331,1638,1466,900,1146,917,878,1091,1499,1072,718,929,1190,785,1194,1400,986,1122,1078,810,1313,1237,1137,787,1197,1081
Cox7c,1844,1140,1753,2979,1750,2112,2802,2021,2249,1935,3079,2512,2373,2008,2806,2568,2630,2690,2484,2114,1006,3543,2486,1995,2412,2032,1750,2192,2669,2750,1694,1900,3062,1824,2197,2591,2212,1991,2431,1315,3401,2294,2120,2352,2338,2177
Cox8a,726,517,679,1191,576,912,1040,776,1053,1010,1355,1231,927,954,1085,1046,981,805,1209,824,318,1256,993,659,894,739,938,1048,1150,1110,696,739,1179,871,853,994,744,854,1133,564,1214,1027,825,688,892,971
Cp,1363,711,1214,2257,2410,1353,1439,1052,6003,1249,1788,3871,1350,1161,1448,1536,1487,1750,1262,1405,425,1281,1388,639,1228,1206,1653,1122,1340,1358,1079,889,951,723,907,596,752,1021,620,520,1136,871,789,487,609,742
Cpb2,467,283,726,738,1458,657,864,900,2727,607,766,1505,804,795,802,772,669,772,654,816,300,847,1017,579,1079,961,941,666,1224,1069,875,499,718,384,766,631,705,823,648,577,1153,785,569,532,669,643
Cpd,0,1,0,4,1,1,1,1,0,3,6,2,1,1,1,3,2,1,3,2,1,0,1,0,2,3,7,2,5,2,3,2,0,1,0,3,2,1,4,0,0,0,2,1,1,0
Cpe,2,0,1,4,2,3,1,5,5,7,1,2,6,3,5,4,5,12,2,2,6,3,6,1,1,6,4,6,5,5,2,2,9,1,2,1,1,1,6,2,4,0,2,6,1,5
Cpeb1,4,2,10,21,13,10,13,16,16,9,11,19,8,7,14,17,21,28,7,14,2,39,13,8,3,4,13,14,18,18,21,14,18,3,19,7,14,5,10,12,20,12,22,12,10,7
Cpeb2,5,1,1,9,8,3,0,3,11,8,7,10,7,3,3,17,9,9,4,4,1,12,8,3,6,5,3,14,9,1,2,5,4,0,6,6,4,7,3,4,4,5,2,5,2,6
Cpeb3,37,17,27,45,37,43,38,31,25,25,35,30,38,41,32,45,54,46,29,25,16,50,36,24,22,31,27,37,40,49,39,22,37,20,26,34,33,30,32,21,44,31,32,19,26,19
Cpeb4,102,46,71,156,62,111,85,60,98,111,135,111,100,96,128,110,130,73,115,71,25,104,102,43,66,69,105,114,111,107,55,60,83,39,94,75,60,97,75,30,122,67,82,56,59,67
Cped1,5,0,3,7,1,2,2,1,3,3,6,2,3,0,1,1,3,5,4,2,3,4,1,1,0,1,3,2,5,4,3,1,1,2,3,0,4,3,0,0,2,3,1,1,1,2
Cplx2,1,3,6,11,7,8,6,8,3,6,9,5,11,5,14,14,6,11,4,5,0,7,0,3,4,9,7,3,11,5,11,7,4,3,5,12,5,8,6,3,2,10,7,6,5,4
Cpm,3,0,2,0,2,4,2,3,3,1,3,1,7,1,1,0,0,8,1,2,2,3,5,2,0,3,1,3,1,5,1,0,1,2,2,0,4,3,1,1,1,3,5,2,3,1
Cpn1,1110,526,1073,1605,834,1159,1390,1214,1606,1188,1372,1670,1196,1024,1287,1573,1311,966,1136,1014,311,1090,1362,905,1241,1196,866,1321,1515,1319,976,1007,1181,1104,1411,1338,1067,1372,1280,851,1640,1247,1167,1011,1129,1164
Cpn2,915,334,902,1239,1211,1163,938,802,2186,863,1272,1376,1141,939,1150,1402,1220,598,750,1007,427,954,1167,736,1248,1294,1194,1051,1521,1434,729,619,947,556,1178,838,993,925,1181,566,1605,1038,1056,757,773,933
Cpne1,33,17,26,55,48,40,52,34,54,43,53,63,49,39,50,59,48,51,41,34,21,82,44,28,29,41,39,48,63,43,44,26,47,10,33,27,32,37,24,21,47,33,40,34,31,24
Cpne2,47,29,41,60,59,42,63,46,86,55,77,62,46,46,60,63,79,59,63,56,13,60,61,17,48,64,44,42,36,42,49,29,39,42,48,33,31,62,43,27,70,39,37,28,35,37
Cpne3,25,14,35,26,29,42,38,15,76,47,54,75,34,36,51,35,35,21,41,29,15,30,68,22,41,26,33,46,65,61,13,14,35,11,21,24,24,50,20,21,59,40,27,14,29,37
Cpne8,3,14,17,14,14,5,13,11,26,6,26,16,3,4,7,17,18,14,13,6,2,16,14,2,12,15,6,10,9,13,3,6,9,4,7,3,4,3,5,5,26,12,8,4,4,6
Cpox,461,247,466,800,440,700,529,514,564,555,713,612,735,599,741,559,748,577,455,532,280,662,580,430,511,514,416,632,579,649,439,424,659,381,619,548,435,514,722,325,699,501,563,510,525,416
Cpped1,195,106,183,233,115,163,199,132,294,224,205,266,208,215,273,254,227,175,172,202,59,179,272,175,218,219,189,261,326,216,142,173,175,157,230,219,203,214,202,140,279,224,196,165,166,231
Cpq,239,121,285,414,264,253,311,240,447,229,308,365,297,280,323,339,367,233,266,258,104,280,358,212,277,329,270,316,404,359,339,195,269,203,261,303,268,311,294,162,397,291,324,204,271,286
Cps1,2036,1286,1923,3301,2991,2607,3024,2683,5667,3292,1868,3985,4632,4451,3146,2683,1707,2701,2033,2288,1020,6631,4695,2623,4252,4032,3083,3038,6391,3659,1084,1614,2562,1612,2741,2354,3581,2860,3065,2362,4867,3587,2953,2205,3162,3557
Cpsf1,189,105,134,228,147,154,188,188,174,176,256,216,174,145,220,241,171,249,159,160,52,220,206,92,169,188,147,169,198,203,165,93,190,135,180,152,129,135,168,109,242,154,178,129,159,146
Cpsf2,12,4,17,13,12,10,21,19,23,7,13,25,13,6,14,7,8,10,14,9,10,13,13,2,14,11,17,13,14,19,17,4,10,10,12,9,12,8,16,6,17,9,15,6,16,13
Cpsf3,194,108,195,281,185,204,271,257,335,210,278,283,243,176,236,248,256,300,207,222,71,277,233,144,179,218,229,220,304,223,223,152,214,138,195,157,179,204,224,131,263,209,206,142,208,203
Cpsf3l,85,46,70,117,98,88,110,88,107,91,125,132,85,83,93,117,112,176,78,67,28,120,115,63,105,89,86,105,128,91,110,70,86,65,113,68,82,81,93,59,131,86,79,78,59,107
Cpsf4,110,59,93,194,97,119,119,98,170,89,175,118,124,86,90,157,117,120,104,93,33,180,118,83,117,115,94,109,162,113,76,82,76,72,116,107,76,113,102,55,143,75,98,80,87,98
Cpsf4l,23,6,25,40,8,17,18,16,46,21,40,21,41,32,26,39,24,18,12,17,2,32,37,14,36,25,13,22,30,26,11,19,28,18,42,19,11,23,17,12,39,32,26,19,27,17
Cpsf6,0,1,0,2,5,4,3,3,2,7,6,0,4,2,1,3,3,1,0,1,0,3,2,0,1,0,1,1,4,2,0,3,2,1,2,1,0,1,4,3,5,3,1,0,2,6
Cpsf7,59,34,48,84,44,50,65,56,78,61,100,74,54,53,66,78,56,77,52,53,21,104,58,34,49,48,57,51,64,57,44,33,47,26,51,36,45,43,37,21,61,51,42,33,33,52
Cpt1a,651,311,636,1267,613,934,688,584,814,659,1025,662,805,634,981,915,1134,1707,697,607,324,1582,768,306,621,707,561,717,1081,901,545,613,711,415,606,566,592,636,726,379,760,663,689,452,541,572
Cpt1c,3,4,0,3,2,1,4,2,3,4,2,7,5,5,4,5,4,4,4,4,0,4,8,2,0,6,2,4,6,4,3,1,4,3,3,5,0,6,5,3,0,0,4,1,2,4
Cpt2,737,334,613,1013,466,945,687,780,720,755,1011,863,910,876,966,1113,1155,1260,753,737,420,1305,947,577,803,741,650,1000,1002,959,819,702,914,594,1015,854,658,852,1038,519,1179,950,810,695,807,707
Cptp,68,39,70,109,62,62,95,92,124,64,87,142,80,100,82,91,90,103,89,81,31,105,106,66,88,82,78,89,85,103,78,61,62,62,80,77,53,87,90,55,129,81,82,60,45,54
Cpxm1,6,1,7,16,5,5,10,20,9,8,18,3,15,6,10,11,10,17,18,13,8,9,18,2,7,8,10,12,18,8,12,10,18,14,7,8,9,22,2,2,9,7,11,7,4,11
Cpz,4,1,1,2,2,0,5,4,3,3,6,3,2,2,2,7,5,5,6,2,1,4,3,1,5,1,2,4,6,2,4,3,1,4,0,4,2,3,1,0,6,0,1,2,2,4
Cr1l,103,35,93,143,94,102,126,105,161,108,106,159,147,100,148,105,123,155,113,126,36,140,155,82,125,116,85,115,182,129,86,82,92,64,88,97,77,123,88,73,152,106,110,76,73,96
Cracr2b,7,1,3,12,11,13,10,10,15,16,18,11,24,6,19,21,12,20,17,6,4,11,7,9,10,15,7,7,10,22,3,8,7,9,4,8,9,16,8,12,16,9,12,4,7,10
Cradd,92,32,71,99,60,90,114,83,112,88,112,96,99,77,96,130,123,99,83,79,30,103,104,66,111,90,69,115,123,102,76,84,90,66,84,89,94,88,79,45,98,85,93,54,92,69
Cramp1l,38,24,48,78,31,32,42,62,41,56,57,65,47,37,44,50,40,47,54,36,18,71,44,29,38,43,29,38,59,56,37,27,43,16,27,31,35,25,28,20,48,36,45,36,28,30
Crat,12,6,6,24,7,5,8,10,10,10,15,8,12,12,18,21,15,10,13,5,0,22,7,3,6,4,4,11,7,9,13,5,14,11,7,11,8,12,8,7,6,4,10,4,6,3
Crb3,105,68,118,142,104,125,134,128,159,105,118,167,111,93,123,125,140,177,105,108,50,148,171,74,129,133,101,158,194,159,109,71,113,84,118,122,123,131,158,69,181,120,121,106,111,105
Crbn,3,3,4,6,2,1,1,4,3,5,10,1,2,5,4,4,5,4,10,2,1,5,3,4,3,4,7,4,6,7,2,1,6,1,7,3,2,7,3,0,4,2,3,1,1,3
Crcp,78,54,100,139,77,74,135,88,172,92,99,125,144,138,142,117,111,142,75,94,32,186,113,69,103,98,112,124,147,122,85,103,85,83,120,93,95,93,104,55,144,89,103,76,101,108
Creb3,107,73,118,165,115,145,135,128,181,141,148,209,173,150,167,197,205,260,118,159,57,228,147,92,141,130,124,123,159,139,166,105,127,88,133,109,107,145,148,89,184,124,130,83,115,107
Creb3l1,12,5,8,22,6,10,12,13,9,8,17,11,14,2,9,13,10,19,14,12,1,10,13,6,5,8,7,12,13,15,9,11,8,14,4,7,6,21,7,3,15,9,7,9,6,7
Creb3l2,4,7,2,2,1,3,7,7,9,1,6,10,5,9,8,5,4,9,5,7,1,11,8,2,7,2,10,0,5,2,4,6,5,3,0,5,1,5,3,4,1,8,1,1,0,5
Creb3l3,1442,815,1549,2607,1232,1859,1349,1422,1802,1437,2095,1858,2123,1848,2194,2301,2152,2396,1354,1403,613,2649,1814,1158,1753,1761,1440,2019,1911,2224,1129,1345,1565,1266,2016,1596,1454,1605,1915,1163,2562,2092,1693,1397,1659,1506
Creb3l4,2,1,2,6,2,3,0,4,3,0,1,1,2,1,2,1,1,0,0,1,0,5,1,2,1,1,0,0,4,0,0,0,3,1,0,0,1,2,1,1,0,2,0,1,0,1
Crebl2,9,4,6,4,0,3,4,2,5,6,3,10,4,2,5,4,5,11,5,4,2,2,7,2,1,2,6,4,1,1,2,8,2,2,4,1,4,3,5,2,3,3,1,2,3,5
Crebrf,9,0,3,18,0,3,5,0,9,10,10,2,11,2,4,15,10,1,13,5,0,1,5,1,2,6,2,10,10,10,0,8,7,7,9,3,5,12,5,4,10,9,9,6,5,6
Crebzf,31,24,32,60,36,53,64,39,59,36,51,73,39,35,56,52,40,43,42,31,19,44,55,25,46,37,37,36,51,41,27,25,39,28,41,29,32,28,35,22,57,48,35,14,35,28
Creg1,938,462,716,1602,622,875,1210,806,639,1020,1484,978,1138,1037,1195,1648,1793,2100,1097,913,524,3029,1280,639,770,858,653,1083,1221,856,1469,668,1256,819,1116,1275,829,804,937,427,1379,867,949,781,778,790
Creld1,247,111,208,286,163,231,236,215,226,231,286,294,200,165,270,316,339,216,224,204,78,164,253,164,225,187,187,315,247,253,260,219,252,168,326,254,206,249,254,142,316,231,261,168,197,218
Creld2,189,99,192,141,234,335,150,174,615,190,225,1267,144,129,241,284,315,191,216,273,112,128,164,76,185,174,299,946,156,268,329,197,210,121,241,129,167,171,248,91,477,161,153,103,132,136
Crem,55,16,38,70,44,41,56,50,58,38,60,59,46,45,48,65,40,44,44,40,22,39,67,29,45,47,39,44,61,71,27,18,43,20,31,38,38,44,37,27,49,50,55,29,36,38
Crim1,29,8,17,36,17,18,20,14,20,15,21,28,27,15,17,33,17,39,13,27,8,39,16,11,19,16,17,12,30,27,18,12,24,8,11,6,11,9,21,8,15,10,11,8,11,8
Crip1,79,64,58,161,100,70,117,130,86,66,86,73,80,39,92,81,90,183,79,58,32,164,106,51,92,60,85,115,114,108,255,57,59,101,37,61,73,75,49,44,71,63,79,47,47,90
Crip2,426,234,475,544,516,579,451,389,708,438,610,672,578,502,539,496,616,918,356,506,183,910,519,285,385,424,455,464,588,448,337,265,427,289,425,262,333,420,489,217,561,431,440,291,319,351
Crip3,8,0,2,6,3,9,2,8,10,8,5,6,9,4,3,7,3,7,1,5,1,6,5,4,3,1,4,7,7,0,3,6,2,2,7,2,2,5,6,0,8,8,7,2,4,3
Cript,80,31,64,112,63,61,93,84,127,103,99,109,122,97,122,97,95,107,84,95,29,115,111,61,89,97,72,109,120,104,69,73,96,50,121,102,84,78,93,67,105,106,111,54,92,80
Crispld2,2,3,1,6,3,7,7,5,8,2,2,9,5,1,4,7,4,10,3,2,1,7,13,2,4,8,2,4,4,4,4,3,4,4,3,3,1,4,2,1,4,2,2,3,2,4
Crk,9,2,2,10,3,1,4,2,2,9,8,4,3,4,4,4,4,1,6,4,0,6,5,2,6,3,3,5,3,6,3,0,6,2,3,4,1,4,5,1,4,3,6,0,2,5
Crkl,93,53,86,124,54,89,102,78,115,88,112,138,74,80,84,113,93,93,101,64,36,105,114,69,83,86,76,74,96,89,55,54,90,48,53,72,61,74,65,58,96,57,59,57,64,62
Crlf2,139,63,100,194,156,91,153,151,202,103,175,218,125,108,137,172,178,203,147,103,41,173,156,75,170,157,145,116,134,154,193,71,99,107,123,103,129,121,83,63,192,105,83,81,96,100
Crlf3,36,13,35,57,32,26,48,36,40,48,66,62,55,46,57,56,41,35,39,29,12,54,44,30,39,33,35,41,47,48,44,16,36,21,22,29,25,39,26,18,36,38,33,30,24,27
Crls1,154,96,138,232,145,143,142,148,180,166,145,263,156,198,182,220,209,289,140,136,81,374,200,117,102,116,121,163,184,167,127,121,111,81,147,130,138,150,156,61,135,132,135,87,105,140
Crnkl1,26,12,32,42,33,37,34,17,50,21,37,46,35,25,29,17,38,49,31,25,17,38,36,20,36,49,19,33,34,25,38,21,34,22,29,22,23,30,43,12,39,29,22,35,26,19
Crocc,6,1,8,8,6,5,7,11,5,4,5,10,7,2,4,7,5,6,5,4,4,12,12,5,5,7,3,6,6,6,6,3,10,9,5,4,6,10,7,6,7,5,12,0,4,8
Crot,865,308,703,1415,508,909,615,533,648,776,1226,658,602,633,1071,1170,1495,848,898,805,438,1078,605,318,529,569,523,723,949,1001,500,524,616,261,711,496,461,526,642,293,650,566,588,438,472,486
Crp,849,542,1154,1343,1630,1409,1240,986,3495,1442,1298,2194,1429,1492,1475,1514,1442,641,1164,1316,525,937,1647,790,1287,1431,1432,1494,1894,1644,1025,842,1091,560,1475,1119,1137,1278,1229,707,1678,1412,1372,877,1133,1243
Crtap,7,7,6,20,11,7,13,11,20,11,22,21,9,10,9,10,13,19,5,12,6,17,8,6,7,19,3,7,22,4,8,13,13,7,9,5,8,11,5,3,13,9,10,2,3,16
Crtc1,17,19,26,26,21,15,38,31,33,15,28,31,30,27,29,25,23,37,28,35,4,46,26,15,30,21,32,22,40,40,22,14,26,27,23,23,13,21,25,20,47,19,29,13,17,30
Crtc2,139,70,130,223,89,135,115,116,148,134,185,142,189,104,144,234,182,168,149,96,38,253,157,75,138,157,103,123,171,166,127,100,124,100,123,157,116,113,136,72,183,112,135,106,86,125
Crtc3,49,21,46,68,39,49,48,40,74,54,62,74,61,45,48,69,67,65,36,38,20,76,44,40,58,52,46,55,72,69,38,34,34,25,37,34,34,48,50,30,51,45,31,30,41,37
Cry1,46,43,39,59,47,81,71,61,108,63,48,126,92,90,87,73,84,76,70,52,24,99,103,47,65,61,93,64,85,65,46,57,65,55,63,45,50,61,71,33,112,75,55,38,67,65
Cry2,172,77,143,286,166,173,170,184,236,183,230,207,212,181,172,267,253,212,185,130,62,330,206,122,198,239,189,161,249,180,147,117,147,101,196,123,141,170,173,114,340,161,166,160,167,163
Cryab,23,15,24,30,29,32,46,47,37,23,49,47,38,16,21,22,27,48,29,23,10,39,39,19,34,27,26,44,35,46,33,21,26,30,21,23,24,39,31,20,47,28,25,29,20,22
Cryba4,1,1,1,7,3,2,5,5,2,1,3,0,5,1,3,5,3,2,1,3,0,3,3,3,1,0,4,4,3,2,1,1,1,3,1,1,1,6,2,0,1,2,5,1,1,2
Crybb3,1,0,7,2,13,4,5,9,24,6,5,11,3,2,3,2,1,2,1,7,0,1,3,1,5,6,7,1,0,5,1,0,5,3,7,0,4,2,2,2,5,2,2,1,2,0
Crygn,18,18,23,24,14,17,21,13,13,14,54,27,26,25,11,14,21,15,35,41,6,7,18,27,32,30,16,17,14,17,24,27,30,26,16,25,8,42,40,18,28,23,15,13,12,10
Cryl1,95,53,78,135,39,64,99,103,79,106,86,111,87,102,130,129,175,209,92,90,20,302,102,104,118,105,70,145,212,122,148,147,112,92,91,169,129,116,114,76,134,167,122,80,110,139
Crym,11,1,9,15,16,3,4,13,28,6,7,14,15,12,5,11,10,66,10,6,3,26,10,4,13,12,3,6,6,11,6,3,8,7,5,7,7,6,7,3,8,6,5,4,5,7
Cryz,372,163,349,459,340,408,389,388,482,357,531,409,446,348,443,503,548,633,462,360,197,756,481,294,410,448,314,411,542,527,453,361,457,353,508,465,372,385,440,240,669,384,432,315,373,386
Cryzl1,24,19,30,72,34,36,45,30,58,35,58,68,45,37,42,44,62,78,49,29,16,101,45,24,43,36,37,45,65,42,40,22,39,21,34,35,46,41,35,31,38,36,43,22,19,32
Cs,325,156,275,469,305,252,443,486,387,358,318,412,410,349,402,402,347,490,373,340,153,525,611,341,392,418,322,425,464,420,351,244,386,341,374,419,280,418,378,303,580,371,426,255,352,377
Csad,4506,1759,1559,3236,955,1159,2866,2030,898,2390,4284,2778,2254,2076,2176,5546,5482,1377,5404,3133,1619,2924,3155,534,878,1978,322,2382,856,623,1335,1716,2255,1567,2433,1991,2590,2255,1726,1004,2146,1165,1116,1339,791,1398
Csde1,350,173,287,443,292,348,382,321,391,401,466,456,404,381,389,411,404,386,369,318,153,478,412,266,334,316,310,352,415,378,280,246,349,243,348,380,273,307,356,189,507,367,313,295,316,320
Cse1l,81,40,66,101,77,65,82,70,81,77,80,120,77,66,81,81,97,97,91,61,46,110,99,60,80,83,71,81,96,85,55,69,72,39,67,61,67,56,72,50,100,81,79,58,57,54
Csf1,68,52,83,97,98,78,129,142,112,80,132,177,95,77,101,47,90,98,58,70,34,91,98,56,100,93,94,56,90,78,119,36,55,49,64,45,70,76,62,31,83,66,71,59,47,59
Csf1r,177,155,272,468,276,221,453,521,322,234,441,481,260,178,358,286,332,303,228,228,102,334,286,205,343,254,392,181,247,396,581,184,172,267,146,189,169,285,205,118,247,276,287,175,151,253
Csf2ra,13,14,16,31,18,18,43,27,15,9,29,28,15,6,26,19,15,42,14,9,9,27,27,19,28,17,24,17,12,31,47,14,9,19,9,14,18,21,9,9,8,14,15,17,7,4
Csf2rb,19,13,19,52,35,31,49,50,50,16,39,47,26,19,29,23,24,55,16,18,14,51,29,15,43,31,25,17,32,48,115,16,32,27,11,25,19,34,15,15,36,23,35,17,17,27
Csf2rb2,4,2,7,14,20,2,10,10,12,6,11,16,6,2,9,6,8,16,5,7,5,18,8,3,8,5,13,6,5,11,22,4,3,4,7,2,2,5,1,3,5,5,8,2,4,2
Csf3r,1,4,11,14,12,10,15,11,10,6,12,17,7,2,15,8,13,16,5,3,4,12,5,2,7,2,4,8,8,10,40,3,1,6,4,8,1,4,4,1,7,4,6,2,4,4
Csgalnact1,0,2,1,0,1,1,1,1,0,1,1,0,2,1,0,3,0,1,1,0,0,1,2,0,0,2,2,1,2,6,1,1,2,2,0,2,2,4,1,0,0,2,2,1,0,2
Csgalnact2,12,7,7,12,13,6,13,10,12,8,10,15,8,12,10,12,10,24,12,12,4,27,8,5,13,11,12,11,13,13,7,9,6,5,11,15,12,5,12,7,8,4,9,8,9,11
Csk,332,142,282,526,314,384,425,377,379,344,440,347,336,304,368,449,449,338,388,356,126,389,360,211,372,333,339,366,494,411,389,271,351,305,337,281,307,347,307,226,537,291,379,267,300,319
Csnk1a1,88,46,79,118,88,78,85,87,137,75,90,116,98,77,96,119,90,167,85,88,34,152,146,68,106,88,79,102,120,113,85,54,66,58,57,81,89,70,65,54,127,80,111,54,72,66
Csnk1d,254,147,241,418,240,237,324,301,363,204,356,336,300,241,281,383,348,493,256,191,142,436,310,229,314,292,233,256,303,294,302,167,233,214,259,232,194,255,262,153,400,253,266,220,207,232
Csnk1e,25,15,24,54,28,24,39,36,28,26,40,29,43,13,32,34,42,68,24,16,11,70,29,15,30,23,22,31,31,27,34,24,19,28,11,21,26,28,19,16,41,13,23,16,23,29
Csnk1g1,6,6,10,15,14,7,8,19,13,10,8,20,13,14,11,8,16,17,14,13,2,29,18,10,7,7,10,12,15,13,18,3,7,6,10,9,2,16,11,7,15,9,13,3,7,5
Csnk1g2,415,177,377,545,177,369,418,217,405,311,456,396,423,331,420,583,548,271,349,360,55,257,505,289,406,364,315,414,577,413,212,264,384,310,421,444,319,426,467,242,508,378,431,301,359,345
Csnk1g3,27,8,27,36,24,23,20,30,34,20,35,33,30,25,41,18,31,31,19,19,10,35,41,16,23,23,20,19,33,34,12,23,22,12,25,24,23,18,18,13,32,19,17,15,27,20
Csnk2a1,86,51,88,108,52,81,87,68,115,107,113,98,107,84,94,128,80,98,104,97,17,93,85,52,84,85,83,80,93,104,76,70,75,50,98,82,72,95,85,60,93,103,78,70,74,77
Csnk2b,606,242,400,753,550,538,636,616,711,627,689,787,644,580,693,759,748,793,562,578,238,792,714,402,570,654,565,695,740,674,575,403,592,390,647,562,472,641,641,393,859,635,542,496,511,553
Cspg5,19,8,4,16,8,3,15,25,2,9,24,10,5,5,15,40,19,2,23,15,4,1,12,2,14,23,8,13,5,13,2,9,23,6,10,6,10,17,12,7,22,12,5,4,6,4
Cspp1,29,20,40,34,40,44,43,28,43,28,54,42,38,41,61,22,38,36,41,30,14,49,29,20,35,29,26,35,38,39,19,25,37,19,24,18,23,33,25,10,42,17,21,31,23,24
Csrnp1,67,30,46,121,50,58,57,38,72,35,65,56,65,60,37,93,65,111,55,31,39,85,98,50,127,68,63,62,42,47,62,33,67,36,58,50,24,57,41,28,169,32,88,59,49,42
Csrnp2,15,2,6,8,7,4,9,4,6,11,10,8,4,9,6,9,9,8,7,5,5,10,7,4,9,9,8,6,7,8,5,3,8,4,3,8,4,5,9,4,14,10,8,5,6,8
Csrp1,60,32,40,130,65,47,91,109,74,47,95,67,50,41,62,53,78,162,51,46,22,127,80,33,70,52,56,79,76,86,141,33,35,60,36,36,38,74,70,32,75,59,68,40,38,52
Csrp2,234,130,190,377,139,267,251,211,189,238,325,212,241,180,261,323,296,210,255,206,69,328,238,130,196,252,186,205,333,300,182,122,177,166,208,136,161,191,206,123,273,193,229,143,171,209
Csrp2bp,87,48,65,88,58,63,81,81,72,68,95,96,74,74,84,86,80,101,75,70,26,117,78,46,65,73,70,86,91,94,70,51,94,73,72,67,80,67,88,43,94,58,71,54,76,70
Csrp3,106,30,132,166,129,207,183,145,219,102,174,124,108,97,135,98,180,72,87,129,56,38,156,84,128,98,143,124,155,243,118,83,90,71,152,181,77,146,172,71,178,107,208,137,145,122
Cst3,1137,511,915,1776,668,1146,1177,952,1511,1090,1604,1520,1230,968,1440,1283,1298,893,1050,1032,334,996,1421,704,1139,1124,1029,1288,1462,1595,1122,823,1132,1069,1174,963,886,1253,1083,735,1031,1059,1063,749,878,1008
Cst7,0,0,0,2,4,0,2,1,1,0,0,2,2,1,1,1,0,2,2,0,0,1,2,0,1,0,1,0,4,1,6,1,0,2,0,0,1,3,1,0,0,0,1,0,0,0
Cstb,364,176,314,602,402,368,459,484,658,377,483,538,516,413,492,529,569,2410,397,355,187,1387,569,310,485,477,349,466,626,527,1113,360,450,336,487,448,405,461,470,266,576,463,489,365,398,448
Cstf1,48,33,55,104,60,73,74,84,105,58,71,94,67,63,86,78,94,102,61,79,26,145,93,49,64,71,50,76,86,59,57,74,53,54,86,66,64,66,58,39,109,71,75,52,82,72
Cstf2,7,6,11,17,6,9,22,11,10,12,7,17,8,12,11,10,18,16,8,5,7,13,10,6,13,11,12,12,9,13,9,9,9,4,8,9,8,7,5,3,6,6,10,6,13,9
Cstf2t,21,8,16,21,17,17,18,17,30,26,16,33,21,13,31,22,28,17,24,18,13,21,25,15,20,15,14,23,29,29,14,20,22,4,21,13,19,12,15,14,19,16,18,13,10,16
Cstf3,60,41,75,92,75,60,92,84,115,96,102,153,104,68,110,94,91,89,78,77,33,105,103,59,68,98,110,76,113,75,85,67,98,65,74,69,90,93,88,52,111,80,81,57,67,76
Ctage5,923,492,975,1507,613,1025,1194,935,1390,1077,1354,1446,1253,1144,1200,1433,1459,1186,1122,909,372,1075,1368,923,1218,1113,946,1197,1470,1303,844,1002,1111,781,1163,1304,854,1143,1290,726,1562,1108,1219,937,939,887
Ctbp1,272,178,257,363,237,258,319,279,308,285,412,307,265,281,297,352,354,454,350,272,107,416,301,229,249,243,290,272,338,333,285,229,320,252,281,278,245,277,297,183,390,296,293,231,275,262
Ctbp2,2,1,7,5,7,8,9,6,8,7,6,4,6,4,8,4,6,16,7,6,2,16,11,2,2,9,3,12,10,4,4,1,3,7,2,3,6,3,1,3,10,5,8,4,2,2
Ctbs,23,10,29,35,31,15,26,26,39,25,35,36,32,26,30,31,41,41,21,16,12,56,27,16,27,28,18,23,38,27,22,15,21,14,17,27,18,24,18,26,26,32,16,24,26,25
Ctc1,25,13,22,51,47,22,54,43,26,29,36,27,23,29,30,35,36,79,26,22,20,39,34,33,32,26,25,34,50,44,37,19,23,27,23,32,37,25,20,21,43,32,24,27,26,29
Ctcf,49,25,34,51,31,39,54,48,67,64,58,77,55,52,49,48,52,75,50,47,21,85,64,24,55,47,57,46,66,66,48,28,57,27,52,39,29,48,40,25,69,54,64,36,53,55
Ctcflos,51,12,37,110,33,76,27,35,60,35,98,17,41,36,65,95,60,63,10,22,26,49,28,11,33,50,45,63,63,69,89,52,43,41,38,66,22,30,70,27,83,39,54,43,23,32
Ctdnep1,168,93,130,206,133,150,213,185,172,169,217,256,171,116,184,211,183,245,202,143,56,217,190,132,149,151,152,155,203,190,207,117,198,131,152,140,116,159,192,106,256,145,154,142,161,129
Ctdp1,31,24,37,57,29,27,42,36,50,40,44,47,48,26,37,35,34,29,41,21,7,54,36,20,27,34,22,25,36,31,29,27,31,34,30,19,26,22,33,14,41,23,21,27,23,23
Ctdsp1,358,205,301,544,225,325,340,313,430,440,451,477,341,374,441,483,355,500,396,334,84,525,461,152,337,344,298,405,557,373,406,204,326,366,383,337,291,415,298,200,425,295,373,197,333,295
Ctdsp2,221,106,227,450,222,271,282,191,334,221,361,173,259,187,209,449,371,355,234,150,86,382,226,153,238,230,207,244,341,340,218,130,196,175,225,253,191,199,221,151,376,228,227,185,194,227
Ctdspl,23,18,35,49,40,18,45,42,35,30,46,43,31,29,20,47,52,47,39,28,9,41,40,14,34,31,37,38,30,35,26,26,27,24,15,31,26,24,25,18,39,27,35,20,15,27
Ctf1,28,10,25,33,12,14,27,24,29,17,27,31,32,31,22,40,43,39,32,26,9,23,31,16,21,17,16,27,37,33,15,25,26,22,32,42,16,21,12,7,26,21,31,7,21,29
Ctgf,11,4,8,23,4,5,7,10,23,10,16,9,28,7,6,12,10,61,8,4,7,47,18,4,8,8,6,9,16,12,3,2,9,9,6,7,6,17,4,6,27,8,11,3,10,3
Cth,1380,729,1247,2130,893,1492,1430,1162,1741,1670,1325,1604,1746,2037,1769,1954,1404,1557,1476,1254,594,3940,1629,1277,1987,1579,1358,1467,3519,2163,858,1022,1388,1117,1581,1314,1450,1158,1848,1045,2729,2067,1513,1085,1547,1524
Ctif,110,84,121,242,128,143,138,114,183,125,233,104,212,183,196,156,152,193,105,109,51,175,160,93,122,157,109,108,160,178,90,101,120,88,154,80,114,110,110,71,128,99,122,85,107,131
Ctla2a,12,7,18,31,11,24,15,21,23,15,26,28,17,13,24,31,27,41,20,16,5,29,24,12,29,29,25,23,31,37,25,11,22,12,21,12,14,19,25,16,23,18,23,9,20,14
Ctnna1,380,174,323,465,439,377,424,417,486,351,488,461,376,374,377,501,516,860,426,333,172,721,439,311,398,356,333,408,491,464,459,277,375,243,390,378,326,372,415,228,534,438,364,296,309,345
Ctnnal1,15,12,18,23,21,15,22,18,16,11,32,20,13,13,11,29,21,21,23,20,6,26,22,13,17,10,13,17,23,17,16,20,24,13,12,17,15,27,15,12,15,10,16,8,12,10
Ctnnb1,363,178,313,591,409,419,425,443,709,467,481,614,450,408,473,527,570,596,403,396,162,637,586,297,432,464,444,522,600,576,382,300,367,232,426,386,411,394,416,269,608,428,397,300,339,422
Ctnnbip1,34,12,47,60,37,45,51,43,68,34,56,62,48,54,41,52,47,49,57,41,17,72,55,57,53,48,48,53,75,61,40,35,50,41,52,57,30,43,50,30,79,52,45,46,34,41
Ctnnbl1,49,32,49,77,64,77,67,66,69,58,96,74,41,68,70,78,72,75,60,51,32,78,72,48,64,72,58,74,81,59,60,38,59,48,66,66,54,79,68,37,86,65,58,49,45,56
Ctnnd1,64,26,46,68,49,61,61,44,87,65,64,64,59,60,63,49,61,69,72,41,12,79,53,34,35,44,44,63,71,47,42,40,42,20,36,15,33,43,37,25,36,26,41,17,30,37
Ctns,46,39,72,80,52,57,73,62,90,60,73,88,65,63,62,75,64,81,59,67,11,92,83,48,71,62,51,67,73,89,36,31,44,52,52,60,36,53,65,47,83,52,43,39,49,49
Ctps,13,24,24,27,18,23,16,20,18,13,24,42,26,24,24,23,16,67,14,13,14,70,36,23,19,21,19,29,24,33,49,23,25,28,32,27,20,18,32,18,37,32,33,34,28,21
Ctr9,96,50,96,132,76,86,112,126,119,106,117,184,92,89,100,162,130,128,92,76,20,136,99,68,76,72,105,101,110,96,121,73,65,92,106,96,66,117,98,60,143,74,99,64,95,96
Ctsa,10,1,8,13,4,2,11,6,13,11,8,15,8,8,8,9,8,10,12,10,5,18,5,7,4,7,10,9,4,8,3,2,4,8,11,1,7,4,3,10,12,11,3,7,5,5
Ctsb,37,26,46,63,50,60,70,54,82,44,70,69,61,54,54,50,66,77,65,41,23,119,57,27,52,67,51,43,64,73,40,30,32,31,43,44,38,45,45,35,70,33,37,25,43,45
Ctsc,214,101,242,186,333,261,250,188,733,211,244,408,160,242,298,250,232,219,198,241,100,270,252,152,181,183,334,236,350,323,419,164,164,78,227,227,148,175,142,84,178,164,244,147,117,151
Ctsd,1296,671,1380,1914,1440,1435,2038,1844,1841,1224,1767,1820,1505,1372,1558,1782,1668,2259,1266,1286,539,2509,2127,1211,1521,1468,1339,1635,2011,1783,2168,1209,1247,1544,1639,1750,1330,1708,1588,1046,2019,1553,1786,1292,1380,1380
Ctse,169,101,141,211,76,144,210,126,70,176,197,125,189,173,232,261,349,237,220,144,72,254,274,150,118,143,56,126,142,174,189,187,244,179,229,334,141,199,216,93,238,162,236,79,152,181
Ctsf,86,51,67,120,75,100,82,75,121,105,111,119,105,90,89,157,132,88,91,91,34,120,107,55,72,88,80,109,130,129,55,65,75,77,92,81,82,102,101,53,166,84,86,65,90,96
Ctsg,0,1,0,0,2,1,0,0,15,0,0,2,0,0,0,0,0,0,0,0,0,0,0,0,1,0,0,0,0,0,1,0,0,0,0,0,0,0,0,0,0,0,0,0,0,0
Ctsh,1087,562,950,1544,939,1168,957,1035,1886,1256,1519,1668,1158,1224,1481,1612,1615,1336,1207,1050,460,1806,1319,778,1199,1096,1219,1144,1654,1509,1038,754,1066,843,1206,1064,929,1070,1217,706,1355,1220,1128,731,1051,1116
Ctsk,6,3,4,6,1,7,14,8,4,3,8,3,10,3,3,6,10,14,4,3,3,3,9,1,5,4,4,5,6,3,5,8,3,3,1,3,2,8,4,4,7,1,3,5,3,4
Ctsl,2374,1260,2543,4452,4184,2844,3497,2983,6024,2518,3338,4130,3370,2823,2956,3279,3609,10585,2450,2813,1363,13265,3500,2192,3402,3211,2690,2679,5276,3928,2031,1664,2544,1775,2672,2585,2706,2492,2637,1849,4441,2815,2767,2188,2425,2586
Ctss,127,108,232,470,356,204,344,398,227,163,370,371,225,175,309,235,309,429,230,149,172,500,333,155,351,183,249,155,244,300,1009,121,161,233,90,170,178,233,127,79,205,178,198,104,108,167
Ctsw,5,0,3,5,4,2,8,8,4,4,10,5,4,2,7,2,4,5,6,4,0,13,6,1,3,1,0,3,10,7,20,3,2,7,3,4,3,6,2,1,0,2,4,1,4,4
Ctsz,897,393,757,1265,621,563,858,883,1168,895,1190,1670,872,648,1034,1306,1235,1399,817,770,242,1504,887,506,765,660,920,864,982,707,1048,406,631,679,695,655,525,768,713,578,1020,750,711,506,654,639
Cttn,99,44,85,121,82,83,98,109,146,87,105,116,89,97,96,143,138,169,87,99,27,142,107,79,108,113,91,102,138,112,102,71,82,82,61,88,64,90,104,58,163,94,86,67,94,90
Cttnbp2nl,7,4,7,9,8,7,8,7,3,2,10,5,3,5,8,11,8,13,4,5,4,10,3,7,7,4,4,6,13,9,5,2,5,4,2,8,7,6,4,4,6,5,3,3,6,1
Ctu1,26,14,30,30,26,28,42,32,35,14,32,46,20,18,25,27,29,28,14,20,5,24,22,22,24,26,22,33,40,33,17,16,16,23,16,26,18,20,27,16,18,24,33,15,16,15
Cuedc1,2,6,4,2,5,5,5,2,4,5,6,6,3,2,5,4,2,7,5,0,0,8,5,2,2,3,3,6,5,9,2,5,4,10,6,4,0,2,3,1,3,0,5,1,3,1
Cuedc2,126,53,99,153,76,99,111,117,148,118,133,166,120,116,131,182,161,163,132,118,36,166,114,96,132,120,98,124,169,119,120,88,105,101,101,101,46,115,134,84,140,131,125,85,112,106
Cul1,129,62,128,138,120,115,154,119,164,98,142,143,118,128,111,128,123,150,161,124,43,173,131,67,102,115,117,67,141,138,73,67,97,41,71,88,80,104,89,76,118,62,79,53,73,81
Cul2,5,7,6,4,6,5,7,5,8,7,8,7,10,5,2,7,4,5,7,9,3,6,6,4,3,4,4,4,2,7,6,3,7,3,7,4,2,4,3,1,4,3,4,4,3,4
Cul3,53,18,28,74,34,41,61,33,49,41,47,55,55,53,58,50,31,50,48,24,13,78,49,21,32,48,34,52,66,58,33,30,37,8,34,39,39,46,28,27,39,46,50,29,31,38
Cul4a,187,104,182,322,186,194,255,189,305,219,252,267,219,231,256,298,261,225,221,215,82,313,291,169,202,202,173,283,344,265,162,158,198,168,211,195,167,203,210,124,322,223,255,125,184,203
Cul5,25,22,42,69,31,45,53,46,64,54,59,57,47,52,42,58,56,51,45,58,18,82,63,31,45,49,39,50,68,53,47,33,50,42,56,60,42,48,44,24,74,48,52,27,42,42
Cul7,38,19,28,38,22,40,29,31,31,22,28,26,28,23,26,36,25,71,33,33,7,53,25,16,18,24,21,41,43,38,35,14,24,33,26,21,13,36,31,16,31,22,22,18,26,23
Cul9,9,4,8,19,13,8,17,11,12,6,23,16,13,9,12,8,10,46,8,12,5,42,13,4,7,13,8,11,18,14,13,7,5,10,8,9,7,10,9,4,18,4,3,5,5,9
Cuta,447,194,321,502,326,399,489,488,525,465,486,585,388,392,545,450,435,453,383,396,99,477,497,302,491,474,406,534,618,472,336,285,406,372,391,266,319,435,253,281,578,438,468,289,355,367
Cutal,116,56,109,150,117,80,173,192,244,132,146,156,120,95,139,172,140,99,113,156,54,108,172,110,149,122,135,150,207,149,119,132,145,108,154,145,133,148,120,104,210,165,132,115,112,122
Cutc,51,16,51,67,64,62,57,46,74,37,69,60,65,57,64,58,81,58,55,49,25,91,68,41,61,56,52,43,73,67,68,40,56,19,45,41,56,50,66,28,78,46,53,40,30,52
Cux1,92,50,82,150,97,75,130,135,118,86,159,117,82,87,113,118,146,99,142,127,54,105,111,89,142,120,118,132,111,142,110,104,116,103,121,107,90,121,129,98,191,165,129,107,99,101
Cux2,2,2,12,1,6,0,1,0,41,14,2,17,3,19,0,9,65,41,1,0,5,91,2,0,1,1,5,1,11,3,1,1,2,1,0,0,3,2,0,1,2,0,3,1,0,5
Cwc15,493,245,417,748,455,561,593,534,695,507,677,686,606,534,627,684,719,761,564,571,270,965,729,361,517,497,487,603,685,602,511,423,586,346,527,525,498,526,597,361,735,541,527,424,456,526
Cwc22,21,14,18,32,15,30,17,20,31,27,44,37,21,31,26,28,27,27,22,22,9,34,22,17,22,16,16,28,31,31,24,14,16,16,21,30,19,16,24,10,38,33,16,26,19,28
Cwc25,28,10,28,32,37,29,30,27,31,37,41,52,33,25,31,29,33,33,22,23,10,30,31,11,18,31,36,35,33,39,27,13,26,26,22,22,23,25,35,14,47,19,38,21,34,29
Cwc27,35,17,35,55,38,36,25,31,40,37,46,57,44,23,33,48,55,58,39,30,14,68,43,22,44,31,35,38,47,42,41,31,33,31,29,29,35,29,38,22,45,29,28,29,40,22
Cwf19l1,4,2,12,6,8,11,13,7,10,17,14,13,6,5,11,12,5,11,14,7,9,5,12,13,16,14,10,15,15,10,7,7,12,8,7,21,7,7,11,3,16,16,14,8,7,4
Cwf19l2,8,1,5,9,5,9,6,7,1,5,5,5,0,6,4,4,1,7,9,5,1,6,12,1,6,7,7,9,8,7,5,4,4,0,6,6,6,2,2,9,9,2,10,0,4,3
Cx3cl1,8,1,2,14,5,2,9,1,4,3,14,6,3,3,4,9,6,11,7,3,0,1,10,3,6,9,3,4,4,2,18,7,3,10,7,5,3,5,5,5,3,3,5,4,1,8
Cx3cr1,3,1,3,3,0,5,4,2,1,0,2,2,1,2,0,1,2,7,0,0,2,4,4,0,3,2,1,0,1,1,3,3,1,5,0,1,1,3,1,2,3,0,0,2,0,1
Cxadr,195,72,123,230,288,112,200,241,283,195,148,291,153,104,194,175,187,300,207,177,87,268,277,127,157,231,146,228,243,215,147,134,199,109,152,184,179,205,167,133,243,178,166,107,136,137
Cxcl1,176,61,205,219,944,1006,143,122,2606,57,330,427,73,90,139,125,187,102,102,178,61,121,83,65,198,107,310,59,133,164,178,39,99,60,278,85,43,53,39,45,152,66,121,58,46,62
Cxcl10,61,30,69,224,153,58,102,171,29,81,130,83,121,30,187,68,156,106,59,67,103,178,89,53,57,89,88,98,139,102,1855,53,67,185,46,55,115,121,52,25,48,46,66,53,22,74
Cxcl11,8,5,8,11,11,15,15,12,17,9,5,26,8,12,19,6,7,8,10,18,7,5,19,17,16,16,14,10,18,10,34,9,7,9,11,12,14,9,11,9,21,10,17,3,19,9
Cxcl12,1178,580,1266,1629,985,1597,1112,1054,1554,1572,1524,1950,1129,1125,1336,1725,1616,774,1383,1240,484,1209,1227,591,998,1274,1145,1119,1654,1259,708,803,1151,704,1234,917,947,1031,1202,546,1511,934,959,871,936,932
Cxcl13,10,6,34,30,54,25,29,80,30,13,42,60,20,10,25,19,16,5,14,22,13,13,14,7,37,15,31,7,11,22,6,6,9,11,3,14,7,9,5,5,15,18,9,5,7,10
Cxcl14,8,6,9,15,38,11,19,17,51,4,21,21,7,6,6,17,17,18,16,9,2,3,22,8,25,14,20,4,8,9,21,9,5,14,3,6,5,5,5,9,23,10,6,6,3,6
Cxcl16,28,12,18,51,32,22,54,67,44,24,47,41,55,15,24,44,46,86,29,26,22,87,42,21,27,41,30,31,37,46,98,35,23,30,14,23,26,27,36,22,33,16,24,21,18,16
Cxcl2,1,1,1,11,8,2,3,2,3,0,9,4,2,0,4,1,9,5,3,5,2,7,6,4,8,6,4,3,5,5,14,2,2,5,2,0,3,0,1,5,5,4,3,3,0,0
Cxcl9,7,11,8,47,23,6,28,38,7,11,22,8,29,8,41,30,16,14,13,15,12,15,21,9,22,19,10,25,37,17,431,17,13,40,11,11,22,39,8,7,14,20,24,4,6,7
Cxcr2,1,0,3,0,1,4,7,0,0,1,2,1,0,2,1,2,0,0,2,1,0,1,0,0,0,0,0,1,0,3,2,0,1,1,0,0,2,0,0,1,0,0,0,0,1,1
Cxcr3,1,1,2,7,2,4,1,6,1,2,5,4,3,2,4,3,6,4,1,1,2,5,7,2,7,3,1,2,4,3,4,0,0,0,0,3,4,5,2,1,0,1,2,1,3,1
Cxcr4,1,1,1,2,3,2,3,4,1,1,2,3,3,0,2,3,2,7,2,0,1,5,4,1,0,1,2,1,1,4,8,1,1,3,0,0,3,3,1,1,2,1,1,1,0,4
Cxx1a,4,4,4,7,6,3,7,5,2,4,5,9,3,6,3,3,3,2,9,3,0,4,1,0,11,3,13,6,7,5,2,2,1,3,2,6,3,0,3,4,7,8,2,3,5,5
Cxx1b,19,10,21,27,15,20,31,23,32,26,25,43,15,30,19,38,26,19,33,25,6,17,22,9,20,18,25,26,28,23,25,17,14,31,17,25,13,26,19,17,24,14,20,10,16,17
Cxxc1,150,92,156,217,134,161,204,180,252,160,165,297,194,177,220,176,184,189,165,146,63,142,140,135,162,174,161,178,215,191,136,138,187,108,130,119,144,136,171,91,220,155,140,101,145,160
Cxxc5,296,190,351,402,242,315,354,255,393,273,418,401,335,287,311,423,330,366,335,303,93,327,307,229,297,271,308,336,389,326,203,190,235,234,291,221,201,249,285,154,421,241,283,170,251,264
Cyb561,23,9,55,37,154,47,36,40,226,21,60,124,24,31,32,28,33,66,16,33,13,20,37,28,43,38,75,30,41,66,38,14,21,23,29,21,18,19,16,20,68,33,27,21,17,26
Cyb561a3,75,33,74,87,32,70,64,72,92,72,91,103,66,61,60,104,79,91,91,65,14,75,81,36,70,48,64,83,88,62,71,30,59,65,77,53,48,75,76,42,83,63,84,47,63,66
Cyb561d1,25,11,18,43,21,19,30,31,41,17,34,28,23,21,30,24,41,40,27,22,17,31,32,13,29,14,24,26,38,30,42,16,23,19,25,32,21,22,27,15,33,30,19,18,22,21
Cyb561d2,69,24,56,102,56,61,68,77,81,53,75,83,78,64,72,99,79,156,49,69,28,121,84,41,79,66,65,93,89,78,64,43,59,57,63,50,47,64,64,43,91,65,60,49,68,51
Cyb5a,6724,3218,6782,9743,4607,7028,7166,6363,9956,8196,9116,8881,9591,7826,10345,8476,10390,8595,8414,7790,2546,9063,9016,5496,7461,8287,6343,8175,10246,9901,5534,4735,8433,4707,7720,6168,5610,6967,7446,4895,10234,8659,7006,5558,7169,6469
Cyb5b,1375,536,987,1262,652,902,1162,1178,1111,1231,1051,1274,1013,1064,1223,1515,1192,475,1390,1206,303,615,1791,997,1101,993,1069,1342,1627,1092,1000,1059,1159,1238,1322,1528,973,1419,1264,843,1707,1319,1358,898,1027,1162
Cyb5d2,10,7,13,19,8,16,18,6,22,9,21,26,17,9,15,13,12,13,16,8,10,5,13,6,10,7,12,17,18,19,11,12,17,8,11,17,6,14,15,11,17,17,6,6,10,14
Cyb5r1,9,5,8,18,17,12,6,13,16,9,6,12,13,10,5,12,17,38,10,11,6,27,9,7,9,14,4,12,15,10,9,5,11,7,3,8,10,10,11,3,16,11,6,5,3,6
Cyb5r3,2944,1748,3062,4075,2887,3465,5859,5104,3328,2841,2856,3336,3695,3666,3733,3376,2792,2558,2988,3066,909,2545,5858,3371,4508,3804,3436,3953,5837,4438,2646,2910,3505,3783,4562,4599,3699,5382,4451,3575,5441,4394,5111,3269,4221,4235
Cyb5r4,42,8,14,42,31,30,40,31,61,40,34,39,35,35,38,36,32,59,34,30,10,49,37,17,27,33,21,48,51,31,29,31,30,16,30,25,27,23,22,22,29,34,38,26,21,27
Cyb5rl,17,6,10,15,16,12,14,19,16,11,20,16,13,19,23,25,18,17,20,24,10,32,18,14,21,12,12,23,29,22,21,12,23,12,36,20,20,18,19,15,37,20,20,19,18,13
Cyba,84,43,89,146,106,99,174,217,107,82,184,136,96,67,152,105,151,250,87,75,48,218,121,52,130,69,137,90,127,119,523,68,75,128,68,67,72,122,87,43,90,90,118,64,64,109
Cybb,30,24,32,69,71,40,66,65,62,34,80,72,28,28,56,27,54,93,37,40,28,90,43,14,42,27,48,24,41,57,192,21,28,32,22,27,26,35,24,15,27,35,27,22,18,29
Cyc1,1505,721,1242,1935,1304,1616,1961,1538,2128,1547,1713,1821,1935,1917,1824,2127,2032,2030,1842,1593,722,2872,2368,1332,1990,2006,1317,1923,2329,2168,1383,1312,1957,1265,1980,1838,1589,1762,2030,1157,2580,1986,1797,1346,1589,1665
Cyfip2,0,0,2,8,5,0,4,5,1,4,3,6,1,0,2,5,2,3,1,1,2,7,0,1,4,3,2,3,2,0,2,1,1,0,1,0,0,0,2,1,4,5,2,1,3,0
Cygb,81,53,71,167,88,83,97,97,61,61,147,87,72,54,87,102,112,330,83,45,34,270,72,48,74,84,50,85,131,85,107,51,47,67,41,26,65,84,60,50,82,46,65,42,58,48
Cyhr1,201,96,162,229,156,194,203,178,234,186,230,270,200,192,211,214,218,203,182,189,79,209,207,152,197,207,196,225,262,209,192,147,168,134,203,193,146,179,205,143,268,167,201,149,167,152
Cyld,18,5,14,24,21,13,26,18,23,18,29,19,18,19,21,19,26,16,10,16,3,28,19,14,12,20,18,24,28,26,24,10,16,4,22,19,18,20,9,22,27,8,15,11,15,19
Cym,1,0,0,0,0,0,0,2,1,0,2,6,0,0,0,2,1,0,1,1,0,0,1,0,1,1,1,0,0,0,0,0,0,2,0,1,2,2,0,1,1,1,0,0,0,0
Cyp17a1,21,7,15,11,55,23,25,28,435,15,9,53,77,67,22,6,10,75,18,13,7,76,44,29,28,31,20,15,90,17,19,34,20,41,28,55,65,32,24,19,34,13,28,25,26,25
Cyp1a1,3,1,3,10,2,4,5,3,5,4,6,5,8,9,4,5,10,12,11,6,4,15,8,4,6,11,4,5,1,7,6,7,6,3,4,4,3,5,4,8,6,4,2,2,4,7
Cyp1a2,2884,1456,2151,5088,2620,2259,4340,3936,3176,4014,2873,2822,4240,3729,3638,3681,3353,1989,2563,3106,1546,2904,4323,2803,5010,4869,3042,3552,3951,5099,4121,1599,3564,1734,3195,2023,1520,3310,4629,2394,6878,4668,3144,3266,3462,2686
Cyp1b1,0,1,1,3,0,0,0,0,1,3,5,1,4,1,0,4,1,6,0,0,0,4,2,1,1,0,1,0,1,0,1,0,0,2,2,0,2,2,1,3,2,0,2,1,3,2
Cyp21a1,0,0,0,0,0,0,1,1,0,0,0,0,0,0,0,0,0,9,0,0,0,1,0,1,12,1,2,0,0,1,1,1,1,1,0,1,0,0,3,1,9,5,1,0,1,0
Cyp26a1,41,35,73,141,49,48,115,88,88,100,53,106,90,105,88,243,102,41,98,137,44,98,437,608,156,269,235,110,170,165,501,205,108,130,131,44,472,95,196,55,133,133,150,57,120,158
Cyp26b1,5,5,11,39,5,17,12,9,36,41,19,55,25,57,48,94,83,39,15,36,14,93,30,68,26,57,17,23,6,64,62,26,14,26,11,4,10,12,35,5,22,12,13,11,10,12
Cyp27a1,1839,935,1474,2532,2001,2044,2460,1921,2669,1631,2073,1960,2544,2106,1950,2647,2278,1180,1655,1697,904,2138,2953,1456,2106,2539,1638,2142,2779,2885,1147,1313,2015,1439,2431,1838,1758,2312,2348,1285,3307,2193,2273,1576,1734,1950
Cyp2a12,2354,1214,2204,3696,2337,2897,3446,3036,4030,2607,3624,4524,2928,3161,3144,3087,3400,5734,3076,3039,927,5282,4164,2440,3471,2869,3254,3864,4561,3902,3583,2696,3299,2506,2924,3109,2606,3036,3585,2354,4800,4027,2804,2465,2784,2829
Cyp2a22,37,18,26,55,8,16,29,30,18,52,26,22,45,48,37,33,72,270,24,29,11,214,39,45,14,9,20,53,66,39,79,71,52,66,48,97,34,24,37,6,20,21,55,54,38,44
Cyp2a4,6,5,4,22,26,0,10,25,5,4,8,27,6,7,15,6,58,1796,5,6,12,578,1,3,1,2,3,8,16,3,57,10,2,18,3,33,94,18,7,0,1,4,4,5,4,1
Cyp2a5,1659,818,1156,3182,1080,1115,2009,1752,1544,1878,2011,1458,2949,2079,2711,2751,3944,8319,1759,1658,1249,13310,1985,1433,1311,1582,1132,2398,3447,2658,10293,1236,1884,1192,2012,1735,1300,1617,2172,728,1724,1885,1659,1651,1613,1589
Cyp2b10,12,6,33,14,8,2,36,21,28,19,4,3,56,29,40,2,5,45,3,5,0,47,22,60,12,9,9,25,62,28,37,30,18,25,55,89,37,26,12,10,21,24,54,8,35,46
Cyp2b13,1,1,1,0,1,0,0,1,3,2,0,0,1,0,13,0,0,11,0,1,0,56,0,7,0,0,0,2,1,0,12,1,2,0,0,8,0,1,2,0,0,0,6,0,2,1
Cyp2b9,68,68,162,82,83,45,33,39,311,253,18,120,141,206,370,71,255,259,22,120,18,529,52,198,17,21,155,106,440,200,175,48,147,100,84,252,57,70,39,3,6,49,221,103,180,138
Cyp2c29,3668,1819,4358,5247,2207,4084,4467,3612,5778,5529,3400,4265,8779,7519,7457,4448,3615,1076,3361,4255,1609,3959,8688,3715,4416,6181,4666,7049,11116,7276,1692,3296,4600,2490,7437,4159,3143,5646,5696,2721,7324,6056,5752,3756,5017,5514
Cyp2c37,718,363,822,831,297,786,690,399,676,1080,1090,871,1093,1129,1232,1229,1354,339,1056,778,320,1632,897,640,747,792,737,711,1322,1339,339,398,633,260,732,300,258,504,814,338,839,769,705,443,548,782
Cyp2c38,2,0,1,2,2,0,3,0,2,2,3,3,2,1,6,3,0,3,4,2,0,2,3,2,2,0,0,4,6,0,0,4,0,0,1,1,0,0,1,0,2,0,1,0,0,0
Cyp2c40,15,12,15,8,31,20,73,49,46,48,26,38,8,45,32,41,50,11,22,48,11,34,24,33,26,23,15,17,118,87,1,7,5,6,11,36,38,53,24,11,46,22,19,19,14,14
Cyp2c44,1546,669,1268,2149,876,1578,1614,1267,1252,1596,1766,1828,1099,1157,1501,2205,1944,777,1728,1399,469,1343,1598,864,1398,1540,1688,1744,2779,2076,378,843,1610,732,1293,908,1283,1276,1637,697,1861,1289,1294,1044,1130,1358
Cyp2c50,1616,742,1629,2118,1447,1960,2011,1674,2149,1981,2101,2201,2183,2324,2446,1748,1883,656,1969,1843,1070,1833,2688,1557,1908,1898,2165,2158,3463,3367,1000,1194,1919,647,1896,1432,1189,1679,1901,966,2171,1816,1769,1226,1521,1618
Cyp2c54,593,273,667,729,361,657,618,464,649,956,776,755,697,837,878,709,810,205,831,635,375,520,680,515,541,604,836,766,1379,1171,228,348,645,217,559,327,270,504,545,236,617,543,582,353,480,586
Cyp2c55,8,9,9,13,13,3,20,21,5,15,7,9,26,12,11,10,5,49,8,18,5,34,24,15,12,18,8,33,51,8,7,22,13,9,24,18,34,26,16,12,17,17,28,25,23,18
Cyp2c67,112,33,87,33,29,59,136,72,28,45,68,84,40,86,57,34,47,66,176,86,32,24,83,7,30,10,16,14,41,73,16,23,30,19,7,7,9,43,26,9,20,7,8,11,9,10
Cyp2c68,277,159,221,359,235,179,330,243,474,345,261,409,315,478,405,418,507,642,266,311,113,964,303,182,233,197,173,219,441,382,112,165,216,157,224,269,252,314,223,85,249,177,269,209,252,240
Cyp2c69,6,3,0,0,5,4,12,5,17,10,4,8,1,16,12,5,8,3,12,20,3,6,11,3,2,1,0,0,20,13,0,0,1,0,0,2,5,7,1,0,8,0,2,0,0,0
Cyp2c70,63,50,96,72,122,68,229,53,305,113,78,279,123,92,47,55,24,32,101,68,29,20,298,105,217,135,255,72,194,192,30,50,130,68,101,62,134,209,121,63,167,126,148,36,110,75
Cyp2d10,5241,2451,5151,6772,4029,4438,5644,4802,5692,6076,6987,6180,6129,6005,6270,7623,7603,3730,5237,4730,1860,4531,6589,3979,5273,6007,4971,5796,6002,5425,3368,3890,5753,3593,5559,5498,4107,5496,6382,3979,8115,6639,5259,4553,4984,5376
Cyp2d11,3,3,4,5,7,4,5,2,8,6,8,5,5,6,4,27,7,3,10,3,1,0,2,4,11,9,2,5,3,5,3,1,5,6,2,1,2,4,13,10,13,7,3,4,5,6
Cyp2d12,1,0,5,9,8,5,5,6,9,2,5,8,9,4,6,3,2,4,1,3,4,2,6,4,7,5,9,3,6,9,25,5,5,3,3,5,0,2,9,6,7,10,7,4,6,3
Cyp2d13,165,81,152,162,86,200,175,133,148,154,193,161,140,121,211,183,149,57,113,138,54,60,175,116,130,147,160,162,189,156,72,114,145,133,163,149,127,174,194,86,224,150,142,155,130,145
Cyp2d22,520,302,418,793,480,421,592,486,749,563,620,509,665,635,706,676,620,553,515,474,253,914,732,494,694,654,413,560,734,744,354,465,691,329,501,541,467,474,629,400,854,545,539,532,514,517
Cyp2d26,5896,3044,5998,8625,6018,7523,6444,5801,10726,7078,8488,9096,7560,7275,8554,9215,9610,9900,5601,6398,3073,12372,7254,5246,6591,6897,7295,7838,9323,8825,5508,5561,7422,4772,7907,7226,5691,6490,7605,4479,10127,8181,7566,6248,7550,6910
Cyp2d37-ps,306,141,365,437,240,369,288,377,451,303,451,332,281,272,399,455,444,219,276,253,88,151,323,232,289,396,286,311,411,317,239,236,357,301,324,256,215,371,324,206,463,361,298,250,265,284
Cyp2d40,312,140,438,382,893,665,684,666,1300,489,611,812,460,487,723,468,520,151,325,562,298,132,711,446,574,567,711,673,474,865,531,516,760,444,756,734,347,619,990,455,1246,832,751,643,738,516
Cyp2d9,5549,2717,4808,10362,4275,6153,8509,6466,4149,7127,9849,6111,8273,6509,7945,11647,9070,1970,8516,5946,2854,2502,10037,4937,10958,13675,5703,9670,4564,7916,5846,6117,9318,4161,8088,5835,4336,8381,12232,7794,17833,12740,7495,6082,8371,8242
Cyp2e1,16198,8041,15412,23534,8081,18013,14209,9877,17266,16471,24073,21038,19366,16243,22064,28175,25781,5104,19398,15990,7820,8982,16477,9795,14357,18395,13711,19227,21237,23881,7403,10463,16928,8589,16385,10973,7604,14147,19562,7899,20245,14400,15007,11905,14023,12158
Cyp2f2,4189,2160,3698,5159,4378,5180,5955,4966,8412,5217,4981,6046,6555,6826,5712,6564,4166,2358,5392,4925,1734,2154,8928,5635,7925,8559,6423,7624,7983,7717,7236,5250,5596,4496,7092,6463,5663,6628,7024,5571,12738,9523,5508,4344,5487,6769
Cyp2g1,9,1,7,17,6,1,5,7,7,5,5,4,4,10,9,7,11,8,10,2,0,9,6,8,3,5,16,7,28,13,24,1,4,3,4,8,6,10,7,1,2,3,10,1,5,2
Cyp2j5,34,11,27,29,26,39,32,23,26,22,26,21,21,24,29,16,31,10,36,18,15,21,34,15,21,15,17,37,27,29,17,15,19,9,20,17,17,24,24,14,28,29,21,17,18,17
Cyp2j6,23,9,20,29,25,30,27,27,40,24,25,22,29,26,20,29,24,31,26,18,13,28,52,20,42,38,28,29,40,57,15,29,28,20,22,47,22,27,36,22,45,28,35,20,28,38
Cyp2j9,79,36,62,122,29,64,48,46,53,71,100,59,70,60,75,81,54,44,38,43,16,150,32,31,32,53,41,38,32,52,22,21,62,28,46,40,33,41,32,18,39,37,38,54,31,32
Cyp2r1,49,17,42,68,65,54,78,61,104,70,58,77,66,52,63,53,63,52,49,57,29,66,93,44,55,76,50,83,96,84,52,52,62,32,68,73,72,66,65,39,84,64,70,48,42,63
Cyp2s1,2,2,1,8,6,1,4,2,3,1,1,0,3,3,4,5,0,2,2,2,2,4,3,1,4,2,1,3,1,3,1,1,1,0,3,2,1,2,1,0,3,0,1,3,1,1
Cyp2u1,3,0,3,3,2,1,3,8,1,3,3,2,4,6,5,4,4,2,6,4,0,1,7,3,5,5,2,6,10,2,1,3,1,3,3,7,8,2,5,2,10,4,4,2,5,2
Cyp39a1,109,34,46,65,44,16,44,19,110,74,43,138,59,80,33,113,172,97,67,28,16,102,45,18,10,30,24,24,16,26,8,12,33,13,24,21,26,23,26,9,21,19,9,17,11,21
Cyp3a11,1120,525,916,1220,704,410,1306,683,827,1111,981,1256,1813,1519,1149,1118,1046,1336,1275,1106,437,1887,1259,636,657,1021,333,1003,945,648,278,884,1061,895,986,588,1013,1078,1042,600,1396,826,583,589,681,905
Cyp3a13,42,24,59,42,66,54,38,32,121,64,81,72,66,63,57,46,41,36,43,52,7,30,46,27,38,37,51,50,59,42,23,25,42,7,63,20,27,33,22,30,41,35,45,20,24,36
Cyp3a25,245,158,365,418,382,366,295,541,509,437,322,418,537,524,486,313,424,474,395,303,90,983,320,251,279,609,123,237,495,217,260,371,273,268,582,289,438,334,350,309,643,649,192,305,140,297
Cyp3a59,1,4,7,8,12,2,6,15,12,8,4,4,12,11,10,6,7,37,5,3,4,76,4,4,2,16,2,5,13,3,5,8,4,7,18,4,8,10,4,5,14,14,5,8,2,6
Cyp46a1,6,5,10,11,4,6,10,10,4,16,21,11,7,13,7,10,18,8,14,6,3,10,11,12,7,7,7,10,11,16,6,15,11,15,5,29,5,12,10,6,9,17,14,6,11,6
Cyp4a10,1802,1032,1188,4817,195,1544,1308,657,321,3121,2960,2203,2276,2030,3239,4075,5459,2671,1669,1953,706,6359,1099,1015,353,755,706,2282,3468,3275,211,1207,1470,1142,2149,1724,1254,1473,1952,519,978,1465,2255,1384,2125,2199
Cyp4a12a,493,176,389,812,127,738,962,567,40,286,943,390,483,393,649,790,705,95,1051,599,440,68,1230,627,1344,1794,273,1328,906,1117,549,1192,1480,333,950,938,714,1502,1443,920,1711,1654,1366,610,876,1046
Cyp4a12b,51,22,35,168,10,201,273,112,6,54,186,53,96,57,67,92,80,26,77,70,40,32,389,114,320,342,61,176,166,284,36,160,141,44,173,115,223,212,367,230,474,337,168,133,167,148
Cyp4a14,1053,566,592,2980,41,216,270,162,77,1403,1010,1247,736,1065,1015,2624,3088,1838,854,935,272,4683,295,286,53,77,159,902,706,707,91,401,558,348,761,665,451,355,459,65,127,292,970,504,584,714
Cyp4a31,17,21,13,134,13,17,14,7,14,55,34,105,21,20,38,44,100,162,14,26,6,113,4,3,4,8,16,19,17,21,5,4,17,5,18,17,12,14,15,3,12,12,17,10,23,23
Cyp4a32,117,40,90,347,41,125,100,65,80,129,161,85,124,84,152,231,203,149,89,89,45,127,83,78,101,192,94,181,254,211,69,73,108,63,140,90,94,119,127,80,174,145,158,96,149,130
Cyp4b1,58,33,35,77,40,59,71,66,79,46,76,51,108,70,67,76,59,63,63,45,17,111,68,25,54,60,28,65,96,79,60,36,51,40,49,51,68,50,49,33,65,41,56,27,36,63
Cyp4f13,493,217,391,657,316,438,482,410,522,489,715,564,441,464,532,570,607,439,426,398,165,498,468,285,437,482,398,468,505,488,306,308,431,286,451,315,333,417,389,226,587,406,379,320,360,325
Cyp4f14,1377,654,1132,1841,1507,1361,1764,1599,1462,1790,1357,1773,1559,1319,1502,2007,1528,334,1351,1400,644,513,1589,1013,1731,1607,1954,1398,2515,1972,840,962,1550,1120,1370,1175,1578,1645,1771,975,2386,1663,1566,1306,1429,1339
Cyp4f15,566,317,568,1078,473,612,623,618,730,559,723,563,786,613,814,740,755,472,501,546,211,747,594,561,752,607,613,700,1245,840,395,454,619,505,700,506,602,588,654,473,1073,777,674,523,662,661
Cyp4f16,16,13,30,41,31,11,36,36,46,18,37,35,22,21,23,25,29,85,28,16,13,43,28,7,19,20,21,18,36,15,40,9,11,16,17,9,13,13,15,14,14,11,14,10,10,11
Cyp4f18,10,9,8,14,12,6,11,12,5,3,10,5,11,4,17,5,15,15,4,4,2,23,12,5,7,6,3,9,7,4,61,7,3,22,10,7,13,11,10,3,5,4,14,6,4,8
Cyp4f39,1,2,2,2,4,2,0,1,1,1,2,0,3,1,2,4,6,3,3,1,0,6,2,3,1,2,1,1,0,2,2,0,0,2,3,6,0,4,2,2,5,0,4,0,2,1
Cyp4v3,311,127,228,423,304,330,300,322,425,421,381,390,325,287,495,424,322,269,441,313,146,273,586,259,573,633,336,583,509,607,411,302,551,99,346,233,280,402,466,286,699,477,382,203,273,421
Cyp51,89,22,53,63,71,41,52,57,83,61,74,132,47,24,48,76,78,10,90,72,37,5,84,37,48,77,66,47,70,59,39,31,60,42,47,41,48,58,45,30,80,41,45,33,39,41
Cyp7a1,172,247,310,136,386,205,561,505,215,218,425,827,536,635,343,393,370,133,439,590,182,324,453,135,303,258,256,159,746,443,121,98,123,106,274,100,331,359,222,101,211,151,400,404,277,410
Cyp7b1,60,32,28,83,26,83,70,43,26,96,113,45,57,53,72,116,56,23,123,59,29,40,157,55,317,241,57,179,83,179,85,102,94,27,116,77,44,112,111,184,385,253,92,44,51,62
Cyp8b1,1641,650,1228,1807,566,1720,2035,1320,906,1673,2920,1019,1518,1741,1845,4298,4545,530,2877,2200,651,1110,1858,1059,1363,1714,1032,1937,2666,2719,1516,1552,1516,1399,2051,2337,1262,2136,2577,1463,2765,2469,1968,1559,1877,1914
Cyr61,45,28,29,84,24,33,40,52,15,28,64,65,65,25,40,25,49,120,35,33,15,88,44,26,22,18,14,47,58,42,36,33,49,23,21,30,32,30,35,18,39,24,47,31,32,27
Cys1,82,35,32,82,48,52,67,68,37,65,62,64,79,43,45,84,64,82,62,40,17,59,81,34,36,71,42,74,88,47,25,33,62,36,31,38,42,66,50,27,92,37,44,31,29,49
Cystm1,15,4,7,14,5,16,16,18,21,11,10,13,8,13,5,12,14,15,6,8,1,11,7,6,11,12,9,11,13,8,8,5,11,8,14,9,11,6,15,6,10,9,12,10,3,5
Cyth1,112,68,107,294,123,169,191,193,250,151,266,169,212,134,192,139,148,166,163,121,45,152,173,110,196,180,165,179,250,230,112,95,164,172,136,125,167,150,151,124,287,164,167,131,155,116
Cyth2,12,12,19,43,29,33,24,17,36,17,42,29,27,27,23,30,34,46,28,15,20,46,28,22,28,28,24,17,34,31,20,22,26,16,16,15,22,20,29,11,35,20,27,20,20,15
Cyth3,15,11,13,24,15,13,19,13,25,8,32,21,24,13,17,29,37,42,23,13,11,40,32,5,21,15,16,26,27,27,24,17,28,16,15,19,13,19,17,10,36,16,13,15,17,17
Cyth4,27,23,26,64,45,42,55,53,37,22,62,45,23,20,47,35,41,37,29,25,13,73,36,20,75,33,51,25,40,39,127,19,21,57,26,19,30,49,35,16,28,22,31,29,25,31
D030028A08Rik,4,2,4,0,2,4,2,3,1,3,4,4,1,3,0,2,3,5,2,5,0,8,2,0,1,2,3,1,2,2,5,3,2,3,1,2,0,1,0,1,2,3,0,3,1,1
D030056L22Rik,14,3,6,21,11,10,11,13,11,14,15,15,12,10,12,25,14,26,13,6,2,12,15,8,9,9,15,17,19,7,7,11,13,7,12,7,13,15,8,7,18,11,12,13,7,8
D10Jhu81e,365,184,423,582,333,541,507,437,565,370,468,393,412,467,486,495,532,425,506,430,125,610,530,339,434,387,335,522,653,590,391,318,446,328,501,459,354,525,465,251,534,437,475,396,456,346
D10Wsu102e,17,10,12,30,18,11,21,14,26,11,22,42,21,17,25,18,14,24,11,15,4,31,23,10,14,18,18,17,17,20,12,12,22,7,16,16,15,11,11,10,13,20,18,14,17,25
D11Wsu47e,28,22,38,45,39,31,45,28,54,30,53,41,50,33,44,42,39,49,32,30,22,44,33,36,36,27,40,28,36,45,33,25,38,25,46,27,25,16,30,15,37,45,28,28,33,31
D130020L05Rik,55,39,58,103,25,78,61,49,120,63,97,61,81,84,88,82,99,59,75,57,11,111,75,68,70,71,70,71,113,127,35,52,70,52,87,79,65,66,96,50,103,99,58,66,73,86
D130043K22Rik,40,15,20,29,23,28,30,33,20,23,24,22,14,23,24,42,22,20,36,32,16,49,47,20,17,23,16,30,51,10,15,34,29,28,28,51,26,20,25,18,17,16,25,16,20,21
D15Ertd621e,58,26,52,101,71,66,75,52,98,65,80,92,70,72,86,92,94,92,79,64,34,115,84,50,58,59,55,58,88,96,59,48,51,26,63,53,56,49,64,42,68,68,54,47,50,47
D16Ertd472e,21,11,11,31,23,23,25,19,21,15,28,20,24,18,28,22,16,21,22,23,10,28,29,10,11,21,15,14,23,26,23,15,12,17,13,9,23,21,21,13,26,19,19,11,12,11
D17H6S53E,53,25,67,66,37,36,58,45,62,45,74,70,38,47,52,59,53,60,49,54,13,57,49,37,32,42,43,59,59,52,39,34,37,32,34,40,20,43,50,22,67,42,56,39,31,51
D17H6S56E-5,21,15,20,46,92,10,50,126,90,11,39,43,40,17,21,24,21,213,15,16,12,81,22,7,25,21,25,11,37,19,98,18,16,42,18,21,53,25,16,11,32,9,16,13,10,15
D17Wsu92e,948,483,762,1496,640,808,933,740,1091,977,1238,1034,905,866,1061,1287,1261,1043,1008,814,263,1253,896,589,825,839,815,882,1027,895,694,648,792,715,949,839,738,863,998,489,1144,923,785,649,777,757
D19Bwg1357e,3,3,4,7,4,5,5,5,8,7,5,10,7,5,5,5,8,13,6,9,4,8,8,2,8,8,2,9,8,10,4,3,4,5,7,2,7,11,6,4,7,5,3,4,6,2
D1Ertd622e,7,5,9,20,23,13,14,15,33,18,17,17,19,19,25,17,11,40,18,7,5,47,17,14,16,11,14,17,29,22,10,9,12,6,18,12,13,11,12,12,12,17,5,8,12,12
D230025D16Rik,293,80,176,396,199,228,350,215,393,251,439,201,246,184,247,527,438,261,276,201,86,297,199,145,251,234,195,357,241,404,177,187,259,154,196,256,150,215,303,153,363,251,257,221,222,238
D2Wsu81e,48,13,38,59,56,59,59,71,75,78,68,116,72,43,56,58,65,77,49,57,32,73,72,55,60,37,66,74,90,64,35,62,65,40,75,64,44,59,65,38,84,61,66,47,69,50
D2hgdh,7,5,9,4,5,7,14,5,11,8,7,10,9,7,10,7,6,5,6,7,5,13,6,5,8,11,6,10,9,9,3,5,11,4,7,12,3,8,8,4,16,4,5,4,7,2
D330023K18Rik,18,10,17,23,18,24,20,31,43,30,26,19,40,25,27,27,26,32,22,20,17,49,28,12,24,41,30,28,48,41,40,21,29,17,30,40,28,18,24,10,40,19,26,20,29,26
D330050I16Rik,5,4,1,5,3,6,3,2,5,6,4,7,1,1,10,11,5,4,5,3,2,6,2,2,1,4,4,5,3,2,4,2,3,4,3,3,3,4,4,3,5,1,4,2,1,12
D3Ertd254e,12,6,10,14,7,9,12,8,12,7,7,17,10,11,8,8,11,9,11,9,7,8,12,7,8,7,9,6,12,14,7,5,6,4,7,6,9,12,5,1,13,7,10,7,2,6
D3Ertd751e,3,0,4,1,0,3,5,0,1,1,4,3,0,1,2,4,2,6,2,1,0,9,2,2,2,1,4,3,5,4,2,0,0,0,3,1,3,3,8,0,5,1,2,0,0,2
D430019H16Rik,0,1,5,6,0,1,3,4,4,1,1,2,4,0,2,5,2,3,3,2,1,2,3,2,0,2,4,3,2,4,1,1,3,3,2,2,3,1,6,3,2,1,1,1,0,2
D430042O09Rik,38,13,25,42,29,37,40,28,70,32,67,68,32,39,30,63,57,52,39,31,12,47,42,24,36,34,38,37,41,46,32,26,40,28,33,31,30,43,41,22,50,38,30,29,34,27
D5Ertd579e,94,67,86,105,87,86,121,127,126,88,132,142,108,126,128,103,98,119,91,111,39,167,146,82,102,73,102,102,137,125,109,81,107,103,86,72,90,96,96,74,139,97,104,96,71,104
D630024D03Rik,7,1,4,10,4,5,2,4,7,5,4,4,3,2,7,10,5,2,2,9,5,4,5,3,5,2,3,7,5,10,1,0,6,1,4,5,5,3,7,4,6,1,5,6,7,5
D630033O11Rik,3,1,1,8,2,5,2,1,5,2,2,3,4,4,2,7,3,5,2,1,1,10,3,6,6,3,4,1,4,5,1,2,1,2,1,6,5,2,5,1,5,4,5,1,1,1
D630039A03Rik,61,24,58,125,59,71,77,68,66,62,110,69,85,49,71,79,72,62,53,52,25,75,62,39,66,67,58,62,77,82,50,33,68,38,50,45,43,57,86,33,93,52,80,47,60,59
D630045J12Rik,3,3,1,6,10,5,3,7,6,5,8,2,8,2,5,3,4,11,4,3,1,4,3,1,6,3,2,6,6,8,10,4,5,3,4,5,3,9,2,1,5,4,6,2,5,3
D6Wsu163e,6,3,5,12,10,14,13,12,15,5,9,22,12,15,9,11,12,15,16,15,4,22,14,4,9,8,14,7,21,13,7,9,7,7,11,9,11,13,12,9,22,10,17,8,6,9
D8Ertd738e,735,327,608,878,500,648,649,832,905,744,935,934,711,657,840,934,824,869,717,641,234,767,789,501,770,667,668,723,1029,781,727,560,766,518,764,732,644,788,796,448,1032,782,796,559,646,682
D8Ertd82e,4,1,2,6,1,2,6,9,7,6,5,5,8,3,3,5,7,3,6,2,3,12,4,2,9,3,3,5,6,6,2,2,4,1,3,4,4,6,5,1,5,3,3,4,1,2
D930015E06Rik,73,49,66,132,77,87,119,88,61,86,100,80,80,73,81,152,124,121,91,52,20,148,106,50,92,97,60,81,125,67,61,62,83,54,99,73,53,98,67,53,126,59,75,54,58,51
D930016D06Rik,80,37,60,72,63,54,67,57,71,38,81,90,60,36,51,62,48,76,75,59,28,80,60,33,62,42,61,53,67,69,47,48,52,26,44,42,43,40,54,22,66,56,38,39,41,35
D930048N14Rik,37,20,28,30,31,35,47,47,34,43,41,70,30,32,47,18,29,52,31,29,19,53,50,36,48,32,49,37,62,29,32,18,51,27,29,34,31,34,33,23,51,27,25,31,35,21
Daam1,148,67,116,171,119,135,165,123,138,157,147,191,123,130,143,188,201,132,174,144,57,161,133,131,126,168,110,209,182,177,150,117,129,94,122,128,120,121,192,115,189,157,144,139,107,168
Daam2,6,3,5,8,10,10,17,8,8,9,11,7,18,4,7,14,8,20,7,6,0,8,11,4,6,9,2,1,5,4,8,4,4,3,4,8,2,7,4,3,14,8,8,9,7,6
Dab2,4,2,4,6,7,3,8,7,4,8,8,3,4,2,5,6,5,2,5,2,1,4,7,1,6,5,2,5,8,8,3,3,3,0,2,6,8,6,3,4,2,2,4,1,1,7
Dab2ip,43,28,33,62,40,43,69,51,61,29,58,54,56,56,62,67,76,75,53,33,19,66,36,32,41,42,38,41,82,42,30,39,35,24,48,33,34,52,28,23,55,31,26,26,27,29
Dact1,7,7,10,20,4,5,10,5,3,12,15,13,5,16,16,10,20,7,10,2,4,14,9,2,17,4,7,5,9,8,2,4,13,1,7,0,14,6,7,2,6,3,5,2,1,6
Dact2,33,18,16,63,30,31,50,32,31,28,47,57,19,18,23,69,74,59,25,31,11,114,44,34,37,36,25,33,50,63,36,24,31,24,37,19,23,28,28,13,37,17,35,15,28,24
Dact3,1,1,3,4,0,3,1,0,2,3,2,1,4,2,0,2,5,2,2,1,0,2,2,0,1,1,0,6,3,2,2,0,2,1,1,2,3,1,1,2,7,3,1,1,2,2
Dad1,915,380,606,1056,728,796,893,736,1477,879,898,1213,989,758,1011,1073,1124,1685,816,859,319,1402,781,524,799,919,746,1004,1196,961,646,600,714,506,828,588,631,864,840,526,1046,889,761,508,761,763
Dag1,553,286,568,791,596,679,761,690,850,590,720,806,702,587,723,765,814,878,670,612,336,973,863,538,693,726,620,699,928,835,619,542,718,515,660,637,623,641,681,353,980,652,675,521,586,592
Dagla,7,2,4,14,6,12,12,12,6,8,6,8,11,8,13,8,10,11,5,9,5,10,5,7,15,7,3,7,14,5,7,7,9,7,6,4,9,14,11,8,9,3,5,4,5,9
Daglb,104,48,78,129,115,99,135,117,148,113,150,161,117,112,120,129,116,115,105,116,41,112,165,85,137,127,112,118,155,176,148,90,102,74,124,130,85,125,155,101,159,173,112,80,113,95
Dalrd3,242,114,243,386,229,272,299,270,328,241,305,355,280,185,281,272,297,280,184,223,87,294,272,153,237,233,251,298,315,310,237,186,247,174,225,247,180,261,221,126,292,197,259,213,162,191
Dancr,31,33,40,91,38,39,59,44,41,36,51,67,42,42,53,27,49,68,35,26,13,69,46,34,33,41,34,62,40,45,35,28,43,20,34,42,37,40,41,30,41,26,51,43,41,43
Dand5,16,9,16,21,12,15,13,21,28,17,27,29,23,18,30,18,18,28,18,20,5,31,20,11,28,14,14,26,23,17,17,14,25,18,25,24,13,14,23,12,28,14,13,8,12,17
Dap,1927,975,2535,2785,3506,2812,2376,2230,5192,1978,2698,3377,2106,2180,2383,2558,2586,2739,1830,2276,1101,2737,2515,1813,2622,2530,2749,2382,3218,2832,2690,1455,2249,1558,2545,2126,1893,2084,2440,1373,3420,2514,2473,1941,2185,1983
Dapk1,153,55,134,202,104,142,187,152,237,176,197,211,143,107,136,230,201,124,138,132,54,201,181,113,112,148,133,187,190,149,100,110,122,112,107,175,99,147,135,107,154,134,137,94,100,109
Dapk2,53,35,50,69,78,48,51,58,64,73,55,106,56,55,54,71,103,124,69,41,24,98,105,41,40,51,40,66,60,32,49,26,56,69,40,40,36,61,43,22,68,28,43,40,44,52
Dapk3,54,30,38,44,24,37,50,29,45,38,68,81,44,33,55,55,41,43,59,34,8,39,50,36,40,38,33,51,47,48,42,36,39,48,54,39,37,40,51,27,44,45,41,37,21,33
Dapp1,2,2,5,11,8,2,11,6,6,4,5,6,3,2,2,7,11,9,3,4,1,8,5,0,4,4,6,2,7,5,8,1,3,5,1,6,4,5,2,2,4,5,2,4,3,3
Dars,179,70,110,228,154,162,213,173,187,204,174,244,166,177,223,159,199,241,185,155,74,283,268,118,183,177,165,231,267,238,164,125,185,85,176,163,173,158,160,121,247,175,203,117,141,168
Dars2,17,6,12,22,32,24,26,23,19,12,33,30,24,14,18,33,27,43,18,14,10,24,29,26,22,23,25,22,21,27,29,21,24,19,27,17,19,19,22,10,23,22,19,20,21,14
Daxx,64,36,45,95,40,56,72,48,56,47,76,99,45,47,55,72,66,67,42,43,25,78,50,33,60,63,49,41,70,67,70,29,39,51,57,44,48,47,47,31,75,46,55,42,42,50
Dazap1,326,182,311,519,264,263,465,392,367,296,416,419,292,306,333,388,396,461,339,323,91,436,424,267,347,310,319,337,380,351,296,207,298,253,296,317,229,296,307,202,414,307,293,242,296,336
Dazap2,466,225,446,636,441,499,502,505,676,528,568,588,543,479,542,633,615,748,493,490,246,963,573,365,494,520,432,529,679,622,474,316,568,271,469,518,413,493,519,321,714,492,515,345,402,466
Dbf4,4,3,10,18,8,4,14,8,2,11,5,10,5,9,8,4,10,17,5,3,3,10,11,5,5,8,11,6,9,5,9,9,6,6,9,9,7,8,4,5,12,8,8,5,4,3
Dbi,5829,3143,6008,7810,6755,7288,9424,8327,7952,5584,6322,6160,6104,6570,8096,6741,5599,3319,4711,6441,2700,3450,10245,6053,7198,6894,6397,7717,10679,9146,5086,6703,8322,6604,9710,9931,8182,8302,7717,4666,9534,7129,9164,6474,7805,7757
Dbil5,5,0,0,2,0,1,2,2,1,0,1,3,0,3,4,2,0,3,2,3,1,6,4,5,2,1,1,1,2,5,4,0,4,3,1,2,1,2,0,1,2,5,0,2,1,2
Dbn1,12,2,6,10,8,10,13,5,8,5,5,12,2,9,5,8,16,10,9,7,1,8,10,2,3,9,4,7,9,7,12,5,6,14,9,5,6,8,5,3,12,3,7,5,6,11
Dbnl,141,71,119,152,113,115,158,142,182,149,161,208,137,108,165,155,151,211,118,125,43,154,146,85,143,128,121,136,147,156,262,107,147,120,148,117,103,144,128,68,166,117,130,92,103,124
Dbp,536,275,555,954,440,674,803,527,522,562,760,309,402,347,607,700,807,406,721,509,176,485,573,418,611,629,463,580,1066,836,309,402,603,324,623,561,598,611,557,336,831,488,642,460,656,635
Dbr1,36,30,41,99,48,44,68,59,56,43,67,74,62,62,48,62,51,77,45,43,15,71,74,28,60,56,39,61,57,66,65,49,55,32,64,55,52,44,56,36,53,41,49,39,37,43
Dbt,132,64,122,177,117,139,147,121,174,163,157,214,150,133,186,164,147,165,163,114,45,244,182,97,139,141,143,174,299,143,106,112,158,42,152,135,160,86,109,55,142,125,137,97,116,111
Dcaf10,43,17,22,37,25,31,29,16,30,37,44,55,40,26,33,51,18,48,33,32,12,29,36,14,28,38,33,29,35,33,16,18,30,26,33,21,19,35,29,23,37,25,16,14,17,21
Dcaf11,607,256,529,865,500,687,610,581,970,686,814,830,737,583,753,785,721,493,616,649,234,736,757,520,666,727,572,720,1032,1009,681,536,660,574,753,585,680,576,744,478,959,741,605,446,691,686
Dcaf12,67,32,49,94,58,60,69,71,89,64,69,70,69,64,65,75,91,101,70,53,27,98,81,55,71,68,61,61,83,84,66,43,54,49,77,33,51,58,31,40,94,63,65,46,44,47
Dcaf12l1,3,1,2,7,12,8,11,7,10,5,4,9,5,10,7,8,8,14,5,5,3,15,15,15,13,8,8,10,16,10,9,11,10,4,11,12,10,12,11,11,14,10,6,8,11,5
Dcaf13,38,20,32,41,37,39,58,41,61,42,49,54,51,57,51,38,51,77,45,51,16,55,64,39,35,29,48,57,61,43,43,28,35,19,22,34,26,40,34,28,57,37,43,31,31,45
Dcaf15,24,15,33,56,45,28,52,42,39,28,63,48,28,28,33,46,44,75,36,28,13,76,43,23,50,28,28,45,38,33,51,15,41,37,29,29,32,39,22,20,53,27,38,31,29,28
Dcaf17,7,4,10,12,6,8,13,8,12,8,24,11,8,5,4,3,14,15,15,9,3,13,10,9,11,10,11,5,8,10,8,7,8,3,6,9,7,7,8,4,6,8,6,8,5,9
Dcaf4,16,4,11,18,13,8,20,26,24,8,6,24,13,11,13,18,10,44,12,17,4,21,13,20,17,10,9,15,25,19,26,10,17,18,12,25,16,20,22,9,27,16,14,16,19,7
Dcaf5,103,79,112,135,115,106,122,99,111,78,169,110,117,122,140,115,122,104,123,88,63,132,99,72,88,86,83,115,105,130,92,58,86,50,80,81,67,105,119,51,112,103,89,77,66,85
Dcaf6,20,10,13,41,10,10,15,5,17,13,13,11,14,16,14,32,24,21,20,13,8,24,12,12,5,10,13,13,19,17,10,4,8,7,13,15,10,6,15,9,22,12,8,9,5,12
Dcaf7,59,28,45,93,66,49,57,48,99,61,73,86,61,47,76,96,80,90,52,58,39,115,73,44,66,64,51,48,87,69,48,38,68,37,61,48,50,63,51,31,81,59,58,43,45,81
Dcaf8,335,146,264,455,226,301,328,290,395,291,391,400,318,265,322,433,412,374,307,291,87,426,378,218,286,308,294,326,404,351,283,225,300,251,360,260,274,340,329,208,447,358,311,244,326,305
Dcakd,156,80,136,271,153,169,177,169,191,180,218,237,163,145,217,274,213,329,152,123,50,308,157,135,180,201,164,200,234,228,197,155,194,134,173,159,166,200,181,102,272,166,183,111,178,158
Dcbld1,7,3,9,14,7,11,15,14,17,10,12,15,12,13,14,9,12,27,9,5,3,25,10,5,8,9,8,8,11,14,23,12,18,5,7,8,11,10,10,4,14,10,9,9,14,8
Dcbld2,8,6,5,9,9,11,15,9,13,5,11,16,10,3,9,8,8,11,8,9,4,16,9,5,3,10,6,13,11,6,0,3,8,9,7,5,11,9,5,2,7,6,4,5,1,3
Dcdc2a,5,4,3,8,7,3,8,8,7,4,1,8,8,2,6,4,6,6,9,2,2,7,9,3,4,5,4,5,8,4,4,6,2,8,3,1,3,5,3,3,9,2,6,2,1,6
Dchs1,15,3,10,11,7,9,22,20,13,9,12,16,13,10,11,11,21,17,14,7,3,16,9,6,16,13,12,11,19,19,8,7,13,10,15,9,9,8,15,8,17,6,5,8,7,17
Dck,9,8,15,31,30,15,29,28,11,20,21,25,23,12,22,25,21,55,16,16,12,22,29,20,33,25,14,23,27,25,40,15,23,24,25,32,20,15,14,20,35,15,27,22,15,22
Dclk2,3,2,0,6,3,3,4,1,1,2,7,4,5,2,2,7,4,9,2,2,0,4,2,4,1,1,1,5,7,5,6,2,6,2,3,4,2,1,2,0,2,3,3,0,2,3
Dclk3,58,45,61,72,73,77,107,94,110,89,73,111,70,63,62,69,86,33,87,77,23,81,106,74,69,86,58,78,123,63,26,48,79,44,79,80,65,78,42,63,109,69,49,64,46,60
Dclre1a,72,36,76,220,51,69,115,83,74,69,89,78,106,64,130,108,92,79,84,80,40,82,156,82,92,113,60,87,202,115,103,67,87,91,73,83,92,85,146,55,112,83,90,74,94,82
Dclre1b,3,3,2,7,8,3,2,4,9,4,4,6,6,2,5,10,8,12,3,2,3,11,4,1,5,7,6,5,7,7,5,1,11,0,3,5,1,2,3,3,4,5,4,6,6,2
Dclre1c,7,2,7,11,3,9,10,5,6,0,7,5,8,6,9,8,10,3,9,2,1,12,5,3,9,3,8,6,7,3,9,5,10,4,3,10,4,6,7,3,3,6,6,3,1,2
Dcn,430,248,430,837,436,355,636,445,350,395,842,747,535,384,489,405,539,1171,574,271,245,1231,484,197,326,350,291,308,453,431,238,203,302,223,165,217,239,286,249,153,381,163,204,164,171,216
Dcp1a,22,11,28,35,24,24,31,31,34,26,49,43,28,20,33,38,45,36,15,16,7,28,36,22,25,25,26,35,32,29,26,29,15,18,36,21,17,25,21,18,44,19,31,19,23,17
Dcp2,31,15,42,48,27,20,24,32,34,28,50,53,42,31,35,45,34,47,41,35,12,44,33,26,32,39,29,32,39,33,46,17,36,21,24,27,34,38,28,24,46,28,37,29,23,26
Dcps,67,36,57,84,63,68,84,71,109,55,77,88,58,67,66,80,88,83,60,64,21,88,74,48,72,50,62,64,76,74,51,33,62,36,62,47,53,71,65,36,101,56,63,44,69,60
Dct,3,4,8,4,5,36,17,9,18,4,4,3,7,11,1,0,2,1,6,9,2,1,30,33,35,19,5,9,27,58,14,13,9,16,14,38,3,16,18,20,50,32,14,15,15,11
Dctd,1,1,1,3,0,0,4,0,2,1,0,1,0,0,0,2,3,9,1,2,0,1,1,0,0,1,2,0,6,1,2,1,0,0,1,1,0,1,0,0,1,0,1,0,1,1
Dctn1,9,8,8,21,11,15,22,10,22,18,28,27,16,10,22,25,29,18,27,24,9,32,18,7,20,16,12,17,27,31,15,8,21,14,14,16,23,19,10,12,26,23,14,12,13,12
Dctn2,334,155,329,520,282,378,432,392,510,316,498,455,349,364,375,500,469,626,387,338,118,585,409,243,384,379,356,388,456,418,392,274,344,300,416,346,291,412,400,245,543,370,371,273,358,318
Dctn3,260,131,240,414,228,306,303,264,308,310,366,422,369,269,300,456,344,413,309,265,88,386,315,226,304,321,284,319,360,320,288,234,344,248,354,323,259,287,349,198,461,325,334,260,272,274
Dctn4,4,2,5,7,9,7,8,9,8,3,13,18,7,15,8,9,10,9,8,7,3,11,7,6,5,6,11,5,11,13,8,3,9,3,6,6,7,8,10,10,6,5,7,8,4,6
Dctn5,87,59,88,188,104,120,140,134,192,97,139,194,145,108,134,147,137,158,96,98,41,148,156,73,112,98,130,118,159,119,107,107,129,81,129,98,111,142,105,66,149,115,113,80,104,99
Dctn6,128,57,116,193,164,135,166,160,209,134,157,161,145,109,154,170,163,228,126,122,72,231,176,110,131,165,108,169,172,203,183,110,135,92,136,142,123,149,127,91,197,125,124,131,121,132
Dctpp1,240,158,297,467,225,311,306,366,437,280,369,445,291,322,313,454,402,536,319,309,94,490,395,236,320,276,307,394,485,359,231,203,319,252,300,283,274,326,359,204,419,384,323,215,352,322
Dcun1d1,49,36,64,87,84,52,51,62,91,74,94,82,55,61,67,83,91,53,65,63,27,69,81,37,72,50,49,72,78,82,72,49,47,32,40,58,61,60,59,32,77,62,68,60,57,59
Dcun1d2,46,21,52,49,38,42,66,42,66,49,57,72,47,43,44,40,42,51,30,50,22,50,68,28,56,47,48,63,56,53,40,34,47,39,54,46,41,40,63,30,65,49,43,51,51,52
Dcun1d3,10,4,9,9,4,15,6,10,10,13,15,7,7,10,8,9,12,12,8,8,1,9,7,5,3,8,10,14,14,8,11,8,7,10,12,11,16,7,13,6,16,16,13,6,8,13
Dcun1d4,35,22,23,56,41,43,49,38,51,36,39,44,51,43,44,44,44,52,45,35,24,63,48,34,43,46,37,52,55,59,38,31,48,18,46,42,35,41,47,25,66,46,34,35,48,36
Dcun1d5,131,82,119,191,150,132,150,134,196,157,145,203,147,134,153,189,153,259,146,156,85,288,154,115,168,152,135,189,204,180,147,106,153,76,138,137,141,149,141,79,213,169,137,125,110,131
Dcxr,710,415,740,1085,360,884,705,704,1304,745,950,836,921,784,952,784,775,618,692,795,247,997,1008,747,1094,943,852,1084,1502,1356,586,657,982,737,964,791,751,836,1121,619,1320,1054,1002,809,1048,865
Dda1,99,48,99,129,97,112,125,105,136,74,129,154,116,90,112,115,129,115,91,80,38,110,120,76,110,108,102,102,109,123,81,73,94,77,99,93,94,99,109,48,157,85,95,72,76,77
Ddah1,20,8,18,32,8,26,9,27,10,20,34,23,20,27,36,44,29,60,30,29,16,54,24,32,15,19,9,46,63,44,27,18,34,11,31,30,38,31,28,16,30,27,63,28,25,50
Ddah2,24,9,17,35,24,27,35,39,28,30,42,29,37,22,21,42,45,51,33,22,14,34,41,19,23,34,13,21,35,23,26,20,28,26,35,19,25,33,27,11,34,25,28,21,24,41
Ddb1,641,355,591,935,640,642,812,651,911,635,878,1012,769,682,797,894,839,1413,715,702,255,1073,853,495,688,710,714,796,795,800,614,570,752,636,743,688,566,721,858,506,1054,799,755,605,664,698
Ddb2,11,8,26,37,15,16,29,16,20,17,33,24,20,16,23,22,14,28,22,22,7,17,17,9,17,15,18,13,20,29,12,12,14,13,12,29,19,26,12,14,21,13,22,16,13,16
Ddc,138,69,106,134,152,133,193,185,196,151,161,212,193,141,137,204,193,244,192,180,77,306,211,146,225,234,164,222,282,244,229,193,192,100,210,187,203,207,229,124,364,215,203,173,195,203
Ddhd1,8,2,9,13,8,9,7,10,12,6,10,19,9,6,8,12,13,8,14,11,4,19,12,6,7,9,8,12,12,8,7,6,11,5,10,8,7,10,9,14,14,9,8,5,7,8
Ddhd2,88,56,111,179,67,77,95,94,52,56,122,80,97,111,98,136,140,105,82,75,37,104,100,79,85,81,40,79,67,86,55,50,76,52,64,85,69,75,84,46,110,78,92,47,63,82
Ddit3,87,40,63,89,47,64,42,52,52,39,58,208,30,31,61,35,46,141,40,50,21,165,55,37,32,35,54,33,46,43,65,52,51,47,31,40,28,45,40,20,54,33,39,23,43,35
Ddit4,32,24,17,16,11,24,19,17,71,25,13,37,21,20,27,18,36,70,25,23,7,82,38,43,36,35,17,33,31,21,38,23,19,32,26,28,14,33,31,26,44,35,38,35,25,21
Ddit4l,1,2,0,1,3,0,2,4,2,3,1,2,2,1,1,1,1,6,3,0,1,2,4,1,3,1,2,2,0,1,3,2,1,0,3,3,1,1,3,3,2,1,1,2,0,0
Ddo,25,16,22,42,16,19,43,27,35,15,29,27,22,25,39,32,29,8,19,24,2,15,56,28,31,30,20,40,46,36,15,18,30,18,29,30,27,49,35,21,37,29,38,20,32,33
Ddost,416,189,366,633,357,395,483,468,601,409,478,723,322,337,454,437,471,619,399,452,134,415,460,292,456,415,522,501,494,560,434,272,379,329,392,335,298,411,415,276,625,459,403,337,359,323
Ddr1,7,12,6,18,6,1,14,19,14,16,13,18,22,11,10,16,14,41,9,9,6,27,16,9,9,15,5,12,12,12,7,11,9,7,6,3,8,10,7,6,15,9,6,4,4,14
Ddr2,5,3,6,10,6,6,5,9,5,5,3,3,2,3,2,8,4,6,5,6,5,7,4,3,7,4,3,5,5,5,8,4,6,2,2,3,3,5,4,1,4,2,0,7,0,3
Ddrgk1,721,316,499,785,536,584,632,638,678,703,829,894,591,619,730,933,876,874,661,550,244,931,792,489,607,561,573,699,894,774,623,457,654,556,664,560,555,637,629,370,966,644,633,469,638,608
Ddt,3450,1691,3083,4841,3188,3918,4475,4181,4769,3789,3968,4282,4953,4608,4607,4562,4636,4660,3512,3496,2000,7867,5951,3412,4602,4358,3415,5120,7306,5951,3301,3292,4270,3451,4717,4942,4572,4447,5315,2789,6799,5101,4948,3771,4654,4576
Ddx1,179,92,167,239,180,182,197,212,322,191,257,356,253,183,250,218,246,427,180,209,84,369,300,122,168,236,191,220,223,246,215,133,195,140,197,171,150,212,186,124,285,199,162,131,167,166
Ddx10,17,5,16,24,17,8,27,25,15,13,23,22,18,12,14,25,23,27,23,14,7,34,14,6,22,16,20,13,33,26,14,8,16,8,9,12,10,13,13,8,30,17,13,9,5,10
Ddx11,12,5,9,13,10,13,15,13,19,9,13,28,7,6,9,15,11,15,13,12,1,26,13,9,12,6,14,10,19,15,9,3,12,6,13,6,9,15,7,5,10,12,14,5,8,7
Ddx17,276,150,241,380,244,246,292,249,387,244,397,424,261,196,265,374,373,310,397,239,124,382,311,165,223,312,273,280,309,272,216,207,251,147,244,221,186,241,203,143,330,190,249,180,153,216
Ddx18,9,11,14,32,22,23,24,11,35,9,26,31,25,17,22,21,37,23,30,17,7,45,25,21,20,28,10,24,19,24,28,13,28,11,23,11,23,19,17,11,31,17,18,16,18,12
Ddx19a,42,33,53,69,58,70,56,49,86,60,73,106,83,62,86,92,91,119,59,45,25,116,76,42,67,74,54,67,76,63,49,38,70,40,76,55,55,56,74,44,102,47,51,54,49,61
Ddx19b,28,18,27,36,16,17,28,18,32,22,33,40,19,19,33,23,24,30,18,18,5,27,27,12,15,22,34,34,30,18,18,11,20,5,24,17,18,19,21,10,14,17,23,16,7,16
Ddx20,17,6,25,29,19,13,21,18,22,22,23,31,33,24,32,19,12,27,21,13,6,24,27,12,23,20,9,16,28,28,15,8,19,10,14,21,19,11,19,11,15,15,14,8,15,16
Ddx21,34,25,42,63,42,40,55,42,53,36,52,74,59,34,40,42,40,79,56,39,18,89,47,30,43,36,35,39,47,42,43,37,44,23,28,31,36,32,30,18,53,44,34,36,32,30
Ddx24,194,127,179,251,183,165,186,242,260,167,227,315,239,180,193,244,246,250,156,182,85,300,260,143,230,185,191,193,232,210,224,174,193,163,197,138,179,196,215,161,320,183,183,178,199,200
Ddx26b,5,5,8,10,5,6,9,5,12,4,12,16,8,7,4,4,9,15,3,5,3,15,12,3,5,8,5,9,8,2,4,2,9,3,4,9,5,5,3,3,12,4,4,5,0,5
Ddx27,101,71,102,163,140,96,101,119,134,106,147,188,125,106,135,126,171,225,92,122,63,248,151,87,94,115,102,120,121,115,133,72,98,82,102,104,91,101,104,69,156,118,99,87,79,86
Ddx28,97,42,91,112,74,98,87,66,117,73,135,126,103,78,113,139,124,150,81,89,37,169,102,45,101,90,82,77,106,100,64,65,76,61,98,90,72,80,82,50,109,80,98,74,71,78
Ddx31,21,21,37,39,23,21,26,23,40,21,34,52,24,24,31,22,32,37,25,34,9,55,27,16,19,27,26,30,48,33,32,16,25,18,26,30,24,36,33,17,50,26,20,16,22,14
Ddx39,58,42,58,72,56,54,81,89,102,87,69,165,72,63,77,63,54,221,68,83,18,134,83,43,71,69,53,75,75,74,67,39,28,59,65,55,56,62,53,34,92,75,68,32,63,62
Ddx39b,218,125,182,270,167,201,286,269,232,251,317,311,209,182,293,271,259,433,234,215,53,395,206,153,183,198,214,249,254,193,223,140,206,209,231,172,180,216,179,160,233,204,235,179,172,207
Ddx3x,52,28,50,79,46,53,76,71,101,61,64,109,58,79,78,51,48,52,56,45,26,95,66,42,47,56,63,54,84,82,33,40,78,11,69,49,44,47,40,33,39,55,72,35,44,57
Ddx3y,4,4,5,8,5,7,4,4,5,4,5,3,3,5,3,5,6,9,9,7,1,4,0,3,3,4,4,3,5,2,5,2,5,1,2,0,2,3,4,1,2,4,5,2,1,4
Ddx41,79,32,105,118,66,108,99,100,119,74,119,149,97,97,106,109,119,146,84,82,29,120,110,56,81,91,107,94,119,118,89,84,86,75,112,78,66,104,105,59,96,101,81,53,78,82
Ddx42,71,52,69,152,68,76,87,100,97,86,130,124,90,86,98,121,117,119,80,84,31,144,87,56,109,87,69,79,117,79,76,60,75,65,64,72,62,69,76,45,115,71,71,74,64,79
Ddx46,52,23,52,57,48,54,60,49,58,57,52,67,50,53,52,66,71,72,66,61,19,58,63,48,38,45,45,66,53,58,52,44,65,42,50,45,42,51,59,29,78,62,42,44,40,37
Ddx47,95,50,83,130,58,72,98,93,115,86,115,115,116,102,110,126,108,104,109,74,28,122,114,60,86,81,86,100,122,97,81,79,98,73,86,98,67,83,68,58,136,80,70,61,71,68
Ddx49,114,56,144,145,90,135,145,109,128,91,153,213,122,101,146,143,146,194,109,111,37,171,106,77,113,117,108,111,116,131,117,72,101,92,120,71,103,114,118,67,146,102,109,71,97,85
Ddx5,73,45,65,125,68,96,69,57,96,89,132,131,87,85,113,106,85,83,83,79,32,81,84,65,113,78,81,103,99,106,45,58,78,25,90,61,66,85,65,43,73,76,74,65,53,72
Ddx50,259,136,208,337,240,295,260,222,331,216,276,419,248,229,291,304,327,310,225,224,108,359,291,166,232,217,205,223,248,275,187,180,265,175,284,208,210,186,227,138,343,220,181,210,177,195
Ddx52,34,10,20,40,12,27,25,16,28,17,33,35,29,17,30,29,25,33,26,25,10,35,32,19,24,21,22,23,29,36,19,18,20,11,26,22,11,20,18,10,34,15,23,15,16,10
Ddx54,18,8,14,27,37,28,14,15,32,21,42,29,23,11,28,25,28,43,19,18,14,31,34,11,20,16,17,26,23,23,30,12,22,13,26,32,16,13,19,6,30,25,21,18,12,11
Ddx55,25,16,33,35,21,25,28,36,27,23,37,46,25,19,29,21,29,31,17,21,12,30,29,21,25,18,24,23,31,23,32,22,21,13,19,16,17,21,30,17,21,18,23,16,16,10
Ddx58,9,5,14,16,16,14,22,20,36,19,32,16,21,11,20,17,18,9,17,16,7,19,26,15,21,19,15,19,25,19,30,11,14,16,9,13,15,9,22,7,21,16,11,18,8,14
Ddx59,28,20,28,45,22,28,36,40,37,33,43,28,39,35,38,44,40,47,37,26,14,51,35,24,35,31,31,47,54,39,32,15,44,28,29,37,24,30,38,22,43,30,42,30,38,41
Ddx6,198,84,158,281,184,248,187,163,282,184,232,224,187,195,232,291,304,316,242,188,74,297,242,112,176,164,201,225,271,261,161,118,194,108,207,165,141,197,209,91,231,183,156,147,129,143
Deaf1,37,24,37,59,34,31,44,44,35,49,66,63,38,35,39,43,34,49,41,36,17,38,48,38,39,43,33,43,56,34,35,33,40,34,40,27,24,34,50,27,45,40,37,35,29,31
Deb1,174,90,136,200,160,189,167,164,296,200,199,244,234,245,250,213,210,242,215,191,82,249,258,156,206,187,175,229,219,259,131,148,211,101,212,226,225,201,282,151,297,236,186,169,216,224
Decr1,48,17,41,63,17,54,51,37,39,56,58,51,51,36,68,59,64,53,52,54,18,36,61,35,36,33,38,54,41,65,32,55,48,41,44,47,35,52,48,30,42,53,38,30,40,39
Decr2,722,392,813,1224,561,881,1078,880,732,906,1130,966,845,686,1083,1112,1334,741,867,905,327,714,1149,712,713,779,764,1030,1052,1126,885,796,956,719,966,918,676,899,1063,562,1118,894,979,694,842,775
Dedd,60,37,75,101,61,57,71,79,95,72,76,74,90,63,71,99,77,73,53,63,17,58,89,46,76,75,72,74,98,96,73,61,59,50,69,74,47,63,73,47,81,85,60,37,70,61
Dedd2,75,32,59,154,75,72,96,79,101,89,101,82,76,71,85,131,117,112,67,72,38,153,73,60,82,105,68,108,118,87,68,72,70,59,102,90,57,62,81,51,122,112,102,86,74,76
Def6,5,0,1,4,4,2,6,6,3,1,7,0,3,3,3,4,2,6,1,2,1,5,1,2,2,3,3,0,4,3,12,2,0,7,0,3,5,3,3,0,1,0,2,0,1,2
Def8,143,54,157,153,158,160,170,151,210,163,209,252,156,141,171,184,209,255,138,154,54,191,179,137,178,168,142,197,184,215,147,125,175,151,198,184,119,171,184,135,238,171,158,147,182,150
Degs1,281,143,211,397,304,267,295,275,380,301,360,440,396,317,341,404,398,592,313,268,151,701,354,197,324,354,275,328,501,345,294,232,303,193,278,257,283,269,319,178,449,285,275,216,255,315
Degs2,0,2,1,4,0,6,1,0,2,0,3,2,2,0,0,1,3,3,2,3,0,1,2,1,2,5,1,2,2,1,5,1,1,2,1,0,0,1,3,3,2,0,0,2,0,2
Dek,12,14,18,40,22,20,24,23,24,19,24,40,24,24,29,23,31,33,8,27,5,51,25,15,15,22,25,22,32,30,24,17,18,10,18,13,15,21,23,12,26,19,18,7,16,17
Dennd1a,104,49,105,170,72,111,119,117,160,119,147,125,125,94,100,127,128,147,116,99,36,156,103,88,111,91,87,103,158,129,121,91,132,94,66,133,69,110,117,81,152,100,124,104,107,112
Dennd1c,4,6,13,22,12,9,24,17,3,5,32,13,10,7,13,17,7,17,7,10,1,19,12,8,9,9,9,7,11,8,18,10,8,9,4,6,8,12,10,3,11,9,12,4,5,6
Dennd2a,8,12,24,21,14,14,22,13,15,18,26,21,18,11,14,21,25,14,22,9,10,24,22,7,23,10,11,20,15,19,6,9,14,6,9,6,13,18,16,6,28,17,16,11,13,16
Dennd2d,10,8,16,23,8,9,9,24,18,10,10,11,11,12,13,18,17,15,13,14,4,15,19,15,16,21,7,11,15,18,20,15,15,11,14,13,19,16,22,3,21,16,18,16,25,11
Dennd3,12,5,14,22,8,12,24,19,25,23,25,26,25,23,23,37,29,15,13,19,5,16,32,21,15,22,10,19,29,15,20,13,21,12,17,12,10,14,16,6,25,8,13,11,9,12
Dennd4a,57,31,40,107,49,57,59,43,69,42,53,66,55,49,64,108,84,92,59,38,18,84,73,43,36,46,63,59,64,66,32,46,50,36,35,42,39,46,49,27,67,44,53,42,46,34
Dennd4b,19,5,16,22,14,15,25,18,22,11,19,17,10,8,13,28,15,19,11,10,6,22,8,9,15,22,13,12,19,15,24,7,9,12,10,8,15,5,15,14,17,14,14,9,10,7
Dennd5a,89,44,70,191,80,80,121,117,123,117,124,155,91,93,116,102,125,134,102,69,34,147,103,53,78,74,106,91,96,104,98,69,80,79,96,55,67,89,68,63,125,76,103,48,75,65
Dennd5b,24,13,22,40,19,19,27,15,34,37,23,26,20,27,28,35,29,32,17,17,7,29,22,16,22,14,27,24,36,18,15,13,16,7,22,24,22,17,15,12,33,22,29,17,19,32
Dennd6a,6,0,1,3,4,4,0,2,3,3,8,2,5,2,2,4,6,4,3,1,0,5,1,4,2,2,1,4,3,2,1,2,5,3,2,3,5,4,0,3,1,2,3,2,1,3
Dennd6b,4,3,2,5,4,4,6,4,5,4,5,6,4,3,5,1,3,7,1,2,1,5,2,2,3,4,2,1,3,3,2,2,3,1,3,3,0,1,3,1,4,2,2,4,4,4
Denr,3,2,7,8,3,7,5,5,10,5,6,11,6,5,9,5,5,2,8,11,2,6,7,4,8,8,6,6,17,10,3,8,6,2,5,3,5,11,6,5,3,5,6,4,2,6
Depdc1b,0,0,0,0,0,0,1,1,1,0,0,0,0,0,2,1,0,6,0,0,0,0,0,0,1,0,0,1,1,1,2,1,0,1,0,0,1,0,0,0,1,0,1,0,0,1
Depdc5,5,0,0,3,3,2,1,0,2,3,5,1,2,1,3,5,2,1,2,3,4,5,6,2,2,2,4,4,4,2,2,3,3,0,2,2,2,2,3,0,0,2,2,2,0,1
Depdc7,77,32,48,101,112,84,98,79,140,92,92,133,82,64,90,108,135,70,114,99,49,90,149,53,117,93,75,116,122,83,63,64,103,37,81,88,70,86,75,43,141,78,78,60,67,70
Deptor,66,25,64,106,32,46,77,33,87,59,61,86,39,36,69,98,76,37,56,53,14,67,94,36,55,65,59,72,90,81,24,31,46,8,57,54,47,48,45,33,63,65,49,38,44,51
Dera,317,151,314,450,213,340,413,394,385,357,375,376,373,380,403,496,377,338,330,306,102,410,499,305,379,381,273,377,548,415,304,284,379,327,403,344,282,400,390,267,545,453,378,311,343,379
Derl1,174,96,176,266,205,223,200,161,304,180,240,268,220,189,219,297,230,354,188,208,86,360,241,146,199,219,180,216,254,249,232,168,202,136,212,179,184,241,225,106,327,176,208,155,180,192
Derl2,22,10,17,27,12,17,27,21,27,17,28,35,16,18,26,25,19,16,28,17,9,23,31,17,29,23,26,21,27,26,14,21,19,9,18,28,18,24,27,15,18,16,20,13,18,28
Derl3,15,5,16,23,6,23,8,14,23,10,31,94,4,3,14,25,29,10,14,15,6,5,6,1,8,8,23,84,4,12,19,11,12,6,9,8,10,6,8,4,25,9,4,5,9,2
Des,32,16,27,55,19,23,35,34,21,21,37,25,43,25,36,38,36,39,32,25,6,32,30,14,19,30,19,37,24,32,30,20,18,28,19,15,17,27,15,16,45,21,21,18,24,18
Desi1,121,64,114,166,105,106,97,109,174,120,161,158,119,115,116,158,165,180,121,116,43,253,146,85,127,111,124,133,149,131,122,92,108,67,131,92,93,123,108,83,189,116,107,96,109,111
Desi2,18,6,20,22,20,16,16,23,28,12,22,29,25,12,29,27,20,31,14,15,4,27,22,9,13,21,26,10,16,15,8,8,12,5,18,10,17,10,22,14,24,21,8,14,11,13
Det1,16,9,16,49,18,21,22,32,43,22,33,49,25,29,28,36,47,60,19,18,11,50,29,14,29,26,19,31,27,17,32,14,26,32,25,35,30,24,20,13,30,24,32,26,21,26
Dexi,204,100,232,257,338,264,297,329,480,285,288,481,273,288,307,272,235,155,261,285,105,187,389,252,373,353,375,344,419,326,386,251,322,254,312,271,252,304,403,215,498,391,287,294,330,260
Dffa,44,21,37,69,44,49,55,43,54,55,55,67,54,55,69,57,49,68,59,38,17,59,40,40,46,51,46,58,45,58,40,40,59,35,35,38,39,47,45,33,61,47,32,31,46,46
Dffb,9,8,11,15,3,11,19,15,14,13,17,18,10,11,12,12,12,7,8,7,3,12,12,8,6,8,6,15,7,16,7,3,15,5,6,11,10,8,8,3,15,6,9,6,12,11
Dfna5,3,2,2,4,8,5,6,7,9,3,2,6,3,5,7,3,1,15,4,2,3,15,8,2,3,5,2,7,3,6,8,4,3,3,4,3,1,5,2,6,1,8,2,3,1,2
Dgat1,134,65,124,157,95,113,143,139,130,115,148,175,128,122,136,190,151,178,128,102,45,186,147,112,127,119,96,151,158,143,116,101,114,100,121,116,81,112,145,74,200,103,107,81,136,111
Dgat2,2149,1255,2459,3501,2332,2851,3124,2999,5033,3194,3066,4062,3714,3650,3794,3183,3109,2781,3217,2692,1065,3421,4051,3453,4007,3287,3263,3879,4416,3995,2420,2556,3929,2795,3308,3777,2955,3390,4418,2623,5141,4121,3349,2757,3489,3277
Dgcr14,3,0,2,7,3,2,5,3,0,4,1,2,0,3,5,3,4,3,4,2,2,3,3,2,2,0,1,4,5,3,2,0,3,1,3,1,0,1,4,4,3,1,4,3,1,1
Dgcr2,179,94,206,250,212,216,268,229,304,256,259,285,227,189,249,275,253,220,258,230,69,250,286,164,255,246,224,248,315,299,178,133,221,195,207,211,197,239,266,162,387,286,261,186,294,247
Dgcr6,247,110,211,332,148,208,298,307,319,286,284,324,262,294,303,310,291,255,281,256,77,281,382,212,300,258,264,324,381,281,236,220,248,212,283,320,194,289,336,198,395,282,280,201,236,253
Dgcr8,22,12,12,21,21,15,20,17,34,21,22,20,21,18,23,32,16,31,16,23,8,46,11,12,21,21,24,18,18,28,20,11,17,14,21,15,17,14,22,10,32,15,16,17,13,26
Dgka,18,21,35,52,39,32,47,32,49,29,42,40,28,39,43,31,65,60,22,30,9,51,40,23,55,39,31,32,43,38,16,23,32,16,31,37,27,30,26,17,44,27,35,34,30,34
Dgkd,36,21,42,81,34,30,41,35,25,32,71,57,51,43,41,58,66,102,42,24,15,73,40,19,37,44,28,40,48,33,39,30,40,37,51,39,21,55,41,27,67,35,32,29,40,37
Dgkq,62,47,68,97,77,53,81,82,96,66,114,102,74,81,92,80,96,80,75,58,32,101,84,58,69,86,58,58,82,81,45,53,73,51,54,61,61,78,71,38,108,67,79,62,56,55
Dgkz,68,39,96,137,79,92,110,106,125,82,117,149,86,95,121,148,144,146,71,82,31,164,109,69,102,104,111,116,134,101,85,62,69,97,82,80,101,117,96,50,109,87,94,60,62,85
Dguok,52,39,61,115,46,66,67,110,107,83,79,152,51,64,81,83,86,102,83,75,18,88,79,36,73,53,66,76,92,62,70,37,67,77,56,46,54,77,52,46,75,86,62,37,47,80
Dhcr24,1279,496,1024,1412,1197,939,840,898,1892,1146,1294,1871,981,1003,1299,1519,1253,712,880,1220,382,662,1065,657,733,908,1412,1097,1617,1246,1108,822,876,955,1132,893,859,980,1014,528,1210,902,1038,684,1015,974
Dhcr7,280,136,246,387,417,212,442,477,630,372,321,662,290,158,297,236,286,82,333,378,121,94,550,320,401,336,401,326,523,335,229,198,336,356,323,429,325,473,353,288,529,395,423,287,329,303
Dhdds,54,27,53,70,37,63,52,54,87,54,83,114,47,39,67,86,75,69,65,62,22,54,73,39,68,65,64,70,74,66,57,40,71,30,51,48,53,53,56,36,87,62,48,27,54,45
Dhdh,145,52,146,162,84,139,142,117,96,104,149,122,92,96,134,135,133,89,127,123,45,115,155,91,90,97,90,142,135,126,102,95,101,80,109,116,67,106,112,70,134,75,94,81,58,69
Dhfr,0,0,3,7,2,1,0,2,9,2,2,5,1,4,3,2,6,0,1,1,0,2,1,4,3,1,1,2,5,4,1,1,6,0,1,1,4,0,2,1,6,1,5,1,4,5
Dhodh,43,21,38,68,30,33,45,43,36,35,40,54,52,34,46,40,67,44,31,31,16,53,51,31,37,38,35,52,57,53,23,19,35,38,44,33,24,29,45,33,47,53,40,34,32,36
Dhps,75,32,69,95,61,83,83,80,86,83,73,105,86,82,96,72,96,141,68,71,30,115,73,71,84,82,79,101,98,72,61,48,86,55,70,63,63,81,88,38,109,61,73,39,57,77
Dhrs1,898,352,647,1063,662,746,899,889,1083,842,1018,885,864,759,1007,1137,1181,1340,518,719,411,980,1115,589,864,930,594,946,909,1098,864,707,804,607,900,744,657,923,875,554,1238,818,829,576,700,819
Dhrs11,58,29,55,77,56,73,81,62,83,55,70,98,77,70,87,105,59,74,75,56,28,92,95,43,83,66,65,92,103,80,68,47,76,53,71,72,56,60,103,41,110,70,71,58,65,59
Dhrs13,46,17,29,33,15,31,31,25,35,28,32,32,27,30,29,38,42,48,39,31,8,35,41,11,14,19,23,34,22,21,22,20,32,20,36,17,23,32,22,10,33,15,29,23,25,22
Dhrs3,887,412,867,1353,795,1038,1062,965,1290,978,1192,837,967,927,1158,1235,1294,672,855,920,326,676,1295,825,1103,1137,1062,1138,1701,1373,976,915,1137,803,1191,1020,975,934,1085,700,1354,1217,1168,1005,1042,1014
Dhrs4,841,404,844,1289,633,997,964,878,967,901,1354,980,963,808,1159,1285,1303,1033,927,897,443,1333,1033,752,910,880,748,1051,1017,1140,804,878,1127,749,1095,1050,810,873,1100,629,1493,1138,936,916,828,829
Dhrs7,231,128,236,306,225,215,294,276,397,281,266,289,346,251,314,289,387,370,210,263,139,434,360,209,246,277,193,257,374,309,329,203,240,197,256,286,215,252,201,170,270,202,295,247,172,227
Dhrs7b,204,90,151,219,188,169,259,240,240,150,227,175,183,141,207,238,224,220,206,175,84,170,298,198,224,223,172,245,277,271,265,206,241,196,249,282,189,222,308,161,376,239,253,224,214,205
Dhtkd1,5,2,4,8,4,7,8,7,8,5,7,11,10,5,11,5,9,6,4,5,1,7,12,1,2,6,6,5,10,10,3,3,5,5,5,3,2,3,3,3,9,3,7,7,2,0
Dhx15,67,51,50,110,76,70,83,76,93,67,75,121,64,62,77,100,59,126,108,69,44,155,89,54,60,80,71,84,87,88,69,38,68,37,70,65,59,58,68,50,93,68,64,35,42,59
Dhx16,123,56,92,177,120,117,135,126,160,133,150,175,137,114,125,164,176,134,121,119,52,143,140,82,117,109,111,139,141,150,93,93,133,71,107,117,110,120,132,85,174,122,116,67,103,93
Dhx29,20,10,25,31,21,18,39,16,35,28,33,52,23,23,29,19,21,38,32,33,13,21,29,12,29,29,26,38,34,24,26,29,23,13,20,24,17,39,28,19,37,23,28,22,22,33
Dhx30,88,49,62,124,72,58,95,77,112,77,97,154,87,58,79,115,110,88,83,59,36,99,106,56,75,95,68,80,90,82,92,65,67,66,73,81,72,93,72,55,96,70,77,74,69,102
Dhx32,91,51,99,170,113,98,146,92,131,103,123,135,107,89,108,144,116,202,140,110,42,213,150,73,124,108,86,120,122,125,85,76,119,84,109,78,81,87,105,55,150,105,90,79,84,81
Dhx33,55,37,71,101,52,42,85,78,77,64,61,118,73,58,74,73,73,102,75,64,20,119,95,64,55,79,67,57,69,66,49,70,63,51,67,54,42,66,52,36,81,79,57,48,62,65
Dhx34,17,8,19,33,21,19,37,32,38,30,36,47,21,19,28,29,45,45,24,33,4,45,32,19,28,22,27,46,45,28,36,21,32,22,25,40,18,31,26,19,38,24,29,20,23,23
Dhx35,20,7,22,26,20,16,17,25,20,12,23,30,12,18,26,34,25,26,24,20,13,30,20,14,15,18,21,17,30,18,30,11,19,21,16,14,19,21,18,16,31,29,17,23,21,15
Dhx37,5,2,2,3,3,4,3,4,2,1,3,1,1,1,3,4,0,3,3,0,0,5,5,5,2,4,0,3,6,8,2,3,1,0,4,1,2,4,1,2,5,2,1,4,1,5
Dhx38,91,60,75,105,74,70,100,103,70,81,116,119,95,60,68,118,94,114,92,74,23,112,104,58,63,78,76,96,92,71,104,51,72,73,91,61,82,77,67,61,124,72,80,53,62,60
Dhx40,13,7,6,20,20,21,13,15,16,12,24,24,11,10,12,16,13,23,13,9,6,27,11,10,13,14,9,23,20,17,6,11,18,4,10,18,18,21,15,8,13,14,9,13,8,10
Dhx57,23,15,23,33,25,22,37,39,35,21,24,36,18,18,23,30,31,39,32,23,7,30,37,19,20,11,29,27,24,21,22,21,20,18,17,24,14,29,20,16,27,25,27,21,18,13
Dhx58,17,13,17,44,19,30,39,40,38,32,41,51,55,23,52,45,38,17,30,31,9,18,42,39,48,36,28,33,24,34,70,25,23,43,26,38,22,31,32,25,41,52,38,37,27,23
Dhx8,29,16,36,53,20,42,46,34,55,43,38,60,30,27,36,56,48,47,24,31,11,48,40,19,42,25,44,45,52,33,39,27,41,28,35,20,28,47,30,23,50,33,42,36,25,35
Dhx9,144,78,136,233,158,160,171,148,203,116,252,208,159,154,154,234,213,248,177,136,85,289,186,102,152,149,153,116,141,168,153,111,188,125,152,116,105,125,164,68,192,137,115,120,89,96
Diablo,116,52,122,159,113,119,118,130,179,122,132,190,134,101,125,128,156,198,127,117,43,177,162,86,107,114,126,135,149,160,124,84,98,96,138,131,103,117,128,85,173,134,142,84,107,98
Diap1,344,187,266,413,333,300,310,320,481,339,344,478,377,322,298,346,411,390,364,301,122,446,315,224,288,326,315,353,395,325,303,228,327,267,307,255,253,285,349,168,485,298,293,254,295,254
Diap2,13,9,9,11,12,10,9,7,20,7,10,11,10,10,15,6,12,14,9,11,2,16,9,8,8,13,8,9,15,12,9,13,7,2,8,12,16,5,10,2,16,10,8,5,6,8
Dicer1,32,14,33,35,20,25,43,42,53,48,32,43,27,28,43,35,37,39,39,29,11,36,28,23,26,29,44,23,49,27,18,33,27,35,37,24,26,38,23,26,48,28,26,21,24,28
Dido1,110,38,88,129,83,107,112,104,159,113,169,156,144,113,128,130,123,110,129,68,39,151,105,53,88,84,95,108,143,134,99,56,88,82,88,84,88,99,65,60,122,77,91,73,66,94
Diexf,3,4,5,12,8,12,8,9,13,5,7,13,9,7,9,9,8,12,3,6,1,11,8,6,7,8,8,5,8,6,8,3,7,5,4,4,10,9,8,4,10,4,6,8,3,5
Dio1,139,49,123,95,346,299,258,357,856,249,486,400,110,140,366,281,305,54,356,300,166,24,382,243,272,410,393,470,107,559,556,333,341,223,394,342,142,435,335,280,724,483,343,201,267,174
Dio3os,20,14,15,19,1,6,13,2,10,20,9,9,12,18,25,23,50,26,9,9,1,13,8,3,5,7,7,10,19,9,2,1,4,3,10,5,6,5,8,2,4,2,6,7,12,16
Dip2a,8,3,2,9,8,5,5,7,6,6,6,10,7,5,4,9,9,6,10,6,1,8,10,4,12,11,6,9,3,8,5,5,3,8,5,7,3,7,5,1,9,0,7,5,3,8
Dip2b,26,10,13,30,23,9,21,23,23,21,22,32,16,23,30,32,28,23,28,13,12,31,38,12,26,21,20,18,29,15,33,11,19,21,20,25,14,16,22,11,27,15,18,11,12,20
Dip2c,28,19,26,40,32,33,33,26,46,40,39,30,27,21,31,42,39,42,30,17,15,55,27,18,23,34,29,44,39,37,18,28,30,20,17,24,20,33,31,13,43,35,35,25,30,29
Dirc2,2,1,1,4,5,3,1,3,1,1,1,2,4,5,3,5,6,2,2,3,1,1,3,2,1,1,1,3,1,2,3,2,7,3,3,0,0,1,0,1,5,2,2,1,2,2
Dis3,3,3,5,4,8,4,8,7,2,6,12,4,5,5,10,11,6,12,5,7,2,13,7,1,8,3,3,7,10,11,3,3,7,5,3,7,1,6,5,5,4,2,3,3,2,4
Dis3l,26,14,14,30,17,18,28,18,19,19,29,25,20,19,31,24,15,30,17,27,4,26,25,16,17,16,16,23,25,40,8,16,25,13,20,16,16,22,15,11,32,19,23,10,10,12
Dis3l2,62,18,42,77,46,54,59,68,42,33,69,66,50,39,54,58,74,60,66,53,16,73,64,36,46,45,60,59,61,70,43,37,60,49,49,55,43,42,75,51,77,66,57,42,63,63
Disp1,9,5,7,8,4,0,6,8,7,5,7,9,3,6,6,7,9,12,8,1,6,10,4,5,4,7,6,4,5,9,9,4,9,5,2,9,4,5,8,7,5,2,4,6,7,7
Disp2,4,4,4,19,5,4,8,7,3,8,9,8,7,7,10,8,9,10,8,3,1,9,6,7,4,8,2,9,13,7,9,4,3,6,6,4,6,9,6,4,8,4,7,3,2,10
Dixdc1,14,4,5,16,11,5,8,3,12,11,8,3,5,6,10,7,15,12,11,5,4,21,10,4,8,8,3,7,16,6,3,5,4,2,9,4,4,4,2,7,7,5,3,2,1,5
Dkc1,55,37,46,57,45,39,42,49,50,51,68,62,42,29,53,47,58,74,39,53,18,91,43,43,36,48,35,49,53,48,53,47,63,36,51,37,30,36,31,15,46,18,37,37,36,35
Dkk3,7,2,8,5,5,3,1,3,2,5,9,5,10,5,5,9,7,14,6,4,0,17,8,2,9,10,5,15,4,13,13,7,6,5,3,5,6,6,6,4,13,8,6,1,7,8
Dlat,11,4,10,20,10,9,11,11,13,9,15,12,20,20,15,13,11,8,12,6,1,20,24,22,14,9,4,15,20,16,10,10,13,6,9,18,9,20,12,10,17,9,23,12,11,6
Dlc1,168,67,120,156,147,181,156,180,175,150,175,149,128,104,159,223,295,163,151,135,62,207,150,89,144,192,136,133,183,149,118,135,129,88,175,104,138,139,125,108,223,140,148,101,104,163
Dld,178,78,187,211,176,214,280,195,264,220,235,303,217,227,273,186,180,320,267,201,97,315,307,139,223,177,139,183,299,238,151,162,223,104,162,177,181,209,191,99,235,159,156,113,123,147
Dleu2,42,20,31,50,55,73,31,45,94,76,68,75,45,61,56,104,81,18,69,42,14,40,61,46,52,57,60,63,101,111,32,26,45,18,46,46,40,40,52,25,73,59,40,30,43,38
Dlg1,87,39,92,217,101,90,118,96,129,103,149,152,123,108,124,100,143,141,93,95,46,154,119,53,108,114,102,113,149,103,99,72,99,56,92,89,96,85,92,62,141,125,111,72,93,73
Dlg3,60,21,72,106,74,66,97,63,92,60,78,85,62,61,72,73,76,72,76,53,20,80,89,47,92,85,69,69,95,71,48,39,60,51,67,48,58,70,65,47,113,58,50,60,69,66
Dlg4,7,1,1,7,4,2,7,6,2,4,4,4,3,1,7,5,2,11,5,5,0,3,2,2,4,5,1,0,7,1,6,3,1,3,3,3,2,3,1,1,2,3,4,1,1,1
Dlg5,11,5,10,31,16,9,22,13,29,21,24,17,19,17,12,31,19,30,21,14,6,21,24,7,5,11,9,15,14,12,11,12,11,11,24,13,14,14,15,9,18,10,12,17,6,10
Dlgap4,30,9,34,34,23,39,40,32,43,29,35,55,27,29,25,31,36,41,25,17,17,36,36,17,29,21,33,35,45,42,55,27,29,40,29,26,27,30,26,7,32,43,30,15,29,41
Dlgap5,0,1,0,0,3,1,5,8,1,0,0,0,1,0,1,1,0,13,1,0,1,1,0,0,2,0,4,0,4,1,2,0,1,4,1,4,0,3,2,0,1,0,1,0,0,1
Dll1,21,10,14,49,16,19,18,13,13,12,21,23,25,17,16,10,13,29,16,9,9,36,18,11,13,13,16,13,19,15,17,5,15,15,15,6,5,10,14,10,20,4,15,12,16,21
Dll4,13,5,14,17,9,18,13,11,17,6,11,17,23,15,16,21,12,24,20,6,2,22,18,11,18,10,13,14,34,18,11,13,14,14,14,17,18,20,10,4,14,7,9,6,10,16
Dlst,633,242,459,860,541,624,788,766,707,565,792,798,731,687,858,720,899,1037,733,677,278,1134,948,599,762,637,664,758,1053,967,804,631,746,643,784,870,711,877,992,578,1162,914,821,610,783,745
Dmap1,66,40,57,97,75,74,89,90,76,87,127,100,78,69,79,96,114,112,72,78,26,99,89,71,85,76,65,101,95,97,92,41,86,60,85,73,60,78,80,65,113,96,87,72,71,53
Dmd,1,2,5,15,13,7,11,5,15,12,14,14,13,13,11,5,8,7,12,5,4,10,13,9,8,5,7,9,17,15,8,7,10,2,7,9,6,11,9,3,10,15,10,8,9,9
Dmgdh,941,475,882,1401,847,1372,1180,1098,1491,1013,1012,1298,1335,1516,1282,1173,1040,1276,906,955,443,1765,1685,953,1276,1235,1055,1174,2071,1619,733,977,1082,845,1278,1333,1049,1170,1346,800,1859,1249,1302,885,1223,1190
Dmpk,89,59,106,181,109,79,164,139,121,98,131,171,103,76,108,110,113,249,60,80,51,172,101,83,106,116,143,78,135,115,169,71,80,102,56,31,74,113,70,42,86,71,76,57,78,76
Dmrt2,3,3,0,1,3,0,3,5,1,4,1,1,1,0,1,0,0,0,3,1,0,6,2,0,1,2,1,1,1,1,0,0,0,1,1,2,1,2,2,2,1,0,1,1,0,0
Dmtf1,37,17,35,55,34,35,58,38,56,42,52,66,38,31,48,48,37,46,47,33,16,44,52,32,41,27,34,44,51,47,29,24,36,20,29,28,24,29,25,18,29,30,31,23,22,33
Dmwd,153,92,146,219,130,135,186,153,213,133,180,174,169,146,167,218,213,215,127,107,43,220,165,110,162,170,153,142,191,173,157,95,158,120,135,121,122,136,154,78,193,148,128,135,133,145
Dmxl2,29,11,28,41,38,31,43,30,34,21,32,37,28,43,22,29,34,55,35,35,17,53,50,17,35,32,22,25,39,37,17,16,23,20,19,19,28,26,25,14,38,14,23,18,13,16
Dna2,50,11,37,46,20,37,32,33,21,27,50,42,19,26,34,49,32,34,35,23,13,56,29,13,30,23,24,31,30,35,17,16,30,12,26,16,16,19,15,16,42,20,24,15,12,13
Dnaaf2,16,11,12,19,10,12,15,10,15,13,22,14,19,20,13,12,13,27,9,16,6,23,19,14,13,14,19,15,17,8,16,12,15,5,14,21,14,19,16,11,18,10,14,12,20,19
Dnaaf3,1,0,2,3,0,1,1,4,1,0,0,2,1,0,1,3,0,0,4,0,0,1,0,0,4,2,2,0,0,1,11,1,0,0,1,0,1,1,1,0,0,4,3,1,1,2
Dnaaf5,7,0,8,10,6,7,11,7,17,13,11,17,6,15,9,5,5,13,9,5,4,6,10,7,6,5,12,12,9,8,7,7,3,8,2,11,6,9,5,6,14,9,6,3,11,3
Dnaic1,6,2,4,11,26,5,2,5,34,6,7,30,2,2,3,8,13,0,9,14,3,3,0,0,6,3,31,0,2,3,0,0,1,0,4,0,1,2,1,0,2,1,0,0,0,0
Dnaja1,3,1,2,2,2,5,4,4,9,0,2,3,2,4,3,1,5,0,2,4,1,2,9,1,5,3,3,4,5,7,3,1,4,6,3,2,1,0,2,1,5,4,5,2,2,1
Dnaja2,70,25,69,151,78,96,112,68,131,93,107,145,84,75,102,112,118,115,70,95,37,156,108,75,81,82,98,104,113,136,68,75,83,49,96,79,79,75,74,51,116,89,97,58,61,75
Dnaja3,324,148,266,449,307,348,371,315,453,370,464,503,449,403,439,458,473,621,380,359,160,704,427,290,353,330,309,410,428,397,339,284,416,242,413,358,275,336,450,259,548,401,409,280,333,342
Dnaja4,8,5,18,10,27,10,10,18,31,15,12,24,11,14,12,18,14,7,12,15,6,10,29,12,22,16,12,22,11,15,12,17,16,12,13,11,12,15,20,7,21,21,12,11,17,11
Dnajb1,89,52,96,77,81,80,86,68,110,65,74,168,65,66,111,71,102,85,72,110,35,89,129,70,81,74,76,85,122,113,109,58,75,55,92,73,73,67,78,51,98,94,78,78,69,66
Dnajb11,301,140,316,293,344,372,281,256,575,343,406,881,337,252,357,389,322,391,316,342,136,326,352,193,366,275,418,526,314,385,313,267,340,234,339,258,247,328,314,190,522,314,298,239,249,203
Dnajb12,65,35,67,108,58,65,85,70,71,62,84,82,83,52,77,100,92,148,83,69,20,113,84,63,81,83,83,75,88,95,91,55,68,57,85,64,67,81,78,47,109,85,79,49,77,63
Dnajb13,3,2,3,4,3,0,5,4,1,0,2,1,1,1,4,3,4,7,2,3,3,8,3,0,6,1,1,2,4,5,7,0,0,5,1,2,1,0,2,1,1,1,1,5,3,4
Dnajb14,38,20,27,25,20,20,37,27,30,29,29,41,25,26,32,40,35,39,24,24,11,41,31,16,27,21,36,40,30,38,31,14,22,25,30,22,32,26,24,14,38,22,28,13,14,17
Dnajb2,197,105,156,187,114,153,178,200,194,194,215,286,160,137,176,215,209,137,198,180,48,108,223,111,147,149,180,228,224,160,163,178,152,149,213,209,157,209,203,121,274,161,194,145,163,151
Dnajb4,28,8,16,16,17,15,20,10,30,23,23,32,21,24,17,19,18,27,27,31,7,23,22,16,15,10,14,13,26,26,11,14,11,7,12,11,19,15,7,7,11,10,7,8,8,9
Dnajb5,9,3,8,10,6,5,7,2,19,15,7,16,5,3,8,13,18,4,8,8,0,3,10,7,5,9,10,8,8,4,4,6,4,8,4,10,4,6,6,7,18,7,8,7,7,8
Dnajb6,59,20,61,81,48,72,61,44,35,43,54,67,33,46,60,79,47,42,40,37,34,44,33,28,33,35,42,46,37,63,52,32,35,26,36,35,22,60,40,17,42,21,61,27,41,29
Dnajb9,150,117,155,176,160,163,183,141,262,134,218,550,124,150,173,201,175,225,177,213,74,221,172,127,77,124,168,176,197,179,154,199,157,121,169,118,100,134,158,92,293,207,135,132,115,150
Dnajc1,27,22,24,52,22,32,40,32,60,34,51,43,26,31,36,46,42,50,38,35,9,46,45,33,41,36,39,34,58,57,30,30,40,14,29,26,26,39,38,30,59,30,31,21,35,29
Dnajc10,86,36,56,114,95,58,93,114,154,76,130,194,59,79,98,104,140,271,98,90,29,200,97,52,95,87,89,85,100,90,107,52,87,36,78,55,72,89,73,52,114,87,66,39,55,68
Dnajc11,169,91,147,184,98,150,162,186,213,114,192,250,163,148,161,202,143,183,160,121,47,209,196,115,173,147,165,199,214,156,128,120,134,134,183,172,119,184,192,94,245,189,150,145,157,164
Dnajc12,154,84,342,274,917,205,120,137,1018,141,417,657,83,105,161,372,244,177,132,295,98,222,110,62,143,151,385,101,117,122,145,53,134,37,175,89,69,76,88,66,181,106,86,85,73,74
Dnajc13,84,32,71,96,49,66,91,88,105,69,98,84,80,59,95,98,84,119,96,75,42,123,87,53,82,73,53,74,102,106,74,69,75,58,64,54,55,78,82,56,109,78,69,64,63,69
Dnajc14,3,0,3,2,0,1,6,5,2,4,4,4,5,4,5,2,2,1,2,3,0,5,4,2,2,6,3,6,8,3,2,1,4,3,2,3,1,4,2,1,4,3,2,4,3,1
Dnajc15,134,65,131,230,138,149,186,167,197,164,163,209,190,179,190,186,170,264,181,172,80,319,241,111,205,153,137,191,253,206,176,136,165,129,201,216,203,233,212,148,272,220,240,139,193,214
Dnajc16,29,9,16,24,27,26,29,29,43,27,27,26,32,18,28,32,32,39,18,21,12,50,18,20,31,33,31,30,38,33,28,23,29,17,31,13,22,33,28,17,37,28,31,23,25,23
Dnajc17,13,4,16,12,7,12,19,11,15,13,12,24,15,19,24,21,12,17,17,6,4,21,13,8,18,17,18,18,12,13,17,9,17,8,17,16,12,18,7,7,12,13,22,12,12,17
Dnajc18,22,15,24,33,26,20,33,22,38,25,34,48,31,34,30,40,34,35,27,28,9,37,31,11,27,16,14,29,23,11,13,11,23,17,26,19,22,23,16,13,31,21,23,13,18,12
Dnajc19,208,154,311,428,370,359,420,341,521,302,428,413,450,391,453,452,475,532,380,394,156,686,485,343,473,382,301,290,539,517,407,308,537,256,375,414,403,339,371,220,646,436,407,346,404,364
Dnajc2,71,40,77,95,59,73,98,81,69,69,88,115,82,75,68,96,79,121,60,67,28,121,94,42,65,56,69,80,93,82,88,63,58,60,79,56,47,77,65,45,89,76,75,56,54,60
Dnajc21,110,58,78,125,87,91,95,60,123,110,132,152,101,78,104,120,170,146,85,70,46,145,132,72,76,76,88,84,107,101,77,66,86,55,95,71,59,85,80,54,103,71,95,56,69,58
Dnajc22,309,152,303,508,401,302,459,376,431,288,372,368,366,302,351,363,388,403,338,356,144,443,440,220,337,327,287,309,372,336,327,246,331,242,322,279,267,343,319,178,407,288,327,241,226,254
Dnajc24,35,21,44,56,50,41,57,51,53,45,55,70,50,51,47,41,55,58,42,34,18,72,62,43,50,39,42,52,60,54,36,37,54,31,40,48,46,47,38,28,75,52,40,34,40,51
Dnajc25,114,64,125,204,119,142,143,138,219,159,184,216,154,143,182,154,152,185,141,152,67,218,185,94,127,140,117,158,170,162,112,97,127,107,137,120,116,126,136,93,173,136,123,115,119,124
Dnajc27,2,2,4,4,3,3,1,5,5,1,6,4,3,7,1,5,3,6,2,3,0,8,2,2,3,2,4,6,7,4,5,1,4,0,0,1,1,2,2,1,2,1,5,0,7,0
Dnajc28,20,5,19,34,18,23,31,28,31,18,30,20,24,9,22,27,32,27,18,23,7,30,23,12,31,22,16,20,29,27,12,29,23,15,32,28,19,20,20,15,22,16,25,19,19,21
Dnajc3,353,159,298,409,342,399,323,294,647,431,509,792,360,347,490,487,481,437,400,393,194,417,406,206,358,326,407,572,356,440,367,294,420,252,342,324,285,328,358,201,579,390,314,235,301,288
Dnajc30,88,43,89,132,111,124,97,94,151,107,123,143,111,114,117,137,150,150,87,101,52,163,135,95,116,113,95,109,133,142,114,71,131,65,120,131,129,118,143,68,156,126,118,98,113,106
Dnajc4,95,36,70,144,81,89,121,127,133,99,130,108,83,67,124,100,110,131,92,110,40,124,128,84,127,102,116,135,148,125,72,90,84,95,85,91,71,116,127,82,154,113,132,70,118,113
Dnajc5,226,165,246,308,228,260,230,212,254,224,290,365,253,211,229,298,278,418,219,220,102,412,270,169,213,179,202,239,238,248,177,167,244,150,187,187,168,184,214,126,272,192,185,187,180,174
Dnajc7,151,79,139,204,94,131,158,111,165,128,162,215,166,137,137,211,198,147,144,144,33,167,174,102,126,138,128,117,155,140,102,103,133,94,143,144,111,136,122,80,146,127,142,122,119,115
Dnajc8,151,74,124,230,205,159,225,180,278,169,216,271,205,144,192,181,220,284,157,148,87,291,206,143,211,203,190,184,214,231,217,126,180,126,174,162,158,187,213,105,271,181,172,142,161,186
Dnajc9,15,18,29,43,37,21,39,49,38,18,32,36,28,25,49,38,34,71,30,23,17,44,47,16,28,31,36,39,40,38,40,28,30,34,31,22,30,34,22,12,43,37,27,31,23,22
Dnal1,6,2,3,8,3,3,6,5,1,1,4,1,5,3,3,11,9,5,4,4,4,11,2,2,4,3,6,2,1,2,3,2,6,1,2,4,3,3,2,4,5,0,4,3,3,2
Dnal4,46,25,39,77,49,59,48,59,73,51,65,77,51,60,49,53,56,86,43,46,22,77,64,34,56,47,37,65,55,68,49,42,35,41,44,50,41,44,58,27,77,48,53,33,40,45
Dnase1,3,2,4,11,0,4,2,0,0,0,14,2,0,4,5,13,9,1,10,4,2,0,3,0,5,1,3,2,2,6,11,4,11,0,5,4,2,6,4,1,6,3,1,1,2,5
Dnase1l1,21,9,22,29,16,20,30,26,32,16,22,30,21,18,29,30,33,33,22,14,11,37,25,20,17,21,14,24,25,24,28,21,22,18,19,20,19,28,24,9,23,16,22,14,11,23
Dnase1l2,10,4,4,11,5,5,6,3,5,11,11,7,4,3,2,4,5,6,2,5,2,5,5,3,4,4,1,9,8,6,2,4,6,4,2,8,4,6,8,4,10,3,4,2,4,2
Dnase1l3,17,8,10,22,8,13,24,18,13,14,12,10,24,8,21,22,17,11,17,12,6,19,18,7,16,13,8,13,18,20,32,9,15,13,19,8,10,16,14,5,14,11,17,7,8,15
Dnase2a,35,20,39,81,46,33,49,45,39,24,45,45,26,22,31,41,43,62,35,24,11,57,26,23,23,30,20,21,18,36,57,23,30,25,34,12,22,22,30,19,26,20,29,23,28,16
Dnase2b,34,27,44,66,40,44,56,45,108,69,51,89,63,69,69,76,66,37,57,46,25,88,91,38,54,52,49,48,117,53,29,39,43,21,50,68,55,49,52,32,77,50,64,32,57,66
Dnd1,2,2,1,7,3,2,7,5,0,5,4,8,0,2,1,3,4,3,1,4,1,4,1,5,3,1,2,0,0,2,4,0,2,2,1,2,2,1,2,0,6,1,5,1,6,3
Dnlz,31,20,60,54,56,61,36,40,78,42,63,93,54,51,62,49,55,80,37,40,21,60,47,34,47,51,46,56,55,57,37,37,42,45,56,42,52,48,60,30,55,33,39,45,49,46
Dnm1l,60,31,54,76,54,42,87,57,72,78,68,106,81,65,73,59,79,93,86,55,24,100,110,43,60,57,61,77,90,79,48,51,70,50,76,71,53,67,63,53,90,76,90,45,53,63
Dnm2,186,90,181,282,193,197,256,258,299,171,282,288,206,182,226,270,282,360,184,179,76,324,280,136,226,229,222,226,206,211,229,146,203,196,203,189,178,228,248,154,300,205,215,160,195,170
Dnmbp,143,37,76,217,111,131,105,97,171,116,152,103,116,77,97,336,321,243,118,105,52,246,124,100,95,134,75,145,139,133,120,144,126,114,115,178,92,120,126,77,200,146,133,103,108,109
Dnmt1,20,14,25,46,24,20,56,31,24,30,27,40,24,19,26,27,38,59,33,20,10,30,33,18,26,18,30,27,28,26,49,13,26,38,28,26,25,21,25,23,37,18,31,19,24,28
Dnmt3a,24,15,18,42,26,20,37,38,27,35,55,39,16,17,28,42,36,34,31,20,10,35,25,17,32,27,26,27,37,28,28,16,22,12,24,20,21,24,28,23,50,19,20,19,16,29
Dnmt3b,5,4,6,10,16,13,11,7,16,11,13,28,16,11,6,11,13,8,7,11,6,14,6,8,16,17,11,12,8,15,5,7,6,5,9,5,8,8,13,5,14,7,12,11,3,2
Dnpep,222,114,233,308,248,283,306,279,486,279,298,464,276,216,351,364,331,380,281,222,100,332,324,191,290,307,279,363,339,341,329,223,269,202,322,269,258,306,325,172,378,282,293,202,213,256
Dnph1,62,21,52,80,57,48,62,78,101,69,67,117,83,53,77,47,77,48,56,67,27,41,89,63,107,86,76,68,94,87,51,64,63,56,62,70,52,65,77,58,122,121,73,57,87,56
Dntt,15,8,14,21,52,49,38,45,56,27,12,22,23,21,25,28,49,68,10,24,14,39,58,9,33,31,23,25,99,33,33,37,17,34,47,52,66,57,28,21,41,21,41,23,30,34
Dnttip1,95,58,92,158,102,109,128,123,123,90,131,132,92,91,111,145,152,252,81,90,42,253,142,65,118,103,86,98,159,118,134,67,102,72,81,84,83,102,90,61,147,75,110,68,78,99
Dnttip2,74,37,55,105,72,38,70,59,90,66,78,118,88,79,101,66,74,98,53,56,42,83,70,36,63,59,67,71,90,66,47,43,60,26,62,24,55,48,62,41,59,41,54,41,48,65
Doc2g,16,7,13,15,14,15,21,19,15,10,15,27,9,9,15,14,16,26,13,13,3,18,8,10,12,9,13,18,19,10,7,11,18,14,11,12,8,14,14,5,23,13,16,6,20,9
Dock1,28,13,18,43,46,20,31,31,51,37,45,54,43,35,34,36,43,55,35,30,11,41,49,13,34,31,31,33,31,54,17,16,35,20,35,44,25,43,33,30,65,40,29,18,24,21
Dock10,18,10,24,51,32,11,39,29,21,18,23,16,18,11,32,22,26,34,25,24,14,51,29,11,32,17,23,16,24,29,69,20,16,23,8,18,23,14,19,5,24,11,26,20,13,23
Dock2,6,7,12,23,20,11,23,29,17,9,19,23,10,3,12,13,10,28,11,11,5,41,13,6,11,9,18,9,17,7,40,4,5,20,4,6,7,12,10,6,9,8,11,5,6,6
Dock4,11,0,2,13,2,6,7,8,7,9,8,12,11,3,21,6,8,9,9,8,3,7,11,9,6,2,8,8,8,8,3,3,8,2,11,4,4,5,5,6,8,4,5,0,2,4
Dock5,20,16,23,43,18,27,24,12,32,23,28,30,19,26,31,33,23,31,27,15,4,37,17,14,25,21,20,20,40,29,27,18,18,7,25,21,19,13,12,13,28,15,28,15,13,27
Dock6,53,29,46,75,57,57,78,104,89,94,62,109,54,57,73,59,67,61,76,62,21,82,88,42,69,69,73,60,131,71,52,47,67,58,62,64,70,84,56,49,73,61,83,67,61,63
Dock7,16,4,10,21,11,10,27,27,22,15,9,29,18,17,15,15,11,18,18,11,3,42,25,11,15,18,9,18,27,9,10,11,17,9,12,22,14,12,18,7,12,5,18,9,7,15
Dock8,65,45,48,111,57,57,146,95,69,59,76,81,72,50,93,97,75,50,55,55,28,52,118,81,99,88,84,89,145,92,66,64,80,55,109,92,92,88,107,60,134,105,93,85,96,97
Dock9,24,14,19,37,18,16,24,22,25,29,36,28,35,23,26,34,41,46,34,23,16,48,34,22,21,15,16,29,35,17,37,13,29,17,32,22,13,29,25,19,47,26,19,23,20,30
Dohh,130,88,152,237,116,120,187,137,158,145,196,231,175,140,161,179,178,180,176,142,51,191,163,97,160,103,133,159,200,164,113,101,152,129,164,154,120,125,150,91,231,160,153,133,138,122
Dok1,12,6,7,22,9,14,18,20,14,4,12,8,11,16,22,10,14,26,13,10,6,22,17,13,14,8,16,11,18,12,46,11,4,18,6,8,14,15,9,3,19,7,16,5,5,10
Dok2,15,9,15,24,24,13,31,24,19,12,31,21,15,6,26,18,24,27,14,11,12,44,16,10,14,7,26,9,25,19,76,7,8,19,18,9,13,9,14,1,10,11,13,14,10,21
Dok3,18,9,23,38,23,22,32,43,28,20,32,30,21,19,29,21,21,21,12,18,7,23,26,12,31,19,18,20,22,32,42,22,10,19,6,11,10,21,13,14,19,16,19,9,14,11
Dok4,6,7,5,5,7,3,10,9,6,10,11,12,10,9,6,6,10,13,10,2,4,5,9,4,5,14,11,2,8,6,12,3,6,2,5,5,7,5,5,2,2,4,5,6,2,3
Dolk,67,38,59,133,74,69,84,85,107,83,99,95,111,73,99,103,100,127,84,76,38,138,75,57,84,98,68,95,117,94,71,56,99,45,81,78,66,85,85,48,105,90,80,65,70,65
Dolpp1,86,44,96,124,74,83,111,100,91,100,154,133,71,75,87,103,118,92,88,102,32,85,116,66,106,85,94,89,136,87,101,70,101,85,97,79,70,76,95,50,144,76,93,74,81,82
Donson,5,10,13,20,13,13,17,28,23,10,12,26,17,14,18,15,17,24,15,10,9,19,15,5,21,9,13,22,19,13,9,13,14,9,12,7,16,16,11,11,25,16,12,10,4,16
Dopey2,180,71,163,210,194,158,178,226,267,150,220,333,204,196,175,255,216,273,237,204,88,250,195,160,222,228,232,200,312,160,256,162,214,171,153,145,213,164,203,115,328,207,183,149,160,150
Dos,17,3,7,16,12,9,12,10,12,13,19,17,15,9,13,23,16,17,6,12,6,11,6,3,12,11,10,11,8,8,14,7,9,9,11,5,11,11,6,5,20,6,7,6,9,8
Dot1l,72,22,35,55,34,36,41,36,22,29,33,60,41,26,47,45,48,70,38,27,15,58,32,17,20,26,30,35,34,32,24,25,19,19,25,18,21,28,35,13,32,22,26,19,14,11
Dpagt1,75,37,60,67,42,79,62,75,98,65,102,138,72,50,72,110,85,135,70,63,22,85,105,53,68,75,70,96,88,69,65,45,55,52,65,55,51,71,72,27,83,53,66,40,60,60
Dpcd,51,32,59,89,61,50,83,83,88,78,64,94,70,77,77,85,92,86,66,78,29,86,64,44,69,83,62,71,87,70,69,39,59,62,76,63,63,58,71,45,93,93,78,50,65,73
Dpep1,2,3,3,7,1,2,3,7,5,2,9,2,8,4,6,2,8,6,3,0,2,11,4,2,2,8,0,5,4,9,0,1,4,1,3,4,2,4,3,0,9,4,3,3,0,4
Dpf1,1,0,1,0,1,0,1,0,0,1,0,9,1,0,3,0,2,1,0,0,1,2,1,0,2,0,2,1,1,0,0,0,0,0,1,0,2,0,0,0,1,2,0,0,0,0
Dpf2,86,52,85,121,64,80,128,77,134,86,123,128,136,129,123,102,105,112,85,74,26,135,142,61,104,78,89,94,86,121,139,64,84,75,74,82,77,95,82,49,126,102,109,55,64,92
Dpf3,4,1,3,5,3,2,3,1,3,3,1,8,2,3,3,2,6,0,1,4,0,1,0,1,1,0,1,4,4,0,6,2,2,3,4,1,1,2,1,0,2,2,2,3,2,0
Dph1,68,45,65,109,42,84,98,77,119,77,92,116,86,98,92,77,63,129,68,88,13,132,79,29,76,60,87,92,113,90,77,70,80,70,75,84,55,82,81,62,114,81,83,73,71,78
Dph2,23,12,12,34,22,14,22,26,22,17,33,30,23,25,20,20,10,35,14,13,8,31,24,20,13,10,21,21,23,24,23,7,11,15,25,8,20,11,17,7,19,19,24,15,16,10
Dph3,34,21,29,42,29,25,35,37,58,39,41,62,33,39,44,44,46,52,32,42,16,61,62,26,44,37,53,44,55,49,33,37,37,25,37,41,35,31,44,23,78,38,29,19,26,37
Dph5,49,27,37,78,37,40,38,42,49,28,63,77,48,30,55,51,66,78,27,44,17,101,57,38,32,44,39,39,53,35,44,38,45,34,49,37,46,41,38,35,47,38,29,36,37,50
Dph6,23,9,19,24,26,22,21,37,26,17,36,24,23,29,23,28,33,66,28,19,9,61,25,18,22,15,19,28,22,24,26,23,33,20,19,18,23,25,18,13,25,15,22,20,17,25
Dpm1,2,0,1,2,2,5,0,2,6,6,1,4,4,5,3,2,5,2,3,4,1,3,4,4,7,6,5,3,3,3,1,1,6,4,1,5,5,4,4,2,9,4,3,2,6,3
Dpm2,142,70,128,156,145,187,171,151,196,147,169,237,150,120,179,159,136,207,136,141,59,172,166,73,155,149,133,146,168,171,126,93,150,96,141,134,106,157,129,88,199,163,137,111,124,145
Dpm3,409,274,401,622,274,461,484,467,598,463,664,706,456,439,538,653,612,492,509,443,166,711,537,265,418,473,505,536,582,513,388,246,520,374,434,391,378,417,470,266,648,496,401,337,406,414
Dpp3,255,131,236,320,212,224,334,290,343,268,308,379,264,256,280,313,317,472,246,310,87,307,293,171,280,263,213,307,345,330,298,189,268,203,257,262,229,241,226,154,390,296,229,184,232,222
Dpp4,49,15,34,63,27,42,39,42,39,50,44,47,39,35,46,55,53,22,39,49,9,36,49,27,36,45,33,47,63,42,26,30,56,28,29,38,31,39,30,24,71,39,41,25,34,29
Dpp7,117,42,75,151,87,92,121,125,182,98,156,150,107,90,107,152,129,94,101,94,35,92,177,78,121,130,93,98,104,115,104,70,105,81,98,91,100,126,103,79,161,110,102,67,81,83
Dpp8,30,18,29,57,36,44,42,37,49,29,50,29,35,31,51,41,41,67,42,23,12,73,54,15,39,32,32,30,48,44,45,18,26,21,37,22,25,31,45,15,47,29,33,14,29,18
Dpp9,289,140,260,374,280,328,320,273,523,289,418,569,304,274,308,374,339,436,297,252,125,393,375,189,261,297,327,322,340,316,234,187,255,219,253,224,233,239,273,161,385,239,267,181,200,217
Dpt,18,6,4,25,17,14,24,34,17,12,25,8,13,21,14,5,20,23,22,15,6,9,21,5,4,29,20,34,16,20,21,11,13,16,7,12,10,14,15,10,30,15,17,6,13,9
Dpy19l1,80,50,63,105,82,79,80,55,110,97,101,120,101,74,104,98,80,63,78,103,25,58,130,44,90,116,75,92,90,105,63,56,120,62,82,81,73,97,93,56,140,77,73,63,60,74
Dpy19l3,9,4,15,11,3,7,8,15,5,12,16,6,4,5,12,14,15,7,9,11,5,7,19,22,39,20,12,18,7,17,24,9,26,8,14,24,9,8,24,22,43,33,18,12,11,13
Dpy30,146,63,138,201,170,145,150,162,206,126,177,213,205,173,209,200,207,295,168,164,85,241,222,110,170,159,136,202,232,222,154,115,160,138,169,185,149,147,163,110,252,168,164,116,145,178
Dpyd,366,220,386,503,317,414,411,251,627,425,409,561,414,485,474,480,349,224,418,376,170,535,597,426,421,520,359,538,778,610,227,366,498,175,506,444,375,422,426,274,520,406,431,293,352,382
Dpys,1198,503,897,1433,551,856,876,749,1367,1250,1306,1305,1277,1174,1379,1626,1730,654,1183,1034,311,1127,1117,608,845,760,896,1092,1454,1132,786,685,808,677,928,890,687,914,1155,533,1128,1006,835,636,819,841
Dpysl2,7,3,5,9,6,3,3,6,5,3,4,16,4,2,11,8,8,8,8,4,1,4,16,6,3,2,10,10,9,4,9,2,6,2,6,1,2,5,8,6,8,2,9,2,4,10
Dpysl3,9,4,5,5,6,1,4,4,6,3,6,1,6,2,4,8,1,7,3,3,0,5,7,3,2,3,1,5,7,7,2,1,4,3,2,7,5,2,2,2,7,2,2,2,1,4
Dpysl4,1,2,4,5,0,0,5,3,2,3,1,4,2,0,0,5,3,2,1,4,0,0,6,0,2,1,2,2,1,3,1,5,3,2,1,1,1,5,1,1,7,1,1,2,2,3
Dqx1,7,4,2,7,2,1,9,4,11,8,6,2,5,6,9,5,2,10,1,5,1,9,4,2,2,1,2,4,10,6,3,3,5,3,7,3,6,3,0,1,4,3,4,1,5,3
Dr1,20,24,20,54,27,31,33,27,42,27,33,56,29,33,37,30,32,27,25,37,14,50,38,20,35,19,41,32,55,33,26,27,28,15,30,25,26,29,28,14,28,27,33,34,25,35
Dram1,2,1,2,9,5,1,8,6,2,2,3,7,2,0,1,2,4,8,2,2,0,5,1,4,1,4,5,1,2,0,23,1,1,2,2,0,2,0,1,0,3,6,1,5,1,1
Dram2,96,32,57,91,61,60,79,55,62,77,105,93,60,63,79,95,88,83,82,70,30,87,78,41,73,53,69,75,83,79,61,55,68,49,59,46,44,38,51,49,64,60,66,50,53,46
Drap1,334,138,278,375,170,289,299,231,381,242,380,436,336,285,336,396,347,439,300,250,103,482,354,271,268,331,296,316,374,331,319,282,278,269,335,301,259,282,331,161,439,280,312,216,222,247
Drc1,3,0,2,2,3,3,2,2,8,7,4,2,4,0,3,3,2,3,3,4,1,2,2,4,5,2,2,4,7,4,3,4,1,7,5,5,4,2,3,1,6,3,2,4,2,5
Dreh,2,0,6,4,4,4,3,3,8,3,1,3,5,4,2,2,1,5,3,2,7,2,8,5,7,4,1,2,2,4,2,0,2,2,1,1,0,3,2,2,1,2,1,1,0,0
Drg1,59,33,54,102,60,61,52,55,102,80,57,75,72,57,99,87,73,90,52,61,21,65,74,52,61,61,46,76,99,61,60,33,63,41,64,41,75,70,53,36,91,84,85,40,44,82
Drg2,110,67,130,158,74,112,169,118,174,110,164,164,127,102,150,148,127,105,109,104,29,128,103,105,129,136,128,113,159,134,82,104,107,108,129,83,104,129,116,92,161,130,122,106,102,118
Drosha,44,20,32,71,45,55,57,59,68,34,59,67,49,32,51,60,50,77,54,53,18,79,45,24,50,49,36,48,59,53,44,35,47,36,44,39,26,46,52,32,82,39,58,37,27,37
Dsc2,68,24,29,113,52,55,53,43,80,66,64,49,61,25,61,106,69,66,65,41,11,71,44,35,55,62,39,64,84,64,45,39,61,27,56,42,56,33,39,32,67,57,49,39,41,46
Dscr3,91,52,89,161,99,95,125,106,169,104,135,133,110,99,127,145,126,183,105,81,40,217,111,78,102,96,88,87,139,123,133,78,101,84,88,89,73,93,105,63,137,93,88,75,71,76
Dse,2,2,3,10,14,10,7,9,3,10,17,7,3,9,4,6,11,10,13,6,1,7,7,5,5,2,1,2,4,7,8,4,4,3,2,5,5,6,7,4,5,1,2,7,1,5
Dsg2,204,76,109,145,126,126,146,107,214,196,158,251,132,143,159,181,163,152,249,159,40,162,205,93,119,148,108,172,201,189,51,91,140,56,126,106,105,147,85,74,124,114,110,58,90,121
Dsn1,2,2,1,6,3,1,6,2,3,5,2,1,2,1,2,2,1,10,2,2,1,4,2,2,0,3,2,2,5,2,2,3,1,1,1,1,4,1,0,3,0,2,2,0,2,2
Dsp,85,60,105,178,111,98,93,100,136,122,124,119,121,88,111,154,205,196,118,139,52,211,130,77,97,99,88,142,148,155,91,75,164,72,124,115,140,105,148,82,150,112,122,101,115,127
Dst,230,99,167,361,219,251,264,223,338,244,330,377,291,273,271,335,276,301,226,191,75,301,247,142,255,264,265,239,289,235,186,172,210,186,236,221,206,246,273,164,319,229,270,191,225,203
Dstn,28,16,23,41,24,32,28,29,44,28,37,36,13,27,29,39,30,42,28,33,8,36,21,16,25,15,31,31,29,36,35,19,31,14,16,25,23,26,31,12,29,26,25,20,27,31
Dstyk,9,6,7,14,6,3,10,12,11,10,14,9,7,9,10,12,6,9,7,9,4,15,16,4,7,10,13,17,15,7,7,6,5,6,8,9,5,6,10,4,7,9,7,4,7,11
Dtd1,56,32,63,97,68,86,86,80,121,70,88,115,96,86,84,87,93,153,78,73,31,148,74,47,102,62,52,79,112,87,86,46,87,57,68,73,83,76,77,52,119,78,79,48,64,75
Dtl,0,0,0,2,1,1,1,2,2,0,1,0,0,0,0,0,1,13,0,0,1,1,0,2,0,0,0,0,1,0,2,1,1,0,1,1,5,2,2,0,0,0,1,1,1,0
Dtnb,87,38,71,136,84,73,127,114,103,87,130,124,84,102,82,163,118,129,99,85,34,135,120,66,97,96,93,95,129,79,64,52,80,63,79,94,85,78,97,51,140,99,64,63,76,90
Dtnbp1,304,152,294,415,286,324,302,318,371,314,398,319,402,288,373,489,410,479,309,279,139,667,424,237,328,294,291,327,425,331,318,206,318,237,374,281,239,260,304,176,441,277,319,249,251,263
Dtwd1,38,21,47,53,49,50,58,45,63,42,64,73,40,49,44,53,64,74,44,36,19,65,61,33,52,56,39,52,73,43,37,23,60,31,46,41,41,45,53,25,59,44,48,43,40,40
Dtx1,3,3,8,6,5,1,1,7,3,6,3,4,2,1,6,7,2,4,3,3,2,2,4,0,2,2,2,5,4,3,3,1,1,2,1,1,4,4,5,3,4,1,4,0,2,2
Dtx2,30,14,26,47,28,24,42,49,29,31,47,62,20,25,39,54,58,53,23,21,9,49,33,29,35,28,39,35,32,26,34,20,28,18,37,31,35,27,36,28,56,33,26,27,21,20
Dtx3,10,2,7,9,10,9,12,8,9,11,14,5,9,6,5,7,7,9,7,10,1,13,10,3,3,8,9,8,9,9,8,5,8,6,7,1,4,8,4,4,19,1,6,3,7,7
Dtx3l,31,18,50,45,33,48,61,36,72,45,41,62,56,40,69,42,41,54,62,49,12,32,50,35,33,29,34,43,48,45,58,33,27,23,37,34,18,39,40,23,49,30,18,23,23,28
Dtx4,17,11,17,35,20,16,29,26,33,29,32,42,22,23,23,27,33,44,21,20,5,43,36,21,33,30,23,30,17,24,15,24,31,17,22,23,19,19,20,20,26,29,12,18,14,16
Dtymk,100,47,98,142,133,104,139,114,116,112,133,183,128,84,113,116,105,179,123,96,51,161,153,99,126,136,93,123,133,141,111,81,107,89,121,114,98,115,141,61,181,126,116,80,103,94
Dus1l,415,213,335,587,324,434,415,397,549,388,524,618,493,457,476,651,521,717,416,367,168,831,453,323,470,524,342,488,396,452,375,285,545,306,509,393,356,424,494,238,649,535,466,418,402,393
Dus2,35,12,36,34,36,39,41,46,48,32,38,51,36,33,30,37,37,66,30,26,10,50,35,30,42,27,45,50,42,36,43,27,36,29,43,25,21,31,32,27,63,35,36,27,52,33
Dus3l,58,27,54,101,67,71,62,62,79,70,106,104,81,56,76,89,77,126,83,58,25,160,58,44,50,70,40,76,76,64,59,54,62,55,61,51,45,56,52,48,99,72,59,44,63,62
Dus4l,2,2,1,4,5,1,6,5,5,2,4,7,3,5,5,2,2,11,1,2,1,7,1,2,3,5,2,7,5,3,2,2,4,2,4,7,3,1,1,2,4,8,4,2,4,3
Dusp1,61,21,29,78,52,107,82,96,84,66,60,59,71,137,81,54,82,168,99,32,29,153,129,121,135,78,39,109,75,83,99,86,101,55,87,84,48,83,133,63,236,94,124,64,61,82
Dusp10,11,6,6,32,12,11,11,18,17,20,11,23,17,8,16,12,16,41,19,7,7,24,23,14,11,12,6,8,17,3,23,10,4,16,14,13,4,12,16,5,28,10,14,14,8,6
Dusp11,133,66,117,157,141,109,125,102,145,113,165,167,141,105,112,161,142,140,139,102,41,157,149,83,98,116,116,132,106,128,80,77,120,66,106,107,93,87,120,57,178,84,115,107,83,95
Dusp12,45,28,37,63,66,38,50,51,87,54,47,63,46,38,52,52,58,59,49,55,23,80,57,16,46,55,39,48,77,70,45,48,69,40,37,44,54,52,52,23,84,32,54,39,43,61
Dusp14,0,0,0,2,3,2,3,9,13,3,2,8,4,1,1,2,1,2,5,2,1,3,6,2,5,4,3,6,3,3,3,2,0,5,2,0,2,1,4,2,6,4,5,2,2,0
Dusp16,118,42,77,115,107,93,103,89,150,118,124,118,111,92,138,120,122,168,122,85,48,174,110,64,92,102,109,82,152,119,87,62,89,60,84,76,77,99,90,59,125,84,96,45,72,76
Dusp19,16,17,30,27,31,17,33,23,41,26,36,33,34,25,29,28,24,28,30,24,11,19,45,27,28,19,32,34,46,36,28,20,37,21,27,32,37,36,28,13,51,30,31,28,15,29
Dusp2,4,3,6,21,7,7,8,8,1,4,12,7,13,2,4,7,12,11,3,5,6,16,10,4,7,7,7,3,9,10,21,2,2,14,1,3,6,5,5,1,2,8,3,2,1,3
Dusp22,94,48,90,125,109,98,114,106,114,105,123,108,104,109,126,146,130,175,101,100,35,137,135,83,112,81,101,105,143,124,128,91,113,80,120,81,86,97,90,54,131,116,105,79,85,75
Dusp23,162,72,119,202,112,180,185,140,219,122,182,197,150,154,178,195,196,262,106,125,52,195,182,112,124,174,120,164,163,160,153,110,127,95,196,149,130,189,144,85,160,141,151,118,119,113
Dusp28,42,27,33,58,24,48,38,42,57,34,63,69,39,37,37,76,65,52,51,43,11,92,52,28,39,40,30,46,46,40,35,40,40,24,46,44,34,43,43,25,45,43,45,39,40,22
Dusp3,253,148,257,405,217,231,340,247,314,236,377,337,293,300,301,406,365,442,288,243,114,522,220,182,235,267,288,279,239,308,213,223,268,213,280,315,212,238,306,171,354,280,271,245,217,252
Dusp4,2,2,4,5,1,2,2,4,1,3,4,0,8,3,4,4,3,16,5,1,1,19,1,2,3,0,2,3,3,1,9,1,5,3,6,1,2,1,5,1,3,2,0,2,1,0
Dusp6,57,34,70,138,111,51,115,73,76,75,93,73,82,61,135,49,65,87,42,34,34,35,77,39,34,36,68,41,92,104,96,47,58,34,59,39,55,61,89,30,55,67,35,58,46,62
Dusp7,25,17,21,21,20,13,30,21,18,12,31,42,23,9,16,29,19,19,21,17,6,15,21,16,13,11,19,19,20,17,25,15,13,11,11,12,11,24,17,7,16,16,13,7,10,11
Dusp8,12,1,3,14,8,3,8,2,8,3,8,9,8,2,3,8,10,27,2,3,4,18,5,2,4,9,4,7,2,3,8,4,1,4,2,4,4,2,3,5,11,2,9,2,2,3
Dut,5,0,5,2,5,3,5,2,1,5,4,3,3,3,3,5,2,4,3,4,0,4,5,3,9,3,1,4,3,5,3,3,6,3,2,2,4,1,6,0,7,2,4,2,3,5
Dvl1,242,141,254,403,277,225,395,289,316,286,328,340,311,252,294,333,323,318,263,236,87,385,327,164,261,279,248,229,299,279,173,200,263,208,269,250,199,245,289,179,363,229,267,200,220,198
Dvl2,38,19,28,47,24,29,24,28,38,25,28,44,31,24,33,45,40,37,38,27,4,47,28,23,26,27,26,25,40,30,19,13,36,19,24,36,29,34,31,16,29,23,31,22,29,19
Dxo,76,57,103,92,57,82,101,108,126,100,132,186,67,101,109,127,89,178,85,76,25,175,102,78,79,109,88,124,105,108,90,79,87,60,93,56,69,100,89,51,127,77,94,60,91,87
Dym,127,64,129,169,101,159,158,151,159,132,182,154,168,138,190,211,202,216,169,124,52,176,206,118,177,162,150,166,177,216,128,131,184,109,149,165,114,157,208,119,207,203,174,128,151,145
Dync1h1,326,170,299,404,185,225,347,289,269,244,397,312,287,249,305,378,334,496,283,262,80,455,348,169,216,267,268,279,319,269,323,183,241,191,259,261,222,268,254,188,376,292,271,200,223,244
Dync1i2,170,106,192,281,165,209,271,263,247,200,256,253,219,202,244,253,265,307,238,180,93,310,216,178,225,210,149,210,237,218,208,152,227,163,194,202,201,217,204,154,296,234,195,160,238,169
Dync1li1,7,3,9,10,6,8,7,5,4,5,18,10,4,6,5,13,10,8,9,8,3,8,10,1,6,2,8,6,5,7,8,3,4,2,7,4,2,1,8,3,3,3,3,1,2,3
Dync1li2,45,23,35,46,27,22,28,31,49,37,59,29,35,27,36,44,34,34,34,32,6,39,32,19,21,16,25,37,34,50,20,14,18,14,23,24,29,25,23,13,28,27,28,15,21,26
Dync2h1,7,6,5,12,4,8,9,7,9,5,13,14,7,6,7,12,11,11,3,6,2,13,16,6,6,9,4,7,9,6,4,5,7,8,6,6,6,10,4,3,6,8,4,8,5,8
Dync2li1,6,5,4,8,8,7,20,15,11,6,10,11,9,6,5,7,8,22,8,4,3,9,12,4,5,14,8,7,13,2,3,6,2,5,5,3,9,10,8,6,14,8,7,8,4,6
Dynll2,609,258,397,608,387,470,633,598,690,554,565,554,526,521,535,631,548,493,591,477,186,652,644,422,591,513,558,479,783,591,430,364,572,443,563,556,474,542,623,373,812,656,468,426,551,513
Dynlrb1,402,220,398,606,326,473,509,509,504,467,608,597,510,460,533,533,515,533,447,437,143,480,481,361,440,429,432,541,543,510,447,394,515,388,495,454,354,550,540,374,634,525,417,395,410,413
Dynlt3,28,14,27,51,23,30,32,34,43,48,34,44,47,24,45,40,33,37,42,29,9,33,54,25,34,45,19,45,51,32,25,47,44,20,42,32,50,30,39,21,54,38,37,33,40,45
Dyrk1a,43,19,42,74,47,51,47,41,78,46,56,50,71,51,57,60,52,68,40,50,15,84,52,31,48,47,46,48,45,52,40,28,50,23,45,42,39,31,40,22,49,55,36,31,43,51
Dyrk1b,17,8,8,39,12,11,16,23,12,17,19,10,10,8,12,29,29,18,29,14,6,14,15,15,20,21,15,25,24,22,15,8,12,18,23,21,17,18,19,11,22,18,24,15,13,15
Dyrk2,19,4,17,40,12,13,23,19,19,23,22,14,22,22,25,34,18,25,17,17,9,31,16,8,12,18,24,17,11,26,18,9,13,16,24,17,13,17,17,12,30,10,20,11,16,16
Dyrk3,4,2,3,12,8,5,7,4,6,7,4,6,5,3,8,8,3,19,2,2,4,17,3,3,6,8,5,6,2,9,5,2,1,4,7,0,4,4,5,1,11,2,6,5,3,1
Dysf,24,12,18,24,18,15,26,15,22,11,26,25,17,10,15,20,17,23,17,9,5,16,13,7,15,8,12,13,9,18,24,10,8,9,12,10,9,19,8,4,11,12,20,8,12,16
E030018B13Rik,0,0,0,1,0,2,0,0,4,0,0,0,6,2,1,0,0,0,0,0,0,7,4,1,6,4,0,0,1,0,0,2,2,0,1,0,0,0,3,1,15,1,1,0,0,0
E030024N20Rik,31,10,18,26,4,11,15,7,12,14,16,16,15,10,18,16,14,16,8,8,2,12,19,6,16,13,19,12,15,6,19,7,7,7,6,4,10,10,9,10,8,3,14,8,7,7
E030030I06Rik,21,6,21,25,7,14,24,15,25,22,18,19,18,17,23,26,13,20,14,14,3,23,25,15,23,26,18,21,16,17,11,17,15,8,22,25,14,18,20,10,32,20,12,5,12,11
E130012A19Rik,82,52,63,120,85,69,99,87,115,76,100,117,92,78,91,133,126,114,78,67,38,175,124,79,102,126,90,112,156,100,52,69,91,71,83,75,104,77,96,45,142,75,83,86,107,91
E130102H24Rik,13,6,16,13,18,17,18,5,27,13,16,9,13,10,16,20,21,15,8,10,5,28,6,7,4,10,5,11,9,9,7,6,17,4,6,9,10,8,3,2,10,11,9,7,6,10
E130307A14Rik,5,3,1,3,0,6,1,3,4,4,4,1,3,4,1,5,2,5,4,0,2,4,2,1,8,2,2,2,5,3,4,2,2,0,0,2,4,0,1,1,3,4,3,2,3,2
E130308A19Rik,10,10,10,19,9,7,13,16,15,7,11,21,11,12,8,10,10,24,11,7,4,16,9,6,8,9,5,14,10,13,10,15,7,8,7,5,12,7,6,6,14,10,5,8,8,11
E130309D02Rik,96,51,104,112,88,94,126,112,101,67,125,133,114,112,112,126,93,136,104,69,44,123,118,66,93,78,90,100,134,113,90,73,92,72,114,88,86,108,109,67,131,110,87,65,97,114
E130311K13Rik,35,11,21,38,37,36,47,38,33,31,47,45,35,19,32,44,37,76,32,27,15,60,54,33,45,42,33,46,47,44,42,24,45,34,46,46,33,38,41,36,64,28,51,40,45,42
E230013L22Rik,1,4,5,6,6,2,3,4,9,3,5,11,4,3,3,1,10,7,7,6,4,6,9,3,6,4,2,1,8,4,4,3,2,4,2,5,1,6,2,1,4,7,8,3,3,3
E230016M11Rik,2,3,1,7,5,2,8,13,10,11,9,4,4,1,2,8,8,8,7,5,4,9,7,6,7,10,5,10,12,7,7,0,6,5,7,3,3,7,2,4,5,4,8,5,4,1
E230029C05Rik,3,1,5,6,2,2,6,1,5,3,8,6,1,0,6,3,2,5,1,3,0,7,0,2,2,2,4,2,2,5,8,2,2,2,0,0,0,3,1,1,1,1,4,0,1,3
E2f1,10,5,10,20,22,21,20,20,12,15,17,24,13,10,17,21,9,36,14,14,6,9,14,9,17,19,26,20,19,18,25,13,8,21,17,12,20,20,21,10,17,15,18,17,12,16
E2f2,3,2,1,1,6,6,5,6,5,4,3,8,4,9,5,4,3,10,3,4,2,8,9,7,7,3,9,8,10,3,7,3,3,5,4,6,7,3,4,4,7,11,4,1,5,2
E2f3,27,17,26,59,33,28,45,25,32,26,49,46,30,29,29,34,36,41,33,29,7,50,25,23,26,21,21,29,33,22,29,26,26,27,41,34,34,28,39,17,43,46,29,26,22,28
E2f4,80,50,90,90,82,80,100,91,106,86,86,153,98,90,93,77,92,106,103,74,35,116,97,66,70,111,83,93,114,113,119,66,92,77,97,65,69,75,89,49,125,79,91,71,65,68
E2f5,23,14,23,29,38,24,32,25,43,26,35,35,24,32,40,28,27,36,30,16,16,44,38,20,33,32,14,40,34,44,15,15,16,16,22,23,27,18,25,6,44,26,22,17,21,36
E2f6,30,6,22,44,18,23,28,18,37,17,27,33,32,19,24,32,24,23,26,20,8,20,33,22,32,24,19,30,43,44,13,26,22,14,24,23,20,30,24,21,50,20,29,17,16,24
E2f7,0,2,1,7,1,5,3,0,1,0,1,1,2,1,3,2,0,1,1,2,0,1,1,1,1,2,0,1,0,2,2,3,0,1,2,4,1,3,0,0,0,0,0,3,1,1
E2f8,19,7,16,23,16,29,30,17,17,12,61,21,9,6,20,35,27,22,13,30,8,13,8,5,13,11,19,17,9,49,7,10,11,7,14,14,14,15,16,4,10,26,34,11,16,13
E330011O21Rik,7,1,5,10,5,8,18,8,5,7,7,8,6,4,5,7,12,21,8,6,2,25,10,7,12,5,6,6,14,12,10,11,9,4,3,6,7,4,3,3,9,7,7,4,4,10
E330033B04Rik,3,2,1,5,3,4,1,4,1,7,5,4,0,2,1,4,2,2,2,2,0,1,4,1,3,0,1,4,3,2,3,2,2,0,1,0,0,3,2,0,1,1,3,3,0,0
E430018J23Rik,32,5,24,43,18,28,33,20,34,22,32,37,34,32,38,25,22,35,21,20,7,28,35,19,25,32,15,29,31,31,17,18,14,11,32,17,28,30,24,12,28,20,29,21,26,31
E430025E21Rik,93,34,56,111,86,68,81,71,129,85,104,91,86,73,97,113,108,179,61,73,32,177,110,61,74,72,51,76,115,100,80,53,76,55,93,72,87,96,83,55,122,82,72,62,74,78
E4f1,38,21,39,56,34,34,41,32,43,29,58,63,50,35,45,65,56,46,29,27,21,79,29,33,36,40,33,28,48,46,45,25,30,26,29,45,26,39,36,14,56,32,36,42,32,29
Eaf1,58,22,45,63,46,61,80,52,63,80,74,79,50,47,65,68,57,95,62,46,20,101,80,29,50,73,50,62,77,55,47,31,65,28,51,46,33,58,57,19,63,42,35,30,43,47
Eapp,97,41,59,103,87,67,79,73,102,74,123,95,81,83,91,109,96,98,70,89,35,144,103,57,64,69,72,85,99,80,50,63,57,29,70,72,51,61,61,34,82,58,74,47,53,71
Ear2,2,0,3,7,0,2,2,7,3,0,4,3,2,3,0,4,1,10,1,0,0,8,1,1,5,0,2,1,3,1,2,0,0,0,0,1,1,0,0,0,1,0,1,0,0,0
Ears2,10,7,5,6,5,4,4,5,6,7,9,22,3,5,12,3,7,5,6,10,2,5,14,2,10,6,8,9,4,5,5,5,11,4,4,2,9,5,7,5,5,1,8,2,4,5
Ebag9,68,54,60,129,83,89,92,81,109,90,111,129,101,88,104,137,126,164,88,94,38,183,106,69,96,89,83,102,121,97,82,53,86,55,76,64,73,65,92,51,107,77,80,80,55,86
Ebf4,1,0,2,4,0,1,1,1,2,1,3,2,0,2,3,1,1,1,1,0,0,1,2,0,0,2,0,6,2,0,1,0,0,1,1,0,0,0,1,0,2,1,1,0,2,3
Ebi3,5,4,6,19,8,7,11,18,8,7,10,8,4,6,16,6,8,15,5,3,6,13,11,5,10,4,8,7,9,7,25,2,5,6,5,5,6,4,0,3,4,2,5,2,2,8
Ebna1bp2,23,8,19,18,12,11,10,10,14,11,16,17,16,7,16,22,26,18,15,13,6,31,13,4,19,15,11,17,16,16,12,13,17,13,7,9,10,11,12,6,17,11,14,12,8,4
Ebp,1789,907,1974,2530,1988,2233,2713,2292,2783,1674,2216,2564,1889,1955,2074,2284,1913,1046,1841,2115,805,1371,2981,1813,2358,2036,2031,2395,3941,2734,1302,1511,2030,1458,2199,2220,1913,2226,2177,1326,2812,2056,2387,1619,1804,1649
Ebpl,13,4,2,8,7,8,11,12,6,10,9,12,6,1,6,5,10,7,5,10,4,7,9,6,4,7,11,12,8,7,6,4,10,9,8,12,8,4,7,6,8,2,4,7,8,5
Ecd,160,61,137,202,113,163,181,147,186,134,162,216,176,158,162,190,166,184,144,148,46,221,198,143,160,162,156,170,187,182,119,121,137,119,195,138,113,138,162,100,234,154,142,112,129,122
Ece1,754,485,848,1086,719,756,861,773,982,915,1037,1139,931,987,927,1114,992,824,899,820,278,1045,987,645,823,805,882,849,1095,785,730,583,886,760,909,924,694,814,1013,574,1199,1034,872,659,776,754
Ece2,52,31,51,68,56,84,71,60,120,52,78,111,61,62,64,71,97,223,54,55,27,130,78,52,68,66,71,87,87,85,84,33,57,40,51,44,60,80,66,43,110,63,54,40,57,60
Ech1,1785,809,1783,2536,747,1968,1640,1280,1568,2351,2668,2412,1762,2056,2513,2847,3499,2487,2118,1870,597,2997,1907,1182,1477,1408,1485,2237,2288,1988,1496,1631,1787,1301,2158,1864,1404,1813,1964,1158,2253,2083,1982,1336,1815,1907
Echdc1,92,34,46,86,67,59,125,80,102,80,80,98,66,73,91,68,58,41,112,69,33,42,160,85,85,92,76,87,150,112,41,56,86,40,72,75,70,87,61,74,99,63,91,59,63,83
Echdc2,1181,589,1103,1910,1007,1351,1445,1372,1432,1150,1755,1528,1161,1102,1304,1795,1793,1603,1159,1046,526,1849,1456,774,776,1475,1091,1382,1642,1422,955,935,1280,824,1208,1088,990,1261,1376,732,1956,1236,1220,895,968,1009
Echdc3,441,211,382,657,374,507,557,454,639,424,493,552,548,510,486,530,632,507,399,423,184,718,561,410,497,470,360,540,1039,599,430,347,478,407,509,476,504,473,532,277,649,429,486,379,430,494
Echs1,1035,459,883,1508,769,1157,1202,1130,1344,1188,1264,1314,1373,1160,1220,1426,1496,1242,1155,1159,404,1642,1476,925,1252,1178,1094,1360,1923,1383,1398,879,1224,948,1228,1327,1075,1209,1394,788,1711,1386,1291,926,1138,1264
Eci1,1022,514,944,1536,488,1243,1245,1029,784,1027,1380,1086,1155,1048,1384,1473,1819,1119,1004,1119,402,1051,1394,831,980,887,773,1418,1363,1321,977,1013,1132,898,1401,1328,927,1248,1398,738,1397,1260,1293,850,1062,981
Eci2,1449,672,1215,2142,655,1426,1105,1105,1152,1380,1946,1343,1640,1509,1790,2638,2578,1976,1328,1221,553,2180,1209,743,919,1105,965,1540,1388,1638,838,958,1268,839,1500,1247,900,1235,1434,688,1551,1288,1286,835,1159,1135
Eci3,0,1,5,0,8,0,1,1,11,2,1,1,0,4,1,3,4,0,1,2,0,1,1,4,0,0,1,1,3,1,1,0,0,2,0,8,0,2,1,0,0,0,2,1,0,0
Ecm1,368,215,380,846,320,386,499,508,404,462,776,718,607,462,494,425,606,685,470,273,125,910,529,249,408,353,276,454,586,430,205,293,422,313,262,368,329,418,400,248,430,344,377,294,305,405
Ecscr,15,3,12,16,11,15,24,27,16,12,12,19,20,10,16,9,13,15,20,15,7,15,17,10,9,14,13,13,25,12,28,12,14,12,9,10,13,17,11,10,10,12,21,3,13,26
Ecsit,312,162,282,372,268,318,406,321,355,300,404,415,331,308,343,418,363,325,321,330,120,415,439,223,328,345,289,411,401,380,245,279,347,247,347,342,279,346,377,215,454,328,321,309,307,323
Ect2,2,1,1,7,6,1,3,4,3,1,5,1,0,1,1,2,7,19,1,2,0,7,5,4,2,3,2,5,5,3,7,3,2,2,1,3,7,4,5,1,2,3,7,2,2,5
Eda,5,2,3,13,8,2,11,8,8,6,7,7,7,5,6,5,5,11,3,6,1,6,4,2,6,5,4,6,8,10,17,8,9,4,5,4,4,4,7,6,15,4,5,4,13,7
Edc3,32,18,16,34,22,45,34,26,56,27,34,39,22,34,38,39,42,38,38,23,15,46,36,19,24,26,35,35,41,37,23,26,33,28,42,26,25,30,28,17,48,27,32,26,24,20
Edc4,81,38,77,98,56,62,96,75,84,55,95,93,82,76,75,98,87,86,52,74,14,81,67,38,74,73,71,70,107,82,56,38,61,61,64,58,54,54,78,38,98,65,78,61,81,56
Edem1,286,146,332,374,499,451,357,374,642,331,377,745,382,288,428,302,329,345,320,360,172,328,475,325,440,346,442,451,535,451,376,319,430,348,368,409,372,382,438,213,582,376,365,342,323,300
Edem2,241,118,199,365,191,241,314,263,325,335,386,367,226,153,292,372,325,422,278,271,98,291,220,165,287,276,249,281,267,279,167,167,269,195,285,183,237,251,265,193,325,282,217,184,202,255
Edem3,12,6,6,17,10,10,7,6,14,19,15,20,5,7,13,14,15,10,12,9,4,18,17,6,9,11,13,22,11,10,7,14,13,1,8,4,7,7,7,5,9,13,11,7,4,9
Edf1,1424,697,1440,2116,1056,1702,1876,1428,1778,1484,2048,1970,1416,1484,1778,1620,1729,1640,1742,1516,506,1750,1704,1011,1539,1442,1485,1767,1819,1786,1196,1260,1668,1312,1730,1311,1269,1696,1586,997,1968,1660,1585,1126,1479,1257
Edn1,3,0,2,3,3,2,1,2,0,2,3,8,5,4,1,2,6,5,3,3,0,11,1,0,1,5,1,2,3,0,3,0,1,3,2,2,1,4,0,0,3,3,1,3,1,2
Ednra,10,6,4,18,14,1,12,15,12,11,16,12,12,11,8,11,14,41,9,8,8,33,10,4,7,13,10,16,13,14,5,2,8,10,9,5,10,10,2,4,14,7,9,4,5,10
Ednrb,17,7,19,35,21,18,34,23,23,35,24,32,23,22,30,18,32,23,26,21,10,32,30,10,31,18,24,27,18,32,5,12,26,12,12,28,5,18,19,8,26,21,21,13,16,21
Edrf1,18,14,40,35,13,28,38,19,37,28,52,56,23,34,30,37,32,16,20,25,11,39,37,20,37,24,21,29,38,41,23,26,24,18,28,21,18,30,24,17,40,19,38,19,14,37
Eea1,47,37,58,79,36,54,54,56,71,72,78,96,65,66,67,72,77,65,61,56,22,90,69,63,58,56,55,63,78,62,45,47,58,29,52,64,54,44,53,36,76,49,55,39,40,50
Eed,36,17,37,69,39,40,57,44,42,44,49,59,47,46,55,40,45,51,31,43,15,63,54,24,35,39,41,38,52,45,32,18,36,13,47,19,28,42,33,23,52,36,34,19,28,26
Eef1a1,4919,2462,3838,6322,3589,4442,4865,4078,8481,5756,6072,7609,5690,5476,6153,7222,7067,7944,6747,5631,1529,7625,8182,3228,4726,4204,5377,5619,7584,5863,3714,3297,4308,2965,5047,4856,4516,5591,5285,3360,5788,5600,4980,2853,4587,5367
Eef1b2,1264,564,1003,1739,891,970,1287,1144,1745,1125,1441,2010,1452,1099,1286,1738,1789,3156,1278,1151,396,2669,1514,730,1167,1150,961,1147,1695,1276,956,711,851,617,1138,921,969,1102,1094,682,1353,1057,945,657,813,937
Eef1d,462,196,421,657,391,458,479,456,696,421,565,755,533,391,467,602,705,863,502,431,136,827,510,299,472,401,423,468,619,533,314,300,404,295,452,375,342,423,477,301,565,461,396,321,337,321
Eef1e1,42,33,39,63,36,43,56,49,61,44,52,89,57,59,56,60,68,74,44,40,23,74,66,41,51,39,40,54,53,68,38,47,52,37,39,43,44,54,46,40,80,60,45,40,60,59
Eef1g,926,429,839,1344,810,808,947,910,1197,815,1193,1621,935,828,930,1398,1241,2048,860,904,315,1455,1076,546,891,913,895,1051,1124,918,964,616,748,570,919,778,696,881,766,500,1192,858,833,572,756,739
Eef2,3168,1691,2764,4498,2264,2677,2904,2662,4579,3026,4462,5052,3920,2732,3296,4432,4150,4288,3082,2961,957,5068,3408,2174,2934,2906,3428,2935,3740,3243,2431,2304,3051,2350,3281,3007,2435,2681,3177,1797,3853,2939,2864,2250,2635,2539
Eef2k,11,4,8,13,9,9,15,13,12,7,10,31,6,10,12,12,16,8,6,17,3,8,9,13,7,7,7,13,8,17,3,12,12,8,6,10,10,7,6,11,11,9,6,6,7,18
Eef2kmt,30,24,49,54,34,41,64,42,74,34,49,78,44,46,65,64,62,107,43,45,13,86,60,37,48,44,55,45,56,43,43,21,47,29,44,33,24,39,60,35,62,42,36,37,44,38
Eefsec,175,72,137,239,121,138,196,198,187,126,197,186,156,173,191,233,204,239,164,156,58,294,233,126,175,196,160,171,261,205,195,124,161,131,160,140,153,164,164,108,257,195,174,120,159,169
Eepd1,58,31,54,114,54,65,86,75,116,55,83,69,76,49,84,90,86,98,75,68,32,84,135,74,72,109,70,109,86,84,66,59,113,96,96,94,65,76,73,58,132,76,90,59,77,68
Efcab14,11,8,8,10,10,7,16,7,14,17,10,19,19,14,12,15,12,14,17,10,3,11,16,12,9,13,14,15,19,16,11,13,11,6,11,13,8,7,9,5,10,7,12,7,8,14
Efcc1,9,3,6,12,5,7,5,8,5,2,11,3,6,2,6,7,5,9,8,1,3,13,10,6,3,4,2,5,11,7,9,3,8,6,4,1,1,1,5,1,2,2,3,4,2,3
Efemp1,18,9,14,43,17,9,24,13,13,13,15,13,14,11,26,20,15,20,18,9,12,35,17,8,13,11,8,28,32,30,13,11,29,14,9,15,17,24,25,7,20,12,15,9,11,26
Efemp2,29,14,16,49,18,20,38,44,16,32,39,34,20,12,31,24,26,38,37,27,13,25,39,10,14,25,22,18,34,31,29,14,24,21,18,21,14,27,27,22,51,17,26,18,27,33
Efhd2,423,196,461,662,414,416,414,443,598,446,671,721,579,449,444,500,575,785,399,330,180,816,412,254,382,444,433,383,454,403,634,235,386,295,344,262,248,308,374,200,466,283,305,267,329,275
Efna1,179,85,144,129,250,364,85,159,433,158,207,241,102,116,165,333,329,163,222,264,80,211,131,96,86,182,181,220,219,142,96,164,146,119,168,172,161,156,199,121,244,191,152,198,108,122
Efna2,1,1,1,0,0,0,5,1,0,1,1,2,2,0,1,1,6,1,1,0,0,1,0,3,0,1,1,6,0,1,1,0,0,1,0,1,1,1,1,0,0,1,0,0,0,1
Efna5,26,6,15,21,14,23,24,13,11,10,15,14,22,11,19,24,18,28,15,14,7,33,12,18,17,21,12,25,33,22,21,19,14,13,14,21,12,11,18,11,17,17,14,14,12,7
Efnb1,162,73,105,150,98,149,136,157,143,134,181,162,129,108,127,183,158,180,151,125,49,156,168,79,102,90,115,122,147,108,116,82,98,111,111,122,76,123,106,65,157,98,108,80,73,96
Efnb2,0,2,1,1,2,2,6,1,2,1,2,4,5,1,2,2,3,6,0,3,0,4,2,0,2,3,1,1,3,0,1,0,1,0,3,5,1,1,0,3,0,2,1,1,1,2
Efr3a,75,49,89,137,81,103,113,66,132,104,125,118,117,106,103,119,108,95,92,93,31,129,104,78,87,111,89,101,139,134,63,70,101,43,118,64,78,126,87,56,136,97,102,56,75,89
Efr3b,1,0,5,1,2,2,3,2,2,2,3,2,2,1,1,2,2,2,1,6,1,1,3,2,2,1,2,3,0,1,0,2,7,3,1,1,1,1,5,2,6,1,3,5,2,0
Eftud1,38,25,51,87,49,51,69,52,53,42,87,74,54,58,52,45,76,82,49,37,22,79,55,30,60,46,43,41,57,58,48,27,56,29,31,55,43,53,55,29,86,44,44,44,56,35
Eftud2,75,44,79,129,88,74,119,96,118,80,126,143,101,73,94,123,99,174,106,94,32,143,110,65,84,77,91,88,106,104,115,62,90,85,79,70,96,84,84,47,121,100,77,73,86,77
Egf,4,1,2,3,2,2,4,1,2,1,3,4,1,1,2,6,5,6,2,1,2,7,1,4,2,5,1,2,0,1,3,5,4,2,4,3,3,1,0,0,3,3,1,1,1,6
Egfem1,0,0,2,2,2,3,2,2,1,2,0,3,1,2,1,2,3,1,1,0,1,3,0,1,1,0,2,0,2,5,0,2,2,1,1,0,9,1,0,0,3,1,3,1,1,0
Egfl7,111,56,90,125,66,88,109,113,123,129,100,144,121,125,114,127,115,121,70,100,30,96,107,58,85,114,98,117,151,113,123,68,90,77,82,90,88,100,96,55,96,71,107,90,87,92
Egfl8,11,9,7,14,9,13,10,8,10,10,9,18,14,10,8,13,18,10,11,8,5,15,18,5,14,14,10,11,14,8,13,9,12,7,11,3,5,16,12,9,10,13,10,9,10,8
Egflam,2,2,1,3,1,3,7,3,3,1,10,3,5,4,1,2,2,10,4,1,2,1,3,2,0,5,2,5,2,4,2,4,1,1,2,2,3,2,1,0,5,0,2,1,4,3
Egfr,487,285,586,1027,911,697,744,757,1063,510,1092,1246,447,432,598,948,597,139,491,656,195,155,661,307,1003,1017,854,603,611,1003,245,343,473,166,571,361,465,672,677,631,1059,924,614,467,576,571
Egln1,84,30,92,110,94,134,83,105,188,119,137,127,123,94,108,125,152,159,104,98,45,174,140,74,114,108,107,125,153,126,110,92,116,86,107,114,98,92,121,67,175,101,96,65,110,103
Egln2,328,176,284,448,280,265,331,319,429,278,414,399,422,347,366,398,473,509,293,310,127,539,400,258,328,307,344,361,508,419,313,231,314,283,404,323,305,344,399,196,464,329,309,306,329,330
Egln3,47,20,57,94,41,60,58,56,28,56,64,77,78,57,86,68,47,80,62,54,20,74,62,49,60,41,41,59,77,60,43,54,68,40,56,39,35,54,51,25,70,44,56,37,52,37
Egr1,265,100,117,139,415,53,258,209,1273,99,176,52,37,20,58,213,507,165,82,37,49,188,25,18,31,100,317,41,183,301,59,70,52,35,56,66,129,162,70,57,124,123,25,34,38,32
Egr2,1,0,1,2,1,0,0,0,0,1,4,0,1,1,4,1,0,9,1,0,1,6,0,0,0,0,1,1,2,0,13,0,0,0,0,0,0,1,0,0,0,0,0,0,0,0
Ehbp1,13,10,11,13,9,12,12,12,14,14,10,12,10,14,14,20,19,17,21,13,3,22,14,9,16,11,11,11,14,14,10,12,13,7,12,8,7,11,12,8,21,6,10,14,9,5
Ehbp1l1,53,47,62,92,53,55,88,95,51,38,105,87,73,39,66,90,71,94,56,60,24,67,86,61,81,63,64,89,65,85,142,44,47,72,44,84,38,69,59,50,79,60,76,58,66,66
Ehd1,112,59,81,98,91,74,118,133,123,123,100,161,91,109,129,107,118,174,110,104,29,135,110,84,91,108,112,109,123,119,190,92,92,86,106,97,83,103,126,59,152,103,106,99,105,82
Ehd2,10,5,3,8,7,1,9,12,8,6,17,6,12,4,3,7,11,10,7,7,3,11,9,5,6,4,4,8,9,12,8,2,6,6,5,9,6,9,2,9,7,2,7,3,7,7
Ehd3,127,52,101,113,61,103,137,85,127,136,111,99,171,116,150,194,119,58,104,76,39,88,161,95,128,117,95,83,162,139,45,55,111,88,129,80,110,127,86,45,136,108,107,55,77,136
Ehd4,17,7,20,37,35,31,33,37,33,20,28,44,28,16,27,23,23,60,19,23,8,55,40,19,42,31,23,23,30,35,34,15,8,18,17,26,27,23,15,22,30,24,25,11,18,21
Ehhadh,705,475,578,2336,513,786,1082,954,593,833,890,920,928,1091,1265,1035,1629,2563,607,685,358,2967,1582,997,797,796,593,1062,2211,1295,482,837,984,837,1182,1671,1495,1035,1138,681,1132,1310,1459,952,1181,1250
Ehmt1,82,39,78,108,67,89,93,94,101,66,117,110,84,65,95,87,115,88,87,82,33,99,102,45,64,68,63,76,71,85,49,50,71,45,54,67,66,69,85,49,77,67,59,56,58,71
Ehmt2,228,89,210,308,197,182,278,266,278,179,274,256,219,204,240,273,254,301,211,187,70,273,244,146,217,224,222,213,306,249,246,143,187,142,210,201,158,197,244,128,336,215,220,147,181,205
Ei24,392,172,411,416,256,440,389,379,848,439,495,609,479,598,585,532,480,623,416,461,127,650,595,260,408,396,434,497,525,562,374,413,383,250,475,420,295,417,404,257,521,376,357,232,353,372
Eid1,6,4,5,21,8,10,14,18,21,10,14,14,9,5,6,10,10,26,7,8,5,15,7,3,7,15,7,10,17,14,6,2,6,7,5,8,12,8,8,7,6,4,11,6,4,5
Eid2,7,3,3,9,10,6,7,9,8,1,14,5,18,9,12,8,5,18,6,5,1,10,4,5,6,12,4,6,5,4,4,4,11,1,5,3,4,3,1,3,11,4,5,4,7,3
Eid2b,3,1,2,3,5,8,0,5,0,3,3,8,2,1,6,5,3,3,2,1,1,4,4,3,2,2,2,7,7,4,2,2,2,2,3,1,3,3,2,2,4,3,4,1,4,2
Eif1,1281,597,1176,2411,826,1211,1316,980,1468,1214,1801,1435,1533,1458,1550,2307,1909,1910,1296,1056,470,2238,1395,881,1327,1254,1036,1227,1581,1671,1064,1072,1244,906,1380,1412,1144,1310,1319,763,1725,1406,1392,980,1129,1387
Eif1a,6,3,9,18,12,9,11,9,23,10,12,28,9,9,18,15,16,22,9,8,4,32,15,4,7,9,11,15,15,20,18,8,8,5,11,1,2,10,5,8,13,14,14,5,7,10
Eif1ad,7,5,4,8,8,9,5,9,11,6,9,29,6,9,8,8,4,14,14,11,3,11,16,9,12,8,13,17,10,14,13,6,8,4,10,8,9,9,12,3,13,8,12,7,10,15
Eif1ax,169,98,124,214,174,154,190,195,269,201,175,296,235,203,185,221,230,361,170,171,87,381,264,147,231,226,175,197,244,223,168,137,199,148,198,188,189,193,223,111,244,195,179,151,152,177
Eif1b,143,74,152,197,160,161,171,154,244,164,163,258,177,152,196,151,169,256,140,159,57,250,221,145,199,147,150,161,210,180,133,112,139,90,144,106,145,161,202,94,230,172,161,98,160,147
Eif2a,49,18,29,48,39,35,52,41,64,38,37,39,30,40,40,58,29,56,69,44,23,60,48,23,23,28,33,30,53,45,24,27,26,14,20,21,16,25,25,17,30,22,21,15,13,20
Eif2ak1,99,53,114,180,48,89,105,75,119,113,136,132,77,94,101,184,113,114,121,87,35,107,114,74,107,99,83,147,136,108,101,72,96,79,115,93,87,102,108,56,129,115,119,62,85,108
Eif2ak2,39,36,50,50,36,46,45,33,58,36,55,66,48,21,36,53,49,49,34,35,12,45,41,38,36,44,44,38,36,50,56,31,26,33,33,29,40,32,35,25,32,32,33,34,27,27
Eif2ak3,44,19,39,44,42,29,33,27,41,32,40,78,28,43,38,69,44,61,38,46,15,61,43,29,23,34,34,30,33,20,29,28,31,28,23,25,22,33,28,14,54,29,30,24,31,25
Eif2ak4,14,12,16,20,32,14,24,14,29,22,28,14,15,18,20,26,22,31,21,28,10,39,21,12,17,16,22,21,40,24,23,18,22,12,14,17,14,15,19,9,21,13,18,12,14,19
Eif2b1,137,68,175,243,137,199,220,199,250,136,249,267,196,171,197,221,226,205,166,150,56,212,229,136,201,173,171,180,193,193,135,157,178,138,230,158,131,158,194,108,249,157,146,127,128,129
Eif2b2,94,44,73,150,119,107,119,116,171,101,143,149,130,113,127,115,129,210,103,85,46,132,143,80,115,111,100,122,145,139,135,76,133,80,115,108,96,117,123,81,178,147,123,99,124,108
Eif2b3,32,8,38,32,26,18,32,30,25,28,38,52,30,34,27,38,32,46,31,30,13,45,33,29,35,21,33,44,35,24,18,31,35,29,22,25,19,33,35,22,32,20,24,30,35,35
Eif2b4,180,111,183,235,151,169,190,187,220,156,232,365,176,162,196,218,234,248,153,147,69,242,203,131,176,192,195,232,214,187,192,102,151,163,197,146,131,156,169,101,256,147,173,153,142,109
Eif2b5,114,59,132,151,101,107,142,142,177,146,156,231,138,140,146,168,170,227,120,139,46,216,165,100,121,115,118,127,176,149,125,86,133,96,139,108,109,138,122,91,179,148,135,79,117,110
Eif2d,138,56,130,233,119,135,182,191,223,124,192,243,160,138,137,175,177,337,134,128,44,193,180,79,166,152,148,163,173,163,170,84,133,130,138,144,81,138,146,85,205,129,140,83,117,122
Eif2s2,2,2,5,17,7,3,8,10,12,12,16,13,6,10,16,9,9,9,7,12,6,20,14,5,14,12,11,10,10,13,4,13,7,2,8,8,11,5,6,8,7,9,11,6,6,9
Eif2s3x,34,21,29,31,35,35,42,26,36,48,37,67,29,39,49,52,44,71,32,40,9,66,43,20,32,30,33,44,48,44,42,27,40,25,41,35,32,36,42,25,54,45,37,26,28,38
Eif2s3y,29,19,23,31,26,28,28,25,34,34,36,44,26,24,38,53,35,36,40,23,10,48,42,24,21,42,25,31,32,39,29,29,28,7,32,31,22,26,28,21,36,37,36,19,23,30
Eif3a,109,75,89,179,98,98,110,114,147,112,134,212,112,103,132,172,161,169,130,92,55,228,128,80,89,93,103,118,130,121,92,100,97,54,92,105,78,95,88,54,135,99,91,52,79,69
Eif3b,401,222,408,607,404,444,506,452,565,430,549,709,528,415,493,680,552,826,433,476,175,759,535,300,393,498,421,494,504,493,499,369,434,413,482,451,358,451,536,316,653,520,462,379,395,412
Eif3c,503,240,462,766,425,525,593,444,704,480,722,757,555,501,594,761,851,1029,499,539,201,1064,602,396,596,560,517,567,656,611,442,410,567,331,570,463,432,527,548,328,748,546,498,401,471,495
Eif3d,359,208,308,422,202,300,356,304,414,333,380,579,315,310,335,430,388,572,265,353,93,452,349,255,292,342,308,429,437,325,336,214,289,275,373,267,238,329,342,195,523,309,322,223,253,292
Eif3e,7,5,13,11,7,9,10,5,11,10,13,14,11,1,12,13,7,9,12,9,2,20,8,4,7,5,8,5,11,12,3,4,5,9,3,4,9,4,13,4,13,6,10,3,5,4
Eif3f,543,241,549,703,400,624,542,506,959,664,830,885,788,623,656,792,848,890,597,615,173,1066,775,435,661,591,560,608,784,672,441,436,511,366,631,539,463,607,637,377,796,630,582,382,515,581
Eif3g,630,397,606,901,699,714,764,741,978,665,892,1038,849,738,823,946,1076,1216,699,691,348,1293,839,469,704,747,685,818,861,838,722,478,679,484,783,640,550,700,743,468,987,717,636,476,585,671
Eif3h,667,344,629,929,513,637,723,715,997,734,895,1120,790,673,757,966,916,1011,728,623,249,1265,822,507,793,694,618,752,962,764,610,486,655,520,777,659,610,695,720,463,948,753,701,484,641,656
Eif3i,629,298,490,834,320,625,614,443,980,502,653,880,718,594,672,852,858,768,541,584,147,843,748,418,669,666,502,671,905,693,331,412,472,422,686,535,534,617,642,365,958,651,545,401,548,574
Eif3k,549,259,470,821,549,606,655,594,759,570,752,791,572,540,677,801,901,1139,687,593,264,989,678,370,624,615,567,603,691,738,680,360,592,425,583,491,418,573,667,371,743,609,503,419,487,501
Eif3l,224,91,227,327,276,261,282,277,373,320,275,370,321,265,320,327,396,492,264,287,140,431,371,213,327,277,243,347,341,338,233,222,291,184,329,288,292,286,335,177,446,332,301,304,342,306
Eif3m,242,98,191,285,170,221,255,220,400,245,271,338,274,238,275,281,284,459,242,211,81,434,302,190,214,206,199,242,322,320,218,145,202,126,259,180,188,225,195,130,281,204,209,140,200,157
Eif4a1,627,346,672,1062,899,745,873,849,987,658,1004,1142,778,701,780,747,895,1369,827,793,407,1572,988,518,919,714,795,868,875,1025,779,498,852,653,648,588,577,703,965,492,1261,767,673,681,679,618
Eif4a2,44,38,55,90,50,52,62,58,87,60,80,75,79,77,83,96,91,49,80,49,17,73,76,61,55,55,47,83,108,55,56,45,59,34,55,66,44,57,63,33,85,77,59,44,55,54
Eif4a3,227,91,195,284,153,201,246,196,293,185,239,260,217,216,192,290,266,193,216,190,70,234,198,146,195,174,202,255,303,205,162,148,172,137,160,159,182,203,196,128,310,234,167,130,194,160
Eif4b,321,153,256,386,253,306,282,227,439,309,385,293,313,321,313,429,482,406,313,286,117,456,278,232,240,305,259,281,353,341,199,205,244,191,237,230,202,258,284,169,339,287,239,198,213,265
Eif4e,10,2,4,9,7,6,10,9,7,18,7,11,16,8,8,7,11,9,11,8,4,12,10,8,10,11,3,17,13,17,12,9,7,4,20,6,8,7,5,4,10,6,11,4,7,8
Eif4e2,172,108,158,300,203,173,232,195,248,186,222,256,255,199,225,229,229,330,170,176,84,306,253,168,189,222,189,208,286,250,207,145,201,153,208,207,197,215,223,126,299,176,229,165,202,179
Eif4e3,12,11,25,44,39,17,41,34,47,22,36,28,41,24,33,13,32,31,21,28,7,29,43,24,52,27,26,33,29,34,89,16,13,13,15,25,10,36,22,19,30,25,31,12,14,19
Eif4ebp1,390,173,330,694,237,319,396,414,483,319,564,448,338,308,370,675,742,990,467,347,110,735,424,204,384,320,371,414,429,443,313,206,266,270,354,303,215,329,384,226,471,338,318,183,273,258
Eif4ebp2,236,145,158,213,216,198,171,161,262,192,215,264,194,151,195,287,264,270,142,166,81,305,190,100,122,164,161,194,277,172,102,103,99,101,139,92,103,112,115,55,187,74,103,107,118,83
Eif4ebp3,157,79,226,330,223,269,243,163,776,177,423,542,621,452,283,415,319,451,170,171,60,692,317,119,448,313,198,295,259,310,99,59,107,73,183,136,120,209,231,171,280,239,234,114,213,196
Eif4enif1,64,27,59,92,80,49,82,94,97,61,76,78,70,53,57,83,77,134,66,59,25,142,75,38,46,49,68,72,73,81,58,38,33,38,60,65,44,43,64,29,73,61,48,34,41,59
Eif4g1,563,356,549,847,357,582,710,556,699,627,871,981,610,540,689,701,658,733,673,604,179,780,716,424,538,545,621,706,649,588,499,539,602,672,579,583,411,491,647,350,762,540,552,463,499,410
Eif4g2,8,1,2,7,6,8,4,4,10,5,4,6,13,7,10,11,10,2,3,3,0,8,6,4,2,3,4,3,2,4,5,5,3,3,5,4,0,3,2,2,1,1,6,3,2,0
Eif4g3,178,110,170,236,121,156,194,180,204,144,259,265,195,129,141,228,206,269,188,181,52,243,264,133,166,190,167,212,167,171,151,159,171,176,183,196,121,191,162,116,247,185,155,108,136,147
Eif4h,659,351,630,952,514,607,743,643,945,669,815,881,364,617,827,897,854,936,712,665,258,883,814,478,723,601,621,688,788,749,708,543,684,537,686,622,524,681,715,429,919,743,695,491,554,574
Eif5,279,121,245,460,225,294,331,215,390,255,400,249,287,289,336,365,373,373,335,241,99,493,350,166,268,307,194,274,336,308,144,182,237,144,268,234,175,264,257,149,353,212,223,147,183,210
Eif5a,1646,814,1355,2459,1440,1487,1984,1849,2351,1694,2031,2341,1608,1604,1981,1991,1974,3358,1734,1719,590,2926,2049,1043,1644,1727,1708,1988,2501,2121,1714,1219,1629,1490,1675,1375,1414,1768,1779,1236,2474,1934,1676,1262,1527,1590
Eif5b,1,0,0,0,0,0,0,0,1,0,1,1,0,0,1,0,0,2,2,0,0,2,0,1,0,2,0,1,0,0,2,0,2,0,0,1,0,0,6,1,3,3,0,2,0,0
Eif6,404,182,323,439,363,359,337,401,681,324,450,564,492,413,460,574,616,1742,336,337,134,1208,443,248,301,409,382,430,521,465,643,254,286,263,468,307,328,354,403,240,483,321,377,319,317,374
Elac1,9,4,5,9,7,10,12,9,12,12,11,11,9,11,12,11,8,12,8,9,2,19,13,6,10,11,9,13,18,14,6,5,8,3,9,5,5,4,10,5,13,7,11,5,8,16
Elac2,31,14,25,32,19,18,26,20,25,23,37,34,37,17,29,24,37,39,34,34,14,39,26,13,28,24,23,34,42,35,21,22,24,26,24,29,29,28,27,20,49,25,24,15,28,21
Elane,1,0,0,2,2,1,1,0,6,0,1,2,1,0,0,2,0,1,1,0,0,0,1,0,1,0,3,0,1,2,0,1,1,1,0,1,0,1,0,2,2,2,3,0,0,0
Elavl1,6,6,5,6,2,5,2,4,9,5,7,7,8,5,6,11,9,7,6,5,3,10,8,4,6,7,9,5,4,5,3,1,2,2,2,7,2,5,6,2,4,2,5,3,5,3
Elf1,45,29,35,62,47,49,62,49,49,48,75,47,59,37,58,70,59,53,33,34,14,84,48,36,50,58,46,46,65,52,32,30,49,25,39,34,34,32,37,17,44,28,40,24,17,21
Elf2,5,2,3,8,1,7,3,2,12,5,7,10,5,2,5,10,4,4,4,1,0,2,5,6,2,4,3,3,7,3,4,4,1,2,2,3,1,1,6,4,1,2,3,2,3,3
Elf3,4,6,2,15,22,3,10,13,45,7,7,33,2,3,6,4,10,15,7,8,1,9,12,5,5,10,5,12,4,5,42,3,12,13,5,2,3,5,2,3,9,4,4,9,5,6
Elf4,5,3,16,17,15,6,16,11,6,10,9,17,12,8,12,14,16,21,9,7,8,17,6,5,14,5,7,8,12,16,38,9,6,14,7,9,14,14,11,3,9,8,11,2,9,12
Elk1,24,15,16,28,27,15,30,34,28,21,38,24,27,16,28,19,23,21,22,14,7,22,20,13,18,13,17,20,30,20,38,17,23,19,17,18,14,25,22,17,36,22,19,12,13,25
Elk3,24,6,20,22,9,22,31,23,16,17,28,22,22,17,30,29,28,15,21,10,8,22,33,16,16,19,28,15,28,22,17,11,15,22,21,18,19,24,27,12,29,21,23,20,14,25
Ell,174,68,170,228,175,204,188,120,262,143,225,235,203,135,144,246,245,162,129,145,64,212,183,124,144,162,160,128,180,184,118,131,121,112,148,123,129,130,120,98,195,141,167,139,105,142
Ell2,145,77,134,275,141,129,184,135,272,218,271,219,216,204,224,249,225,252,206,137,63,238,212,125,212,198,177,179,242,239,132,157,197,95,163,152,188,166,194,128,256,232,149,107,153,165
Ell3,9,1,12,13,11,8,16,8,6,11,6,9,12,10,7,10,4,16,6,7,0,10,18,15,14,22,3,5,18,9,5,5,8,11,8,11,2,9,12,12,17,14,10,7,11,8
Elmo2,1,0,1,0,7,2,4,2,2,3,3,4,4,2,3,1,2,3,2,0,0,3,4,1,2,0,2,2,1,4,5,1,3,1,3,1,1,1,2,2,4,3,3,3,1,0
Elmo3,96,41,82,120,59,86,93,94,123,86,114,107,95,80,87,149,107,104,83,71,20,121,116,54,78,81,59,82,102,64,61,60,90,55,78,43,70,84,80,37,118,89,79,65,84,80
Elmod2,37,11,26,36,48,31,31,35,66,27,48,62,31,30,38,32,41,42,42,35,18,29,45,19,27,36,24,36,41,40,36,22,30,20,20,21,24,25,33,9,39,19,23,21,23,30
Elmod3,80,31,84,161,56,86,92,70,73,68,135,97,141,128,126,133,121,121,74,42,23,117,92,68,71,85,64,80,97,106,50,63,79,56,116,102,54,83,90,51,120,82,85,62,62,58
Elmsan1,13,17,12,23,15,23,17,13,27,15,24,33,15,10,17,32,19,25,13,13,5,28,14,8,12,19,16,10,25,16,21,12,10,21,16,13,26,8,17,8,27,10,18,12,8,19
Eln,6,1,4,24,10,13,14,13,7,7,7,15,8,17,7,9,8,25,15,5,2,18,14,3,7,8,3,4,4,17,5,7,4,10,11,6,6,9,10,5,11,7,5,7,5,7
Elof1,216,118,231,328,132,201,246,256,270,242,263,340,232,249,294,309,278,398,238,217,72,343,290,187,283,188,224,278,332,213,226,198,195,161,258,202,161,241,251,156,294,254,252,131,174,209
Elovl1,314,166,267,378,349,327,355,416,460,323,345,584,300,301,350,328,373,608,350,335,163,376,463,246,401,402,417,475,488,446,442,329,404,311,403,403,325,396,425,211,602,368,391,310,413,322
Elovl2,1348,597,873,1398,1097,1039,1747,1711,1048,1487,1279,1235,1017,1124,1481,1947,2006,1885,1474,1039,461,2215,1759,724,1118,1086,1101,1219,2225,1127,635,1141,1115,1003,1298,1522,1287,1604,1332,762,1469,1092,1149,975,1146,1120
Elovl3,245,74,103,224,21,467,477,333,30,137,394,35,563,252,471,256,153,10,376,199,195,12,1000,412,570,469,121,564,163,390,120,612,744,418,623,843,421,602,867,580,1061,869,674,451,374,467
Elovl5,710,480,603,1107,508,836,2010,1143,854,837,681,636,956,803,1288,1109,1121,783,880,618,238,564,2201,1227,778,860,698,1184,2072,1202,595,1904,1167,1586,1701,2819,1465,1548,1470,932,1162,1098,2099,1130,1265,1700
Elovl6,66,48,82,64,70,49,366,158,100,60,41,90,70,90,83,47,44,15,49,75,27,9,445,292,71,132,89,111,151,116,30,130,100,132,119,371,171,160,99,134,102,152,221,113,109,164
Elovl7,1,1,0,1,1,1,0,3,1,0,1,0,1,1,1,0,1,15,0,1,1,2,1,1,0,1,0,0,2,1,0,2,1,0,0,0,0,1,0,1,0,0,0,0,0,1
Elp2,95,56,95,152,83,118,135,142,159,111,139,191,103,113,131,117,129,150,115,116,36,171,150,77,136,110,92,118,137,115,114,104,135,89,99,82,102,137,107,62,154,116,92,85,82,96
Elp3,78,44,120,144,90,105,123,126,133,98,166,183,113,97,117,128,113,188,113,91,45,146,120,86,103,123,107,130,118,126,127,82,119,80,109,106,97,97,109,66,186,103,111,77,89,67
Elp4,18,10,17,28,20,7,28,21,29,20,24,25,21,17,25,22,21,13,25,21,10,10,26,20,22,28,19,24,36,33,29,16,30,9,28,26,27,20,21,16,40,15,33,19,24,27
Elp5,108,82,108,167,118,121,168,147,159,136,141,214,131,129,176,171,157,246,141,120,51,170,179,113,116,124,120,146,153,162,132,105,113,90,165,116,105,134,168,94,167,124,120,85,125,132
Elp6,16,7,17,24,13,20,22,23,13,20,19,22,15,23,18,27,28,28,16,17,8,18,22,11,19,24,18,18,20,27,18,18,15,18,26,13,17,21,24,14,44,14,25,15,25,22
Emc1,22,20,17,23,21,17,19,24,34,24,29,37,30,23,33,35,32,37,18,19,6,36,20,17,17,21,22,18,25,24,21,20,23,11,30,19,26,16,15,14,26,27,24,20,32,20
Emc10,447,211,353,592,401,387,383,495,800,465,494,647,580,540,463,752,645,666,390,408,173,671,558,322,439,488,517,497,686,602,484,301,461,338,564,509,448,464,519,293,764,472,591,402,401,462
Emc2,17,11,14,15,8,15,27,15,22,23,19,30,17,19,18,8,12,34,31,25,7,15,25,11,14,4,11,14,24,23,12,10,16,9,10,6,8,15,10,7,10,4,12,7,8,7
Emc3,200,65,145,235,170,174,203,177,205,177,203,244,178,180,217,221,222,302,164,163,73,255,249,125,177,193,170,214,257,220,166,133,195,146,185,172,175,179,194,119,246,175,177,123,166,140
Emc4,30,20,50,87,33,37,40,49,88,59,50,93,60,75,72,60,62,72,51,44,14,53,51,38,49,41,30,83,81,49,54,55,41,33,45,25,39,54,40,38,65,60,38,25,56,60
Emc6,607,349,575,870,596,716,762,609,913,670,837,903,847,783,758,944,851,946,664,680,307,1114,940,554,832,699,690,865,995,891,729,626,834,528,858,735,709,793,921,552,1131,940,830,603,747,770
Emc7,395,228,378,629,269,393,490,457,614,462,528,718,481,428,556,579,589,623,426,437,134,724,533,316,426,351,405,489,583,458,431,346,404,304,471,451,363,447,499,241,535,440,411,272,338,407
Emc8,32,16,30,38,26,39,44,32,44,44,54,39,33,29,43,44,32,57,34,38,17,47,57,26,36,39,24,42,45,36,29,29,43,23,43,37,30,33,32,24,49,34,36,25,38,31
Emc9,91,67,106,162,74,107,98,110,97,108,124,112,148,116,137,161,126,93,122,107,42,88,168,146,168,149,71,162,183,146,107,109,153,104,152,179,153,115,171,102,217,139,188,152,152,151
Emcn,2,0,3,0,4,2,2,2,7,4,4,4,5,4,1,2,4,3,7,1,1,7,3,0,2,9,4,1,3,4,3,0,2,2,1,2,4,0,4,2,3,3,1,1,0,2
Emd,63,40,60,81,44,58,59,66,91,58,68,108,66,51,85,88,75,100,54,45,20,89,87,43,61,54,60,46,78,65,43,32,45,39,58,49,38,57,62,23,79,42,55,35,36,41
Eme1,0,0,1,0,0,2,0,1,0,0,1,0,2,0,0,0,0,7,1,1,0,0,2,0,0,0,1,1,4,0,2,3,1,0,1,1,1,0,0,0,2,1,0,0,0,0
Eme2,35,18,28,27,23,33,32,41,47,56,42,81,47,35,41,40,61,29,29,36,8,26,42,37,37,43,31,41,48,62,54,30,54,25,51,32,37,51,43,22,58,41,36,38,40,43
Emg1,227,109,138,280,144,208,185,204,284,238,216,365,193,119,230,254,261,256,206,230,69,270,272,139,197,180,206,217,313,227,111,116,158,135,206,130,99,205,175,107,238,183,173,105,131,162
Emid1,3,1,5,2,0,3,3,2,0,1,1,1,2,1,6,3,3,3,1,1,0,1,0,1,0,0,1,1,4,2,0,0,0,1,0,1,1,1,1,3,0,1,3,0,0,0
Emilin1,48,24,33,76,44,40,80,76,57,39,74,51,46,34,50,56,56,80,57,30,13,70,41,24,31,45,40,38,45,50,61,17,25,36,37,24,34,35,34,23,34,23,32,15,22,24
Emilin2,7,2,13,9,14,9,5,14,9,1,18,12,5,4,11,15,10,5,7,5,2,6,7,8,13,6,10,14,10,15,22,4,4,12,4,9,8,8,8,1,4,12,7,2,12,12
Eml1,15,6,7,8,7,7,14,6,16,6,18,11,12,9,8,9,13,14,16,10,3,14,11,4,6,8,9,9,12,11,8,5,7,8,10,9,4,6,8,7,14,5,7,4,12,13
Eml2,30,10,20,43,23,20,26,33,32,28,25,31,27,21,17,29,24,33,20,31,8,34,27,15,25,13,13,30,19,24,24,17,21,26,28,31,21,19,27,6,32,17,26,19,24,16
Eml3,104,47,103,180,60,106,143,94,141,100,152,150,102,104,135,158,138,140,106,93,25,128,108,73,106,129,91,122,106,116,65,85,113,86,98,93,76,132,99,52,152,80,92,99,78,111
Eml4,27,21,23,31,24,19,31,21,21,16,27,43,32,15,33,28,28,33,26,22,8,37,31,20,15,22,26,27,21,25,23,17,25,24,21,19,18,19,21,8,27,24,20,16,28,16
Emp1,1,2,0,6,6,4,4,6,2,2,6,6,1,3,1,2,5,17,4,2,0,9,4,2,3,7,1,4,6,4,5,1,4,5,3,4,7,1,3,2,4,1,4,4,2,5
Emp2,43,32,53,95,65,42,52,48,54,36,62,52,69,36,30,64,88,129,65,43,18,118,26,22,34,53,37,51,70,38,34,19,26,30,38,25,40,33,30,26,53,32,36,32,36,28
Emp3,39,34,50,90,84,41,75,96,48,51,74,61,48,32,63,66,59,103,56,29,32,81,59,45,43,36,69,46,72,71,150,23,31,66,32,42,40,59,50,26,43,41,49,40,33,46
Enah,0,1,0,1,1,1,2,1,0,1,1,1,6,0,1,1,0,1,1,1,0,1,0,0,2,0,0,1,0,1,0,0,1,0,1,0,1,0,0,0,3,0,0,0,0,0
Enc1,10,10,8,37,20,12,12,20,17,10,21,20,20,11,10,14,31,105,11,15,12,57,13,7,16,16,5,22,14,17,22,14,16,20,9,14,11,14,9,3,17,9,9,13,10,20
Endod1,13,5,4,9,7,5,10,13,8,15,11,16,8,5,13,11,10,23,7,20,2,24,22,8,10,7,10,25,5,17,26,11,11,8,9,7,5,18,17,6,17,8,8,3,4,12
Endog,326,161,336,384,303,360,454,338,532,334,405,583,339,416,368,376,377,477,372,403,97,428,497,256,365,371,426,450,577,447,293,269,316,311,406,345,395,475,414,216,533,410,395,268,386,350
Endou,3,0,2,3,4,4,4,3,2,3,3,5,3,6,4,2,4,5,2,3,0,6,0,3,5,2,3,2,4,4,2,1,2,2,2,4,0,4,1,2,3,2,3,0,2,4
Endov,1,1,1,9,0,6,5,3,3,3,8,5,2,2,5,1,2,5,1,5,0,5,2,1,4,3,3,1,4,1,1,0,6,0,3,1,3,2,4,0,3,1,2,2,1,1
Eng,187,98,189,273,151,165,232,257,248,209,258,269,341,195,218,253,229,219,202,173,86,278,302,145,208,216,195,211,267,289,269,154,188,197,209,167,194,228,213,122,288,198,209,154,146,245
Engase,10,8,9,12,8,4,14,8,11,9,20,23,8,12,12,17,11,14,9,9,2,24,13,12,11,7,12,7,11,13,9,12,8,11,5,13,4,9,8,4,14,9,7,11,6,14
Enho,223,94,238,309,369,296,184,286,872,438,469,793,164,178,286,562,388,136,416,339,100,228,110,54,248,235,665,122,320,325,56,23,72,75,103,16,72,142,104,76,265,203,81,26,81,75
Enkd1,7,1,1,14,6,2,7,6,3,5,4,7,9,5,5,10,3,10,2,5,1,10,4,4,2,9,6,7,7,8,9,2,7,2,6,4,7,6,6,3,7,1,6,4,6,5
Eno3,46,20,18,45,23,30,33,40,22,30,37,47,35,28,30,62,41,54,29,32,7,75,26,18,33,30,27,29,32,40,42,19,22,21,35,34,15,29,30,20,29,30,34,20,27,24
Enoph1,28,24,32,38,28,26,31,29,28,46,35,41,14,22,35,42,39,46,34,36,6,38,46,13,20,26,27,40,39,34,28,25,26,16,36,28,32,25,24,17,38,37,27,13,37,21
Enox2,5,4,12,14,13,13,16,9,17,8,13,13,14,13,15,10,22,18,9,16,4,17,20,8,7,12,7,11,18,12,12,8,16,5,14,4,15,10,14,5,19,12,19,8,12,11
Enpep,166,105,241,290,153,202,315,206,264,226,175,223,245,276,247,254,235,86,166,258,65,130,380,242,212,203,214,254,301,271,160,216,221,182,241,287,206,227,228,166,304,236,323,165,253,208
Enpp1,24,11,11,20,18,18,18,14,36,17,27,24,12,20,22,26,28,23,8,12,9,21,24,5,14,23,20,8,23,23,6,15,24,8,18,10,11,15,20,7,33,11,17,18,13,18
Enpp2,58,22,49,67,50,56,73,48,113,50,50,103,47,37,46,68,58,105,88,48,35,93,57,22,45,50,70,38,101,67,43,22,35,23,29,20,27,39,42,28,43,32,47,25,32,37
Enpp3,148,58,151,265,128,209,171,123,203,122,200,131,156,145,131,264,194,110,196,129,51,172,156,103,173,158,116,150,207,158,115,88,110,129,184,168,111,136,147,82,268,141,142,136,116,119
Enpp4,26,17,28,35,30,26,42,44,50,30,45,41,39,31,42,44,32,51,38,36,20,48,41,15,22,33,27,43,54,32,44,23,30,18,31,27,23,27,40,24,39,31,26,23,31,28
Enpp5,41,10,18,38,26,24,23,23,35,26,26,35,25,14,36,38,34,27,30,15,7,25,16,17,23,36,19,34,27,32,21,16,19,21,30,21,13,30,20,14,48,32,35,26,13,24
Ensa,177,72,161,297,196,201,219,202,245,170,229,256,232,189,198,241,213,282,188,170,66,334,249,151,189,208,205,209,224,234,208,151,200,161,221,204,149,186,212,121,279,180,242,139,164,172
Enthd2,33,23,38,54,26,37,76,42,40,32,55,83,42,47,49,34,31,48,29,38,13,50,60,20,47,32,44,38,47,40,35,34,43,27,36,28,32,44,31,28,50,28,34,22,32,45
Entpd2,18,15,19,28,20,23,24,23,32,21,28,17,41,16,22,28,12,57,35,11,7,32,29,12,15,27,23,26,28,24,31,18,20,19,20,22,12,18,24,18,33,28,25,15,18,21
Entpd5,395,241,393,600,251,359,453,405,324,348,584,380,454,359,492,642,698,953,538,434,183,920,619,371,383,388,277,506,551,483,924,427,529,391,519,496,345,447,474,251,618,406,458,306,347,335
Entpd6,18,7,23,19,12,20,27,19,31,18,21,34,20,20,36,27,23,43,15,16,8,21,31,11,19,22,20,38,22,25,14,15,22,17,29,29,16,26,23,10,25,22,18,9,18,15
Entpd8,208,90,274,344,267,319,333,319,373,266,296,321,238,289,300,295,311,228,273,240,102,237,355,217,334,289,272,273,350,324,188,171,259,182,270,270,211,300,326,161,401,280,272,207,226,231
Eny2,2,0,5,5,4,5,6,3,4,3,2,10,2,5,5,7,5,5,2,2,1,10,2,4,2,1,4,4,2,5,4,1,2,3,1,3,0,3,2,3,0,2,3,0,3,1
Eogt,1,3,2,4,3,2,0,1,2,2,3,4,1,3,3,4,3,6,0,2,0,4,8,1,2,5,5,2,2,0,3,1,5,1,1,2,5,2,0,1,0,2,5,1,0,0
Ep300,50,24,41,89,47,62,68,59,73,85,72,99,62,70,71,90,82,81,72,50,26,96,86,32,58,67,53,59,88,77,51,34,66,23,68,42,63,57,57,34,74,62,49,30,33,49
Ep400,57,36,68,93,73,44,75,66,92,57,96,88,78,75,75,84,84,106,45,68,34,135,74,33,46,59,50,71,81,73,63,38,45,28,52,50,61,63,56,34,87,64,55,29,46,49
Epas1,670,303,562,885,881,686,595,532,1368,697,785,1252,870,720,766,873,950,820,603,520,266,843,764,348,661,643,744,661,933,759,391,407,625,411,566,485,533,574,712,383,1030,562,556,507,509,565
Epb4.1,233,114,254,330,238,290,278,220,441,200,322,386,327,269,330,347,390,599,229,220,103,590,246,194,252,270,277,243,354,323,256,171,265,183,262,226,206,208,304,165,355,235,213,204,165,196
Epb4.1l1,6,5,4,6,3,1,3,3,3,4,6,1,5,1,2,3,3,11,3,0,2,8,3,1,2,3,1,6,3,1,2,1,3,3,1,2,1,3,0,2,5,3,2,1,3,5
Epb4.1l2,35,17,27,48,33,37,52,41,37,31,46,46,45,32,29,50,35,63,44,32,18,82,38,24,23,32,27,35,39,24,33,20,25,21,22,21,24,32,24,13,30,16,21,22,14,24
Epb4.1l3,4,2,6,11,5,4,5,8,6,7,6,6,3,3,12,3,5,6,3,4,1,18,2,4,5,2,7,3,4,3,14,4,3,1,1,3,3,1,5,1,4,3,5,3,4,4
Epb4.1l4a,1,3,1,12,7,3,2,4,2,3,3,7,4,0,0,2,2,5,5,4,2,0,3,1,1,5,0,0,3,1,2,0,2,2,3,1,2,2,2,2,4,3,1,7,2,2
Epb4.1l4aos,146,78,113,205,88,127,120,95,161,153,215,138,194,149,151,292,298,280,177,134,59,375,136,108,130,106,118,144,185,200,89,94,124,85,124,123,122,107,133,78,172,124,120,101,134,126
Epb4.1l4b,230,114,241,311,214,267,249,208,319,273,361,414,252,258,306,304,326,183,255,264,106,268,285,156,252,301,239,306,294,344,121,186,260,148,294,188,187,258,312,162,280,291,203,175,240,234
Epb4.1l5,113,49,80,172,125,71,130,89,121,119,114,123,109,81,97,149,136,156,106,95,41,210,134,51,78,97,71,104,136,110,56,54,107,42,73,96,94,96,71,55,151,86,63,50,79,87
Epc1,41,19,32,75,39,37,50,39,47,45,61,52,29,40,37,55,57,46,30,36,19,77,41,24,34,43,28,43,50,43,34,29,39,18,29,38,47,41,40,23,53,31,41,23,32,27
Epc2,25,8,19,33,21,27,22,27,35,19,23,33,17,19,30,29,28,34,28,15,6,39,21,10,20,23,22,22,20,23,18,11,23,13,25,19,15,16,16,8,23,18,18,14,12,17
Epcam,7,3,3,11,7,4,16,11,8,10,12,11,8,7,8,7,11,14,11,8,5,12,16,1,7,8,5,7,9,8,4,5,1,7,4,0,0,5,3,4,8,7,5,5,5,3
Epdr1,1,2,0,1,6,0,4,2,3,5,3,0,2,1,1,0,2,5,3,2,0,1,2,0,3,3,0,2,1,3,2,2,2,2,2,1,0,5,0,3,5,1,3,1,1,0
Epg5,40,30,50,64,53,43,69,46,83,58,68,78,55,39,58,70,77,53,46,47,15,81,76,42,60,65,56,54,63,59,42,47,61,27,46,56,50,44,41,31,72,42,53,37,61,42
Epha1,88,36,74,119,81,71,92,79,77,78,87,118,73,65,82,90,92,96,79,66,33,95,82,52,67,84,60,71,90,52,52,43,77,44,90,72,66,71,64,56,87,71,84,72,57,60
Epha2,74,48,47,135,65,61,51,82,102,76,93,129,72,49,59,69,85,241,40,35,11,129,44,43,66,49,65,37,97,111,58,53,57,54,51,42,38,44,56,38,111,52,125,33,102,66
Ephb3,0,0,1,3,1,2,3,3,1,1,4,0,3,3,2,0,0,0,2,1,1,4,2,0,1,2,1,1,3,1,3,2,3,0,3,1,3,2,2,1,3,1,1,0,6,0
Ephb4,41,23,40,48,27,29,33,40,51,52,50,58,37,50,47,53,53,61,56,45,13,57,51,32,36,48,45,44,46,38,31,18,36,29,47,30,27,42,31,17,52,35,50,25,41,46
Ephb6,6,3,4,12,5,6,7,8,9,11,9,15,3,4,1,11,7,8,6,5,2,3,5,6,5,4,5,3,8,5,1,0,6,9,7,7,11,5,2,2,9,0,3,2,2,9
Ephx1,2393,945,1397,3258,849,1363,2035,1868,980,2412,3255,2014,2098,2048,2434,3403,4240,4335,2646,1930,857,5308,2197,1277,1266,1821,1307,2568,1908,1755,3519,1845,2218,1885,2160,2120,1708,1735,2059,1069,2584,2278,1474,1382,1500,1535
Ephx2,2365,1144,2269,3414,1917,3212,3092,2819,2553,3247,3806,2999,3322,3405,4021,3592,3744,2362,3033,2833,1294,3568,4512,2440,3502,3619,2426,3761,4013,3918,2509,2691,3424,1659,3452,3206,2666,3413,4209,2582,5139,4167,3071,2381,3187,3345
Epm2aip1,4,5,1,5,4,3,4,2,10,6,6,10,5,3,5,5,6,1,3,7,3,4,1,2,3,1,1,3,4,6,1,0,3,1,4,3,4,4,2,1,2,5,1,2,2,3
Epn1,1013,494,767,1249,711,861,1010,918,1100,937,1194,1237,901,903,1067,1177,1127,1052,1016,805,333,1310,1004,629,966,920,886,1053,1060,1032,790,652,921,673,961,829,699,877,892,543,1206,859,809,691,762,751
Epn2,25,8,36,54,24,19,37,32,50,30,43,33,25,38,30,33,54,48,37,32,10,57,34,27,39,32,30,16,47,25,35,21,25,12,28,17,24,29,31,14,33,21,25,23,30,26
Epor,17,7,11,19,8,9,14,12,4,12,8,15,10,8,10,20,13,9,10,6,5,15,9,10,13,6,3,10,13,13,3,4,7,11,8,10,6,3,12,2,14,8,10,7,6,5
Eppk1,35,14,20,44,62,21,29,35,69,42,24,67,55,21,24,29,26,75,22,34,9,70,44,21,28,37,32,33,30,25,37,22,26,20,21,11,22,30,26,20,45,19,14,15,17,27
Eprs,226,107,215,330,218,260,271,277,338,252,288,402,293,238,289,328,308,429,259,251,101,386,319,181,281,233,203,271,348,291,222,192,250,202,198,236,207,219,230,152,320,218,195,163,176,200
Eps15,22,11,27,44,24,15,26,32,56,40,48,61,24,27,39,45,45,38,33,34,7,49,33,17,30,24,31,24,30,25,13,17,17,4,15,20,14,24,18,14,26,19,33,17,18,20
Eps15l1,35,22,28,64,48,29,51,41,50,40,51,71,41,35,46,62,48,62,45,47,17,67,44,19,37,53,40,53,42,46,43,35,47,27,45,38,35,30,45,23,67,38,39,38,40,29
Eps8,7,3,4,9,5,3,5,6,0,5,7,6,6,2,4,3,4,14,9,2,1,15,4,3,7,4,2,7,7,4,6,2,3,3,3,5,5,3,5,2,8,2,2,4,5,6
Eps8l1,1,1,1,0,1,0,1,9,1,1,3,2,1,1,1,2,2,0,4,1,0,6,5,0,0,1,0,1,2,1,0,0,4,0,3,1,2,0,1,0,0,1,1,3,1,0
Eps8l2,331,157,185,554,215,290,283,307,204,274,393,278,284,240,356,480,360,568,303,247,104,639,290,131,321,320,280,347,425,342,264,194,311,200,290,219,287,291,303,160,506,274,278,236,292,254
Epsti1,25,11,16,59,32,16,51,45,15,27,37,25,25,26,34,34,40,38,27,9,16,39,28,18,30,13,36,18,22,30,100,12,20,23,11,15,25,29,8,8,29,24,27,10,13,19
Ept1,104,42,110,184,70,113,114,119,101,100,139,130,120,95,135,144,146,101,117,76,45,135,139,97,115,118,95,138,120,128,75,106,120,84,105,110,93,108,137,67,173,104,102,102,81,71
Eral1,39,12,28,50,34,45,46,40,51,35,43,65,44,32,50,38,38,54,45,43,13,38,51,29,40,45,46,40,51,48,37,43,52,33,44,36,39,35,43,35,58,31,41,30,35,47
Erap1,45,20,53,48,44,44,61,35,67,47,60,51,57,39,49,52,45,41,51,44,22,61,66,36,51,61,32,40,57,58,65,40,47,25,37,42,36,52,60,25,59,40,45,40,38,47
Erbb2,1,3,3,6,1,3,3,4,6,2,2,3,11,9,3,3,10,6,2,6,1,6,1,2,7,6,5,5,7,4,7,1,4,3,2,4,4,4,9,2,2,5,1,3,1,7
Erbb2ip,221,110,181,393,203,206,261,223,274,261,317,267,228,256,260,344,307,372,232,199,110,514,225,166,242,227,195,243,258,226,196,182,284,115,229,215,178,219,280,134,327,198,212,161,162,221
Erbb3,1,0,1,2,6,0,1,1,2,0,3,2,0,0,0,4,1,1,0,0,0,0,1,1,0,0,4,0,1,0,1,2,1,0,2,0,2,0,3,0,1,1,1,1,2,2
Erc1,35,23,30,48,16,32,38,28,58,30,38,46,31,25,45,37,40,38,36,44,7,30,43,20,17,20,40,41,48,28,40,29,33,33,34,20,18,38,43,28,49,42,27,18,43,23
Erc2,4,0,3,9,5,1,7,5,4,7,5,9,4,4,4,5,2,8,6,2,0,2,10,1,7,4,6,5,3,5,4,5,8,1,3,6,4,3,6,0,4,7,4,5,6,4
Ercc1,20,4,22,29,26,15,32,23,23,16,34,39,22,17,26,26,27,55,23,11,5,26,23,11,26,23,14,23,27,25,22,17,19,17,14,13,13,26,16,12,33,21,23,12,19,17
Ercc2,48,24,47,70,43,62,64,51,56,49,58,62,40,41,61,69,70,82,47,47,17,75,52,28,53,54,46,43,69,44,51,40,48,40,49,35,43,44,45,26,66,43,43,35,45,43
Ercc3,116,58,135,202,125,113,203,179,121,112,173,154,111,107,124,157,157,241,129,115,59,239,153,120,164,146,112,112,142,158,199,115,130,83,129,108,106,147,155,85,201,137,134,101,106,107
Ercc4,3,2,6,15,5,2,10,5,7,5,8,8,4,8,8,4,11,3,1,5,0,11,11,7,7,8,3,8,12,6,1,3,4,4,6,5,4,7,4,2,7,7,9,3,3,4
Ercc5,51,32,52,83,65,57,59,57,60,58,73,68,66,40,69,73,64,84,41,61,21,81,56,31,63,44,45,56,59,52,48,32,45,42,44,38,33,51,44,26,66,53,29,49,41,36
Ercc6,5,1,9,4,4,7,7,8,7,4,4,18,3,2,2,2,8,5,4,9,5,7,6,3,6,4,2,3,6,6,2,8,7,2,6,6,3,5,5,4,4,3,6,6,3,6
Ercc6l,2,0,0,0,0,1,0,6,0,0,2,1,1,0,0,0,3,3,1,1,1,1,1,0,1,0,0,3,0,1,1,0,0,1,0,1,1,3,0,0,0,1,1,1,0,0
Ercc6l2,21,10,20,24,16,18,17,23,19,15,19,25,17,15,24,19,31,31,20,27,8,27,18,14,25,16,10,14,23,16,7,7,20,7,12,13,13,16,13,13,22,16,22,6,18,16
Ercc8,18,8,22,32,12,10,19,13,18,8,17,15,23,16,16,17,18,29,5,10,5,37,35,8,27,16,13,19,23,11,11,17,17,9,19,13,10,21,16,5,21,21,22,11,22,20
Erf,120,36,97,220,69,101,137,98,155,96,172,131,120,108,121,110,124,114,101,77,23,217,113,67,121,85,128,111,148,127,87,57,89,75,90,79,41,97,116,37,127,93,82,56,73,69
Erg,19,6,17,16,16,9,15,19,23,19,14,16,28,7,12,20,15,19,18,8,7,36,28,10,17,25,11,21,27,29,13,10,11,9,16,18,17,18,11,12,23,13,19,12,16,20
Ergic1,105,54,116,164,135,135,154,147,199,152,167,225,136,141,148,137,149,174,141,136,50,123,198,107,154,178,134,182,152,161,108,123,142,121,141,146,127,152,168,131,249,167,135,104,145,148
Ergic2,62,30,57,81,58,65,68,41,63,71,91,80,61,61,72,80,66,74,80,59,32,70,79,52,65,68,87,61,89,77,35,58,55,32,50,50,50,53,58,34,74,58,53,47,67,74
Ergic3,354,182,256,475,207,317,317,283,496,372,394,440,416,372,444,457,438,289,281,379,85,188,411,279,327,372,325,437,413,455,369,280,347,187,340,337,311,412,363,260,461,365,272,260,376,398
Erh,8,6,10,9,8,2,11,11,10,7,10,12,7,7,6,5,11,10,6,6,2,17,8,3,13,7,6,8,6,12,5,8,12,9,7,4,6,13,5,5,14,10,5,6,10,8
Eri3,111,58,90,176,71,128,125,131,155,122,132,135,130,115,145,129,164,215,125,104,44,170,127,98,111,130,121,114,178,127,115,101,120,107,148,113,116,128,137,85,165,107,136,116,132,117
Erich1,24,14,17,24,17,19,21,29,27,12,28,38,23,20,21,30,22,25,30,14,4,47,21,16,22,22,21,19,17,16,30,14,21,18,19,19,11,13,22,12,25,15,17,22,8,16
Erlec1,11,12,13,30,10,13,16,8,25,25,19,32,8,7,11,22,25,3,22,7,4,6,17,9,17,12,15,27,26,11,6,10,24,11,15,13,8,15,11,11,17,12,8,5,9,15
Erlin1,64,23,41,81,64,52,76,53,87,54,61,94,42,35,55,53,47,71,80,50,21,100,54,30,66,53,55,76,107,46,41,44,55,19,32,35,46,51,44,33,50,54,49,34,34,54
Erlin2,76,31,80,90,44,68,94,72,96,65,87,100,75,65,77,92,92,131,74,80,30,104,85,45,78,73,61,81,96,72,77,61,86,71,74,66,68,70,62,55,118,81,73,40,70,70
Ermard,30,17,32,52,38,38,42,45,55,30,39,48,38,29,37,35,45,49,28,35,20,58,37,28,46,44,40,30,49,48,24,15,43,11,21,35,32,34,37,24,48,27,43,29,31,31
Ermp1,22,10,7,17,15,10,16,21,29,19,17,21,10,17,13,28,17,34,34,24,5,23,15,12,11,18,6,17,35,20,20,23,23,6,23,17,11,15,14,5,16,23,18,6,7,9
Ern1,10,5,5,10,5,7,9,7,7,4,4,3,5,5,5,8,8,8,3,5,4,6,8,3,7,4,7,8,10,1,3,2,1,0,8,2,2,6,6,8,8,3,5,2,5,4
Ero1l,6,2,8,5,2,2,3,8,9,6,5,7,4,2,4,3,5,8,6,5,3,7,7,3,5,10,3,10,8,5,7,4,5,2,6,6,3,3,5,0,7,5,2,1,2,3
Ero1lb,125,59,103,136,92,135,116,110,223,139,126,271,88,140,130,191,136,117,168,138,50,77,148,71,83,121,112,163,94,156,103,79,92,52,120,81,62,105,118,59,168,115,76,53,56,82
Erp29,296,154,296,375,270,291,312,299,468,286,423,576,271,244,336,428,354,507,270,285,106,355,326,180,328,280,285,340,319,336,424,237,277,249,298,263,260,281,263,171,412,283,255,202,204,275
Erp44,62,30,40,76,51,63,55,54,91,58,68,122,60,45,65,66,53,82,61,73,29,61,50,40,60,47,54,73,68,80,53,48,45,52,53,44,51,56,71,35,85,58,62,40,42,42
Errfi1,609,264,641,1222,1102,638,699,303,2310,463,821,894,1205,882,773,1534,695,1147,902,484,556,1325,889,543,1012,966,764,1122,657,1063,417,667,1023,410,945,854,519,795,787,528,1717,695,1059,463,547,964
Esam,46,23,32,41,28,49,59,48,59,40,45,47,80,54,49,61,49,92,54,57,12,86,56,25,29,54,50,30,77,53,50,27,37,33,38,48,40,52,58,22,44,36,41,22,38,52
Esco1,3,3,2,5,9,2,7,5,10,7,4,7,1,9,5,5,6,5,2,5,3,6,3,3,5,4,2,3,11,2,3,1,1,4,4,4,8,2,2,1,3,3,5,3,1,2
Esd,288,112,202,393,260,317,297,237,338,298,346,333,509,265,403,353,448,566,308,325,158,508,456,236,417,341,195,316,390,483,469,240,423,243,294,294,332,273,319,166,442,431,285,274,234,286
Esf1,28,17,23,37,23,31,33,27,32,19,33,32,26,22,32,33,36,44,25,26,12,51,26,15,31,22,23,15,43,27,21,16,24,7,23,22,22,18,20,15,33,11,15,19,16,18
Esm1,0,1,1,2,2,2,0,3,6,1,1,2,5,3,1,4,0,5,0,1,0,11,1,1,1,3,0,2,10,0,3,1,1,1,2,3,5,1,3,2,1,0,1,3,0,5
Espl1,1,0,0,2,4,1,4,7,0,1,1,3,1,1,2,1,6,9,4,1,1,0,3,1,3,0,5,2,1,1,11,3,2,3,0,1,2,3,0,0,0,0,1,0,2,3
Espn,15,5,8,10,8,4,9,6,7,8,16,9,6,11,5,15,15,5,12,4,1,4,9,4,7,7,3,7,3,2,0,0,3,4,6,3,2,6,3,1,5,3,5,2,1,2
Esr1,8,3,16,11,12,14,21,10,28,7,17,36,8,13,17,8,13,14,28,16,7,9,18,15,14,9,16,10,15,5,4,8,10,1,9,10,11,9,7,5,13,12,15,6,7,8
Esrp2,51,23,44,84,43,67,65,61,85,67,86,98,45,57,79,72,82,40,73,68,21,40,67,43,77,69,56,78,106,77,43,49,63,38,80,56,46,73,58,39,85,69,63,54,69,67
Esrra,185,135,186,269,171,172,210,196,246,220,256,337,248,213,243,256,241,281,206,194,62,383,256,188,208,204,177,229,311,220,192,197,245,172,235,191,174,223,237,143,322,228,188,191,224,198
Esrrb,3,1,3,2,1,3,8,5,3,8,5,4,3,7,2,5,2,5,5,6,0,4,10,7,4,4,4,4,5,3,8,3,2,2,5,11,8,3,7,2,4,8,5,2,8,2
Esyt1,71,48,81,150,69,88,112,83,159,95,121,191,110,65,106,123,143,180,98,83,33,133,105,37,118,122,68,98,91,102,117,75,74,79,67,66,63,86,84,52,104,95,69,48,80,72
Esyt2,19,11,15,29,21,11,20,27,19,19,22,27,16,17,26,16,16,41,23,23,9,28,26,16,14,10,11,15,25,18,10,12,21,6,18,12,11,16,14,8,13,13,14,11,9,9
Etaa1os,2,1,3,0,0,1,0,2,2,2,4,6,1,2,5,2,4,0,1,0,1,2,2,0,3,0,2,1,1,0,0,0,2,0,2,4,2,3,0,1,6,1,4,2,3,2
Etf1,96,40,80,143,107,83,79,62,122,92,120,139,108,90,96,133,131,161,92,92,46,180,120,46,71,92,83,116,125,121,85,70,84,48,93,56,75,64,88,51,106,75,83,56,69,65
Etfa,1016,508,908,1696,876,1113,1174,956,1364,1287,1279,1315,1457,1397,1517,1632,1595,1330,1253,1112,499,2138,1697,950,1313,1215,1020,1572,2060,1472,851,993,1300,802,1410,1423,1382,1285,1300,817,1682,1335,1311,912,1146,1238
Etfb,2044,937,1827,2746,1479,2039,2313,2094,2378,2159,2455,2707,1982,1801,2570,2238,2453,2447,1880,2123,705,2981,2206,1521,2082,2188,2095,2421,2553,2575,1626,1719,2142,1796,2225,2095,1662,2012,2174,1535,2561,2285,1905,1715,1915,1861
Etfdh,426,184,419,745,292,543,532,363,532,482,599,518,595,510,767,632,734,528,450,397,204,755,692,390,517,566,345,542,689,799,322,456,527,305,583,490,450,475,592,326,651,579,530,363,459,462
Ethe1,285,116,186,380,236,207,346,315,389,304,272,322,348,290,327,275,257,334,247,252,117,305,421,351,379,430,258,312,391,390,341,260,295,297,299,356,302,286,396,288,456,405,300,268,359,297
Etl4,8,5,12,10,24,10,16,13,11,12,15,15,9,8,8,13,10,22,12,7,5,20,12,14,9,11,12,12,19,14,4,9,20,13,9,15,10,14,8,9,17,13,14,4,4,10
Etnk1,275,125,227,338,321,269,275,242,406,283,358,457,301,269,277,389,344,341,253,215,119,368,349,158,271,292,286,246,335,303,214,187,270,166,313,250,247,226,249,119,377,228,238,189,167,236
Etnk2,427,232,373,727,342,358,458,467,657,548,566,770,718,692,592,625,414,515,430,426,138,581,782,467,667,486,533,935,899,539,435,430,569,568,609,543,502,602,722,409,1008,702,631,757,661,529
Etnppl,195,105,171,255,45,122,213,109,75,249,130,143,222,567,302,339,142,375,235,143,37,1186,189,166,150,135,115,215,535,138,115,227,145,126,263,269,325,156,167,99,168,235,125,99,170,240
Ets1,65,26,58,71,52,56,93,58,57,53,85,66,75,61,74,96,76,77,61,37,26,89,62,34,54,56,55,59,86,64,51,37,49,39,39,56,44,54,58,23,70,37,48,35,36,61
Ets2,115,66,108,205,151,89,142,140,151,101,163,219,130,114,116,129,133,307,100,95,40,298,128,61,114,107,101,96,125,125,159,82,104,84,72,89,89,103,96,48,156,96,91,71,88,135
Etv3,59,35,44,78,52,53,69,50,75,41,66,75,46,45,60,65,58,50,55,38,16,59,52,49,48,44,46,31,75,60,39,40,47,41,41,40,33,45,39,21,61,38,37,40,41,34
Etv4,3,2,3,6,1,1,2,2,2,1,4,1,3,0,3,5,3,8,2,2,0,4,2,0,1,1,0,2,0,0,2,0,0,0,2,0,0,2,0,0,2,0,1,0,1,0
Etv5,11,3,3,9,12,9,12,7,5,7,15,22,10,8,12,12,9,14,3,8,5,6,8,2,8,11,16,9,11,12,7,11,10,6,10,3,7,6,7,13,13,11,7,9,10,4
Etv6,51,51,98,87,100,71,82,89,121,44,99,138,80,65,71,89,88,69,68,50,32,64,85,64,64,56,94,68,58,66,118,57,61,64,67,59,32,57,71,36,86,65,70,49,55,80
Eva1a,380,196,421,719,428,486,441,371,680,392,549,582,563,474,566,593,498,494,435,364,167,699,491,317,537,489,404,506,657,546,309,339,462,229,569,405,371,384,422,206,646,335,477,302,335,383
Eva1b,41,30,44,89,46,36,67,66,58,47,76,48,48,37,58,58,64,65,52,35,18,68,49,25,47,67,39,46,62,67,57,34,45,52,35,21,41,62,47,29,56,26,44,28,30,48
Eva1c,1,0,4,3,2,0,1,4,6,1,6,2,4,3,1,4,6,2,4,1,1,2,0,2,1,5,4,5,2,4,3,1,2,2,3,5,3,0,2,1,2,2,0,1,0,2
Evc,2,2,2,7,7,3,5,5,4,4,8,8,4,2,5,10,10,9,5,2,1,8,6,1,4,6,1,6,13,5,4,2,3,2,2,2,2,2,4,3,2,5,3,2,3,7
Evc2,6,3,2,7,6,3,11,7,1,1,8,4,9,5,2,11,8,9,7,0,1,8,10,4,3,6,3,9,12,4,4,4,4,9,1,1,4,5,3,5,8,4,3,1,3,5
Evi2a,7,7,7,19,19,16,9,20,8,8,12,14,10,11,19,9,11,17,8,7,8,29,12,11,11,5,7,10,10,13,34,5,2,7,8,5,10,8,10,1,8,12,8,4,0,8
Evi5,90,50,89,163,110,93,157,148,184,120,137,157,140,137,148,152,160,170,166,94,42,222,165,71,145,150,118,144,191,129,80,71,117,56,131,114,109,119,102,67,155,110,102,87,77,94
Evi5l,3,3,2,14,1,1,4,6,3,9,1,3,5,2,2,1,6,2,6,4,2,3,10,1,6,4,2,11,5,8,3,7,4,5,4,8,9,5,8,1,7,8,8,5,1,7
Evl,25,16,32,83,50,27,74,90,43,32,66,48,42,19,51,46,56,124,39,37,17,115,59,23,54,16,53,33,50,41,214,31,22,52,20,41,28,27,39,21,32,36,40,23,23,22
Evpl,2,5,5,2,1,1,6,1,6,3,0,0,4,3,2,1,5,5,3,2,2,1,2,1,0,1,1,4,2,7,3,3,3,5,0,3,1,3,1,1,2,2,0,4,1,5
Ewsr1,233,135,198,370,176,198,256,235,245,238,332,359,239,188,237,290,238,303,268,212,71,385,270,201,226,190,225,208,267,200,263,150,221,180,228,180,169,221,224,142,273,191,208,157,166,163
Exd1,9,1,1,6,1,2,6,4,6,1,6,5,5,8,6,6,9,10,8,2,1,7,8,3,3,5,5,3,8,9,3,7,9,5,2,4,6,7,10,3,10,8,3,5,7,4
Exd2,35,20,28,53,33,46,66,53,62,48,77,50,50,49,56,48,59,51,49,48,24,52,63,31,50,56,42,48,59,66,36,33,49,36,36,49,40,50,66,25,75,57,55,38,49,46
Exo5,17,8,6,16,7,7,13,19,14,17,13,12,14,11,10,9,19,22,15,14,5,17,27,8,15,14,8,19,15,16,15,11,6,12,15,12,10,9,9,10,20,7,9,5,10,9
Exoc1,25,11,23,42,34,25,39,34,46,22,54,48,28,30,29,28,27,55,32,23,11,55,44,22,30,23,21,29,37,29,26,22,33,16,24,18,24,19,29,14,46,34,37,19,22,24
Exoc2,28,21,39,33,33,38,43,38,38,39,38,47,49,32,38,44,46,52,30,31,18,59,58,22,36,34,32,34,65,55,47,23,39,28,34,36,26,43,26,18,52,34,33,31,20,26
Exoc3,4,1,2,3,2,2,7,3,3,5,6,3,2,7,4,4,2,7,3,3,3,2,7,5,5,5,4,1,5,3,4,3,5,1,5,3,1,8,4,3,6,1,1,3,0,1
Exoc3l,16,9,6,17,15,11,12,22,23,17,14,13,17,11,20,23,17,14,15,9,3,14,13,12,13,14,16,6,17,27,8,6,15,20,14,10,10,18,8,10,19,19,19,4,8,21
Exoc3l4,13,2,4,17,14,9,13,24,17,17,16,10,10,9,10,12,15,21,9,8,4,10,20,6,12,24,11,11,21,10,55,9,11,13,4,10,11,9,10,8,15,10,14,8,8,16
Exoc4,20,11,16,29,23,24,25,25,15,19,33,28,27,16,28,28,15,66,21,16,2,32,33,11,16,27,20,36,24,21,21,16,17,29,21,23,19,17,9,11,25,20,20,18,11,7
Exoc5,17,6,5,17,11,8,8,9,12,7,9,11,6,11,11,8,10,17,8,12,2,22,14,11,10,8,12,12,8,13,3,6,11,1,8,7,5,9,8,4,8,8,18,6,2,12
Exoc6,56,35,56,83,82,55,72,66,81,44,77,80,70,50,66,77,78,100,74,45,23,122,80,39,73,66,46,56,88,77,69,42,68,42,66,58,45,63,66,30,98,70,53,53,43,55
Exoc6b,24,13,11,28,20,18,27,29,31,12,28,37,20,16,19,23,27,45,24,26,6,38,26,10,18,23,15,20,26,13,21,20,15,14,20,12,12,17,19,12,28,15,22,8,11,23
Exoc7,16,3,12,12,14,11,5,14,5,12,23,15,10,9,11,14,11,18,10,10,2,8,18,11,8,12,12,14,17,16,23,8,14,8,17,9,10,13,13,6,15,11,10,10,10,18
Exoc8,4,0,3,6,5,2,6,4,4,2,7,5,7,7,9,2,3,6,9,3,3,3,2,6,4,6,7,5,6,4,5,6,7,5,4,6,5,3,4,4,3,2,8,2,4,3
Exosc1,58,42,76,105,60,51,79,74,81,55,87,121,65,70,86,65,79,109,75,48,26,112,78,50,56,59,77,82,63,70,69,60,80,36,59,62,52,70,68,54,89,68,54,51,58,51
Exosc10,78,39,85,139,61,103,85,100,113,95,115,134,96,84,93,116,93,127,98,87,23,127,113,66,103,75,101,108,123,101,70,91,61,96,81,82,67,104,89,67,138,98,100,79,75,82
Exosc2,52,28,36,60,21,37,47,36,42,43,60,58,47,44,43,50,54,75,41,46,14,74,54,32,36,32,46,37,45,37,46,17,39,41,45,34,21,37,34,19,44,31,46,27,40,41
Exosc3,72,44,93,127,54,73,95,113,137,107,106,175,107,115,104,97,111,113,89,95,34,112,137,76,89,100,82,81,129,109,102,64,89,64,97,107,99,74,103,66,119,95,86,69,74,93
Exosc4,106,40,83,148,70,76,89,99,104,100,116,143,110,96,116,112,104,129,94,87,25,121,113,82,78,86,92,118,107,90,97,78,87,71,105,76,77,78,110,55,132,107,97,70,79,79
Exosc5,148,59,121,180,116,164,169,158,159,150,182,187,169,127,179,206,170,308,156,138,66,218,194,143,173,155,129,191,220,200,145,131,165,135,182,189,141,200,170,122,206,156,158,124,133,142
Exosc6,79,85,107,124,84,112,106,103,89,92,114,159,86,104,106,102,134,185,90,94,44,153,120,63,83,74,96,95,109,83,111,67,79,76,113,88,59,96,80,56,113,81,98,68,87,83
Exosc7,179,78,167,207,168,185,219,220,205,178,283,279,216,171,221,250,240,307,164,174,79,285,221,135,222,195,160,221,232,240,218,150,222,172,208,245,190,207,235,127,274,214,191,156,182,179
Exosc8,50,36,56,110,86,50,96,79,77,61,85,95,71,52,74,65,87,116,68,69,39,160,73,45,75,75,52,63,79,82,62,45,72,45,61,58,64,61,65,53,97,68,70,63,55,66
Exosc9,46,15,41,51,53,54,57,64,78,38,64,73,41,43,59,28,55,71,51,36,24,69,62,22,36,38,27,51,44,60,41,28,31,25,24,40,27,48,37,25,53,37,39,22,27,32
Exph5,2,0,3,3,7,1,3,8,5,6,3,2,6,4,5,3,5,3,4,4,4,4,4,5,6,4,6,6,5,6,2,1,6,1,5,3,6,3,5,2,2,6,4,4,2,4
Ext1,243,114,211,400,224,244,313,244,425,204,364,394,269,209,275,297,283,384,253,226,75,352,265,177,245,277,242,286,291,294,232,198,234,191,216,211,199,221,251,157,310,231,205,186,168,175
Ext2,102,48,123,158,108,154,103,146,188,128,185,202,128,124,142,190,158,172,133,118,41,195,153,100,139,154,98,141,182,157,115,79,99,121,144,117,83,97,130,93,192,131,106,100,106,92
Extl1,11,5,8,14,9,8,10,7,29,11,26,26,9,18,18,33,35,15,22,15,8,12,33,26,29,29,9,17,6,19,13,17,17,20,13,10,7,13,14,29,57,21,28,14,12,8
Extl2,16,5,17,14,15,13,13,13,16,12,14,25,15,14,19,18,13,23,7,12,6,21,23,10,12,18,11,17,20,20,11,10,13,6,12,9,9,19,22,11,24,9,23,16,18,15
Extl3,108,52,114,123,109,108,132,97,156,100,136,133,93,92,117,107,124,115,101,90,23,116,126,84,85,90,113,103,120,129,94,74,85,74,87,92,83,107,80,54,143,88,85,84,88,76
Eya3,43,30,60,90,56,56,62,67,61,61,79,89,57,34,67,68,58,92,46,54,22,88,66,52,77,67,47,50,70,45,68,32,40,48,60,36,46,60,47,25,77,64,45,35,41,41
Ezh1,76,27,48,84,57,46,62,56,74,77,76,88,73,46,69,96,71,141,61,52,20,145,64,39,58,78,59,64,82,73,80,42,51,53,54,64,54,63,62,45,87,54,59,42,72,53
Ezh2,13,6,7,17,15,4,16,19,19,12,9,12,13,12,9,14,13,13,14,5,1,13,12,2,17,8,14,7,16,11,10,12,14,6,11,7,8,9,9,7,7,7,11,5,4,8
Ezr,33,23,17,50,40,28,50,42,32,40,32,50,36,30,36,29,27,49,47,24,21,49,35,22,37,36,25,52,29,49,28,8,23,30,17,24,22,21,23,10,42,21,15,12,15,35
F10,2364,1289,2768,3783,2994,2834,3230,2727,5439,2545,3314,4221,2504,2765,3127,3473,3490,2203,2418,2946,911,3355,3165,2077,3049,3120,3298,3023,4389,3229,2267,1944,2590,1770,3006,2569,2582,3061,2868,1895,3583,2899,3099,2315,2761,2744
F11,140,62,100,267,320,195,290,321,373,190,237,335,193,145,219,215,221,173,189,203,100,158,279,129,319,246,248,206,324,271,224,123,275,131,193,160,209,244,211,146,419,233,198,146,165,164
F11r,218,85,193,326,268,165,214,203,323,199,230,275,231,146,221,218,285,379,176,178,76,344,170,110,199,214,196,192,288,216,238,130,190,111,168,158,172,141,137,81,224,153,151,166,135,145
F12,2269,1151,2323,3428,1969,2450,2553,2428,4061,2110,3135,3766,2527,2488,2783,3050,2941,2989,2385,2074,730,3280,2927,1578,2422,2612,2363,2595,3078,2685,2025,1865,2008,1851,2560,2179,1981,2348,2314,1560,3174,2394,2201,1728,1987,2116
F13a1,0,1,3,2,5,0,2,3,1,0,5,1,2,0,6,3,0,4,4,0,0,1,1,0,3,1,0,2,2,2,7,2,1,3,0,0,0,2,2,0,0,0,1,0,0,0
F13b,190,85,150,277,139,228,213,127,299,180,211,251,183,170,217,284,256,163,284,151,78,242,258,134,184,251,160,250,336,268,129,131,197,97,175,155,185,229,179,123,242,165,217,118,165,171
F2,7917,3543,7055,9880,9754,8491,8805,7749,16739,8458,10677,12396,7987,8360,10175,10623,10917,7289,7708,8602,3674,9405,11414,6093,9372,9532,9366,8941,13084,11123,6825,5545,8965,5199,8587,8068,7607,8883,8927,5561,12282,7884,8770,6592,7874,8165
F2r,53,19,33,98,79,42,59,81,71,62,60,63,72,38,58,51,53,52,57,46,26,41,87,28,104,117,48,59,52,61,66,41,50,31,58,31,37,64,61,43,141,65,44,35,45,53
F2rl1,1,0,0,2,2,3,2,3,0,3,2,2,1,0,0,0,6,12,2,2,0,10,1,3,1,1,0,0,1,2,2,3,3,0,4,2,0,1,0,2,3,1,0,1,0,1
F3,20,5,6,35,20,13,32,21,9,13,20,16,13,17,8,12,18,29,23,12,7,20,34,18,20,26,12,27,19,18,16,16,20,14,12,21,19,17,17,7,29,11,23,15,17,11
F5,988,530,797,1644,1094,1007,1056,1027,1651,1277,1400,1748,978,1004,1304,1564,1440,1401,1134,967,441,1693,1209,625,936,1031,1227,1079,1566,1004,705,625,1076,602,863,672,704,959,830,556,1323,897,916,549,743,819
F7,674,360,727,910,939,723,752,676,1648,795,903,1219,864,838,813,922,890,454,578,823,254,705,844,626,877,825,908,765,1080,901,548,441,715,502,784,620,611,688,777,520,1077,782,709,565,818,633
F830016B08Rik,55,44,29,132,79,75,36,35,41,49,105,33,79,32,48,109,110,50,15,50,44,51,35,24,26,32,71,52,38,29,126,23,45,23,27,31,30,18,28,8,43,21,24,34,25,8
F9,363,176,370,468,485,474,433,440,971,411,510,694,409,470,492,469,481,275,405,430,140,412,478,285,449,439,443,431,577,557,299,325,408,235,389,323,357,384,364,256,614,442,347,294,333,311
Faah,137,90,141,219,136,116,179,162,194,140,168,214,167,162,172,197,176,176,134,119,40,152,194,103,149,184,133,182,216,185,104,108,123,72,139,121,121,133,147,93,208,145,137,97,111,127
Faap100,34,18,23,46,38,22,32,46,37,27,42,41,35,20,29,45,56,48,50,27,8,45,42,22,32,36,29,29,53,34,31,18,35,22,42,31,33,47,35,20,46,29,39,27,30,27
Faap20,96,50,82,167,142,98,124,141,210,130,148,178,94,102,127,135,145,259,105,104,37,179,134,79,108,144,124,111,134,136,130,78,95,61,107,89,106,100,109,72,136,112,93,78,85,90
Faap24,16,6,15,20,14,18,30,9,25,12,10,23,21,11,22,16,17,17,11,19,5,10,22,17,20,15,12,21,16,31,19,17,23,14,15,20,14,17,23,9,17,18,19,12,22,8
Fabp1,30266,13630,22833,34813,21505,33398,46527,31975,14272,29282,33977,22102,27246,24653,42734,34482,40592,16434,30826,32983,14206,16290,37999,23709,32346,30685,30276,36869,33561,49190,15794,34776,48024,29191,40072,49147,35573,40769,51738,25052,45490,43898,39315,35780,35916,35018
Fabp2,3,3,7,8,2,8,15,7,2,6,7,4,6,8,9,15,16,31,4,6,2,15,8,4,6,4,1,8,9,8,9,16,10,11,6,9,8,8,14,4,9,14,8,10,6,9
Fabp4,41,14,22,37,26,33,57,37,53,38,48,95,62,31,35,66,36,144,51,35,9,80,42,19,38,50,35,78,62,58,33,48,26,39,28,31,29,38,87,21,63,22,34,56,37,64
Fabp5,61,41,208,190,736,80,700,721,421,25,114,211,76,68,70,93,176,90,54,105,25,49,584,124,321,154,148,160,350,184,34,74,75,124,214,390,322,476,126,229,191,88,304,111,193,337
Fabp7,1,1,3,0,0,2,5,0,1,2,1,6,1,2,0,0,3,10,5,1,2,4,1,0,4,1,0,2,1,2,2,0,0,0,0,0,0,0,0,0,1,0,0,0,0,0
Fadd,11,5,8,8,10,8,7,7,12,14,12,13,10,14,23,16,14,21,10,10,3,14,11,10,21,11,13,14,16,18,8,11,14,7,13,4,5,9,10,8,19,13,13,5,10,11
Fads1,2064,984,1679,2747,2579,2179,2689,2743,3024,2514,2189,2345,2334,2021,2639,2897,2918,2321,2163,2123,1141,1750,2924,1754,2420,2535,2112,2339,4333,3111,1699,1861,2208,2055,2246,2054,2714,2791,2248,1354,3519,2387,2528,1940,2626,1970
Fads2,217,115,175,306,200,212,357,338,198,264,233,263,289,192,291,329,322,425,242,226,67,227,425,218,263,239,277,302,605,332,216,302,279,401,350,470,408,411,386,194,380,309,414,308,391,281
Fads3,3,2,3,4,6,5,4,5,4,5,3,10,3,2,5,5,7,22,4,5,3,15,6,6,2,6,3,7,6,2,3,3,5,4,5,3,0,3,2,4,9,3,3,3,3,6
Fads6,18,14,13,20,23,13,19,24,23,22,25,24,22,21,15,20,18,17,21,16,9,16,28,11,24,22,26,21,28,30,27,10,19,18,19,13,21,21,16,18,34,18,20,18,20,22
Faf1,3,1,3,4,6,3,1,2,4,5,2,4,2,4,1,4,3,3,1,8,1,2,8,2,3,3,4,1,5,2,3,1,2,3,4,3,5,3,4,0,4,3,2,3,1,2
Faf2,89,47,100,186,115,123,143,111,149,116,176,173,112,114,155,159,136,100,123,97,43,112,144,84,136,125,86,129,152,145,95,91,132,103,122,98,111,116,136,86,182,116,94,100,94,98
Fah,3548,1887,3814,5344,4132,4478,4845,4411,6775,3700,4696,4741,4766,4459,4521,4572,5078,3613,3819,4044,1783,4761,5686,3792,5264,5022,4361,4502,6915,5601,3609,3145,4724,3061,4510,4855,4198,4811,5544,3382,6749,5001,5048,4214,4808,4386
Fahd1,249,127,214,253,177,246,245,212,247,287,298,324,269,206,296,268,267,219,277,230,83,315,299,151,253,211,246,253,378,269,148,226,237,161,229,206,236,220,251,136,323,238,230,169,240,239
Fahd2a,122,58,143,179,85,124,154,172,168,142,162,176,158,147,147,180,178,152,180,128,50,160,191,95,114,144,116,150,198,187,149,108,197,120,187,164,109,144,195,124,213,171,162,153,146,143
Faim,58,30,54,94,71,50,78,91,100,73,73,97,89,54,88,68,82,141,68,86,36,125,88,69,85,59,80,84,108,107,89,66,94,49,69,94,89,85,91,54,122,77,78,68,86,72
Fam101b,6,2,6,5,4,2,12,16,7,2,13,8,13,8,4,10,10,13,16,11,4,25,11,4,4,2,6,7,8,8,8,9,3,1,4,4,6,5,7,3,4,6,6,5,9,5
Fam102a,103,62,106,217,108,134,108,177,121,128,190,151,126,99,149,152,165,174,127,121,67,132,168,92,106,143,117,132,177,142,161,128,154,122,130,142,106,126,164,88,214,137,152,115,126,97
Fam102b,0,2,1,1,3,2,7,2,3,0,1,0,2,3,3,3,6,7,3,3,0,5,1,1,2,1,2,4,4,2,5,3,3,2,0,0,5,3,3,0,5,2,2,0,2,0
Fam103a1,33,24,39,67,45,48,73,47,97,62,49,87,59,48,59,54,57,61,55,49,15,64,65,34,52,58,41,53,84,64,41,37,55,24,44,49,58,47,71,38,82,46,47,35,42,47
Fam104a,46,18,43,44,36,43,45,42,46,48,52,48,57,52,42,60,55,51,29,38,19,60,54,34,44,45,36,40,47,47,38,22,42,27,46,48,28,41,61,23,54,47,43,25,32,45
Fam107b,246,91,255,331,188,229,219,211,176,267,341,282,342,284,321,281,356,320,284,238,156,351,330,193,251,226,185,307,276,262,351,217,310,210,311,289,233,239,298,152,364,260,244,194,266,221
Fam109a,32,17,29,48,30,31,41,29,31,33,44,51,41,37,29,43,41,67,21,27,3,51,43,30,40,29,28,48,66,38,22,18,37,19,44,35,30,41,32,33,43,44,31,21,33,34
Fam110a,9,11,10,24,27,13,31,43,18,17,12,38,22,23,18,23,11,31,22,22,8,16,33,24,25,30,18,21,39,26,29,15,16,27,24,21,11,24,18,11,36,22,16,25,24,17
Fam110b,0,3,2,2,7,1,0,5,4,2,0,7,3,2,1,2,3,2,4,4,0,7,2,1,1,2,3,3,2,2,3,1,2,4,0,1,2,3,2,1,3,0,1,0,0,9
Fam110c,0,0,1,2,5,1,2,2,6,1,2,5,4,1,1,2,3,7,1,0,1,6,0,0,3,4,1,1,4,1,3,0,2,0,3,1,1,1,1,0,0,2,1,2,0,0
Fam114a1,49,24,67,73,126,61,99,86,117,59,93,119,77,61,58,86,106,242,77,65,23,116,82,60,73,63,74,79,79,97,84,61,73,47,70,42,75,61,48,51,112,53,76,50,60,58
Fam114a2,199,91,166,282,142,177,257,215,252,144,248,234,189,144,187,231,251,228,191,145,76,260,202,147,171,169,170,199,199,185,171,137,179,152,172,148,133,169,179,121,244,147,146,116,143,146
Fam117a,34,22,35,49,27,29,33,33,49,42,44,43,25,22,34,63,56,35,55,29,20,36,41,17,24,26,36,37,38,42,31,14,60,30,35,43,29,32,41,14,51,26,26,32,21,25
Fam117b,7,6,4,10,11,7,5,9,8,15,14,6,9,6,9,12,8,15,11,5,4,16,8,7,7,9,5,13,11,6,5,7,10,2,7,9,6,6,0,4,3,7,8,6,7,8
Fam118a,5,1,4,8,3,5,5,2,7,7,7,12,7,6,7,13,6,17,6,6,1,10,8,6,7,7,6,10,16,15,8,9,14,2,6,8,7,6,6,7,7,7,8,7,5,6
Fam118b,24,20,26,42,25,25,41,30,37,17,29,36,16,34,36,28,22,33,22,22,6,31,35,23,30,28,36,24,31,27,32,20,26,27,18,24,20,28,19,14,40,32,27,19,26,22
Fam120a,154,80,145,262,179,171,173,168,257,176,218,245,167,167,188,227,224,235,162,160,70,277,253,114,188,204,172,193,253,169,117,123,166,66,173,142,158,130,133,103,201,184,181,117,137,159
Fam120aos,37,31,59,98,52,60,52,63,72,67,73,77,53,53,83,75,87,74,40,45,19,79,56,45,63,68,58,70,89,56,33,48,88,54,70,67,57,56,70,32,78,66,79,61,60,59
Fam120b,12,4,12,21,13,20,16,12,13,20,16,27,6,21,11,13,23,28,22,14,4,15,16,5,12,13,10,19,12,16,10,9,11,7,8,7,8,11,13,6,26,7,12,8,8,7
Fam122a,106,47,79,125,71,87,102,75,124,75,124,154,97,108,97,121,104,124,93,72,40,165,73,65,96,70,110,92,113,89,67,69,90,82,116,79,53,83,71,58,100,88,74,58,71,68
Fam124a,29,14,21,38,46,21,44,42,43,30,46,36,33,34,40,39,43,62,16,16,9,42,38,32,39,38,31,22,30,62,62,22,30,20,32,59,11,46,27,30,53,30,45,34,43,38
Fam126a,38,21,32,27,42,44,45,40,43,29,43,47,21,20,35,53,53,47,38,22,15,38,62,36,26,23,27,38,44,57,89,29,26,26,27,42,33,27,26,22,40,29,29,30,26,19
Fam126b,28,20,28,51,20,28,43,28,54,31,55,41,39,35,46,41,47,40,42,22,11,51,39,25,45,26,24,49,51,33,25,40,32,21,52,30,29,42,30,24,50,42,34,25,34,36
Fam129a,4,2,10,7,9,4,8,3,7,3,6,8,5,2,6,4,3,21,1,6,2,6,5,2,4,4,6,7,7,6,14,2,3,5,5,6,0,7,3,3,4,3,9,2,0,1
Fam129b,27,16,38,43,75,34,44,51,93,24,63,49,46,26,31,35,43,51,33,44,20,41,58,37,61,48,27,36,39,55,61,26,51,39,32,40,20,46,58,31,63,37,37,42,29,58
Fam129c,2,0,2,5,1,1,2,4,2,1,8,4,3,1,4,4,3,0,2,1,0,3,2,1,3,2,3,2,3,0,7,3,1,0,4,2,1,2,3,2,0,2,0,3,0,1
Fam131a,3,4,2,5,7,2,3,6,2,1,9,4,5,1,2,6,5,5,5,8,1,2,7,1,3,2,4,2,3,5,3,5,6,3,2,3,3,3,4,2,3,2,2,2,4,2
Fam131c,6,1,7,11,5,7,6,10,7,4,11,12,9,12,11,12,18,41,13,14,5,28,12,6,14,10,3,12,7,11,10,10,9,7,7,9,6,14,14,6,17,13,14,10,4,13
Fam132a,23,8,14,22,4,9,13,21,16,7,23,19,11,9,19,13,21,18,18,9,4,20,13,14,15,16,15,20,21,27,14,12,16,18,13,18,13,23,13,7,12,9,8,13,14,22
Fam133b,13,5,11,27,8,9,14,9,14,8,12,20,14,10,22,18,10,17,22,16,7,14,24,7,3,10,16,12,21,14,4,19,14,8,17,8,8,11,14,6,13,12,11,8,3,7
Fam134a,731,349,585,909,569,669,705,601,913,739,756,736,690,691,844,1095,920,718,750,667,263,770,847,485,741,774,644,808,1076,947,469,517,672,445,791,664,647,677,862,465,1085,814,814,557,744,741
Fam134b,40,12,31,77,38,37,61,52,144,78,67,78,139,87,80,80,63,80,36,37,11,129,75,39,62,63,60,52,113,93,48,37,55,28,50,61,47,58,56,29,58,60,64,31,55,49
Fam134c,150,80,130,223,122,151,167,134,190,150,173,134,165,110,169,217,198,132,149,155,72,128,189,106,168,177,176,142,179,233,128,121,170,93,146,171,146,116,182,106,211,152,155,126,126,147
Fam135a,6,10,8,17,9,10,10,7,3,12,8,14,6,6,10,12,10,12,11,16,5,7,10,6,8,3,4,7,6,9,4,5,5,4,4,6,4,7,5,1,7,7,8,2,5,5
Fam136a,71,40,70,138,97,88,88,83,106,102,75,136,75,81,96,126,101,98,96,86,39,122,117,101,79,100,84,136,168,114,81,72,95,41,90,116,96,96,88,79,119,116,122,68,88,113
Fam13a,47,9,16,37,20,23,37,34,41,36,28,27,48,41,50,58,62,85,46,28,8,121,46,24,51,36,22,46,74,38,36,21,43,26,39,56,37,28,24,14,57,39,35,24,37,33
Fam13b,19,5,14,21,10,15,20,11,17,9,19,18,14,12,15,21,15,16,14,10,8,18,19,13,5,12,10,8,6,17,5,9,11,3,7,5,6,5,7,2,11,12,8,4,7,9
Fam149a,28,5,15,25,21,24,36,20,17,36,18,28,16,14,26,23,21,19,24,20,12,12,45,23,25,23,21,32,33,32,10,17,26,12,23,33,18,29,24,16,31,15,13,9,22,20
Fam149b,62,25,56,69,66,58,91,60,97,54,81,89,68,76,78,90,88,92,63,68,37,123,75,61,94,91,62,77,108,92,62,43,74,61,82,59,61,65,73,42,106,60,75,46,62,78
Fam151b,18,10,10,42,14,28,34,17,23,24,38,26,34,15,24,34,33,24,22,17,12,38,23,22,26,26,21,25,35,32,18,22,25,19,32,45,25,15,29,17,37,31,24,14,23,25
Fam160a1,9,3,6,17,9,15,8,11,17,6,9,11,12,10,20,15,16,16,7,7,12,11,13,5,17,18,7,11,13,13,5,11,25,7,10,13,6,7,9,11,17,11,11,6,7,6
Fam160a2,3,0,4,2,1,2,5,1,6,4,0,8,1,2,0,4,2,7,1,4,1,3,1,1,2,2,0,1,4,3,2,2,1,0,1,3,1,3,2,1,2,2,2,0,2,1
Fam160b1,154,90,129,276,133,148,143,117,173,124,187,198,151,169,187,204,204,165,152,125,54,218,179,87,136,154,127,157,164,157,104,99,153,101,139,133,126,125,145,94,185,115,136,116,134,120
Fam160b2,40,14,23,39,29,28,32,31,44,23,46,39,35,28,31,48,36,45,26,33,20,43,32,18,34,36,36,32,31,24,25,20,19,24,31,37,20,38,23,20,37,24,42,40,29,26
Fam161a,5,3,3,8,9,5,13,11,9,7,10,12,5,4,9,6,10,7,3,4,1,3,7,1,7,9,6,7,6,9,8,7,3,2,5,8,3,5,2,6,10,5,1,3,9,2
Fam162a,624,314,571,814,621,601,642,595,802,671,764,880,737,612,757,742,871,1061,644,608,321,1235,805,451,701,737,518,679,881,767,728,470,760,446,722,737,626,634,696,458,980,703,613,563,568,619
Fam167a,4,4,6,12,16,4,8,3,6,3,5,12,6,4,8,3,8,6,5,5,2,6,8,8,6,5,13,5,3,10,19,0,3,4,5,6,4,6,2,0,2,6,9,5,5,3
Fam167b,40,15,44,42,41,44,60,49,70,41,54,46,71,33,43,73,58,49,44,32,15,50,78,44,54,77,50,33,50,53,62,25,33,41,46,27,35,44,38,21,55,46,45,29,40,60
Fam168a,54,39,48,66,27,43,73,42,80,40,70,77,39,53,68,56,65,46,57,55,23,50,50,29,57,34,48,41,62,52,38,41,51,22,46,50,34,54,47,28,70,43,30,22,17,46
Fam168b,218,150,232,366,223,219,312,268,251,219,301,302,234,248,301,345,322,336,256,207,79,410,326,193,225,203,271,255,280,266,260,181,222,202,212,246,199,226,264,127,348,209,220,198,213,221
Fam169b,60,30,61,104,49,74,76,76,95,72,83,80,56,53,67,102,101,105,64,54,18,79,80,46,72,74,68,58,117,75,56,66,61,56,64,57,50,77,78,46,78,78,68,50,61,51
Fam171a1,5,1,0,2,2,2,5,1,3,8,5,2,1,2,4,10,4,5,5,5,1,7,8,10,5,6,5,9,5,4,3,4,1,5,5,11,7,8,4,4,8,6,7,4,9,9
Fam171a2,12,1,3,7,4,7,9,6,6,4,12,8,9,8,9,4,9,7,5,9,1,9,7,2,4,7,3,7,8,3,10,3,5,3,11,13,4,4,5,2,6,5,6,9,4,10
Fam171b,3,2,0,7,4,0,4,5,3,5,6,7,1,1,3,5,8,6,2,1,3,3,2,1,0,1,1,1,1,1,1,0,0,1,1,1,4,3,2,2,2,1,1,0,1,0
Fam172a,18,6,22,19,22,17,31,27,25,17,29,26,23,19,17,20,16,36,25,19,11,28,39,13,21,24,14,35,39,37,18,17,25,3,18,13,13,15,17,7,23,21,11,13,20,16
Fam173a,307,165,326,516,254,305,384,386,587,349,393,422,332,342,420,433,442,437,329,364,86,444,457,268,432,369,328,394,473,363,339,249,342,300,401,309,308,392,391,280,482,437,389,266,303,363
Fam173b,70,35,74,141,83,88,78,67,130,73,99,103,81,74,105,136,125,157,59,61,30,123,110,65,96,118,76,99,140,109,110,58,78,55,76,85,65,84,98,44,130,88,92,60,73,87
Fam174a,37,27,51,86,66,68,75,53,68,47,69,79,58,50,74,69,98,104,45,44,25,127,81,51,66,58,48,76,84,73,70,50,71,49,57,47,57,56,62,32,96,53,58,41,65,57
Fam174b,12,8,9,11,9,16,17,13,19,22,18,22,16,15,24,16,17,18,13,10,6,22,17,8,15,16,6,29,10,18,8,8,11,11,12,13,7,19,18,3,22,13,8,10,12,20
Fam175a,28,13,24,38,20,14,28,31,24,22,28,15,28,27,33,33,30,44,24,31,6,50,31,12,26,26,29,36,21,18,18,22,30,17,15,21,24,12,23,14,32,19,27,12,30,26
Fam175b,52,26,51,60,47,68,64,63,78,76,72,84,64,64,78,85,92,89,50,34,24,93,78,44,47,63,50,83,95,68,69,44,58,41,69,62,54,61,77,34,78,53,56,36,50,56
Fam178a,69,22,51,86,36,38,57,61,67,53,64,73,44,38,51,79,63,75,47,31,14,100,55,32,47,37,51,48,60,49,62,39,33,39,53,22,21,44,39,17,54,47,46,22,35,44
Fam178b,1,0,0,2,0,1,7,1,0,2,1,1,1,0,1,0,0,0,1,1,0,1,1,0,0,1,0,2,0,1,0,0,0,1,0,2,1,0,0,0,1,0,2,2,0,0
Fam180a,6,5,4,3,4,1,6,6,5,1,8,3,11,6,8,4,2,8,2,4,4,7,5,1,3,12,1,8,4,8,7,2,4,5,2,4,3,7,6,3,5,4,4,2,1,5
Fam184a,4,4,3,0,4,3,4,0,5,1,6,15,1,2,4,4,5,2,3,3,1,1,1,3,6,3,3,7,0,2,1,1,2,2,4,2,3,1,3,2,4,7,2,0,0,4
Fam185a,17,6,8,12,6,16,20,16,12,11,11,16,9,6,16,13,17,30,14,14,6,23,17,11,12,10,12,15,19,16,13,9,19,5,13,13,8,7,10,4,18,7,8,10,8,6
Fam187b,16,10,15,29,40,21,23,34,56,14,19,29,25,19,24,18,16,62,13,22,12,28,54,17,38,35,27,14,37,21,30,13,20,27,21,23,30,28,23,22,30,30,24,16,23,16
Fam188a,60,19,59,72,91,83,90,90,111,102,90,119,75,72,116,67,72,68,76,82,29,81,119,63,109,108,93,91,107,118,65,68,92,34,98,73,87,97,93,64,119,111,87,69,70,60
Fam189a2,2,3,2,3,1,2,4,2,4,2,6,1,7,2,4,4,4,3,1,3,0,1,2,2,4,6,2,6,1,2,0,5,1,1,2,0,1,1,4,2,1,1,3,0,3,1
Fam189b,29,14,15,30,13,15,22,23,27,23,24,24,28,14,15,39,42,27,28,24,13,42,20,21,22,30,17,29,25,17,26,14,20,18,16,15,22,28,10,13,17,24,19,18,23,20
Fam192a,130,72,130,184,96,136,159,160,167,116,157,189,141,125,147,193,174,160,114,115,57,213,158,102,121,141,112,170,172,119,146,107,129,120,126,115,83,140,125,72,179,109,96,95,118,124
Fam193a,80,25,63,87,47,54,72,85,77,53,90,78,74,59,70,98,75,87,57,51,36,108,75,52,60,58,53,56,84,60,49,53,51,44,54,59,37,60,45,35,76,42,57,44,47,42
Fam193b,186,96,135,209,103,141,140,154,136,151,188,216,139,132,137,177,178,144,141,115,37,204,138,83,100,98,143,140,161,117,108,97,120,115,144,119,101,128,147,79,196,132,141,101,107,115
Fam195a,608,344,610,984,291,711,685,657,509,672,782,642,830,728,964,928,916,867,735,649,225,1034,850,584,646,626,574,892,999,897,558,692,762,504,878,1041,706,752,1019,601,952,889,922,700,893,712
Fam195b,141,36,84,140,89,75,97,108,132,95,111,146,96,100,114,143,137,274,123,108,39,211,113,57,123,112,88,103,137,108,149,52,95,80,106,103,86,129,117,70,158,89,101,58,114,101
Fam198a,15,6,8,22,23,4,23,23,18,19,11,19,18,13,13,6,9,3,19,9,5,2,31,11,17,27,5,12,15,13,5,15,17,15,8,15,7,27,8,15,21,13,15,5,9,11
Fam19a2,5,0,1,3,5,1,3,7,11,1,1,5,2,2,4,2,4,4,2,1,5,8,1,2,0,0,1,0,5,3,2,1,2,0,1,0,3,2,0,0,1,0,1,1,0,0
Fam19a5,2,1,1,1,2,3,3,0,0,0,8,2,2,1,2,2,3,4,2,0,0,1,2,7,5,3,1,1,3,5,3,3,5,4,2,2,3,4,3,2,7,2,4,6,6,8
Fam204a,17,4,12,26,20,16,15,10,21,14,17,14,14,14,10,14,24,30,21,18,6,27,19,13,20,22,14,13,24,27,17,10,20,14,24,15,15,18,15,11,20,12,18,16,12,21
Fam206a,5,3,5,9,7,5,6,4,9,3,8,11,7,8,11,3,11,18,12,6,3,20,6,4,8,9,4,6,5,7,8,3,5,4,7,4,5,4,12,1,11,6,12,10,7,8
Fam207a,85,72,106,148,129,83,114,115,130,57,153,178,110,104,120,118,90,96,86,94,43,123,130,94,129,105,111,108,112,107,93,66,105,77,114,80,88,119,85,61,162,122,105,102,84,104
Fam208a,13,8,7,21,7,18,19,18,13,16,19,19,16,5,18,16,15,23,20,18,3,21,17,7,15,15,15,18,17,23,12,5,17,11,10,19,15,11,16,7,18,10,13,9,9,10
Fam208b,7,4,5,7,1,3,9,8,5,3,4,7,7,3,11,12,4,9,5,2,3,13,6,8,5,7,4,5,7,5,4,3,2,0,3,4,5,5,3,1,2,3,6,4,2,7
Fam209,0,1,5,2,2,1,0,2,3,2,5,0,0,3,2,4,6,9,1,1,1,4,1,0,1,4,1,3,2,3,2,0,3,0,1,3,5,0,2,1,1,0,1,1,6,2
Fam20a,141,80,153,260,148,160,154,158,219,176,241,193,191,164,193,280,234,304,165,185,62,207,179,105,125,177,175,166,232,160,135,145,179,108,210,161,153,178,152,107,250,186,152,134,171,136
Fam20b,121,36,79,79,56,105,96,69,93,77,111,109,118,80,78,87,103,98,115,57,21,151,128,69,93,92,78,82,122,110,71,72,103,91,99,93,91,104,101,58,134,96,81,86,77,79
Fam20c,297,166,281,352,306,298,302,407,426,329,335,482,297,263,328,389,384,329,314,346,126,366,441,277,320,371,381,347,524,374,260,250,307,281,319,314,310,377,351,251,535,394,304,259,328,286
Fam21,143,80,125,263,160,168,202,169,224,171,234,211,178,152,180,200,200,235,184,166,69,282,189,131,165,198,178,162,246,194,163,107,187,111,177,114,152,168,159,112,251,157,140,128,142,133
Fam210a,46,24,34,65,26,56,43,51,68,44,54,64,51,32,49,66,51,70,41,40,14,64,57,32,41,40,42,52,80,57,32,38,49,32,80,52,37,43,56,22,87,63,49,26,50,53
Fam210b,176,68,123,197,101,117,168,132,282,180,205,307,217,180,201,276,227,166,176,151,73,199,205,116,158,195,171,206,272,229,160,152,175,156,213,166,149,211,220,130,306,205,203,130,143,161
Fam212a,3,1,5,6,3,3,8,5,3,0,3,3,6,3,5,3,1,10,5,1,0,10,4,3,5,5,1,3,12,3,8,3,1,5,7,1,8,1,2,0,7,6,5,2,1,7
Fam213a,308,189,324,526,544,326,562,557,591,391,350,492,436,449,454,480,424,400,405,361,181,367,843,480,613,542,378,583,936,585,431,435,507,376,530,676,683,586,569,413,676,509,706,473,550,539
Fam213b,172,84,163,215,113,124,121,153,203,168,198,249,176,187,209,200,254,154,114,135,74,139,157,121,150,161,167,188,150,137,175,118,163,105,188,150,111,140,151,76,196,155,170,154,131,130
Fam214a,115,72,150,136,171,224,150,191,262,152,193,289,276,299,243,153,164,149,181,174,71,197,231,138,235,204,169,141,244,173,124,197,227,154,201,156,151,185,232,121,334,176,156,187,153,148
Fam214b,48,17,56,75,40,49,68,56,64,39,48,70,43,45,40,67,74,59,55,44,13,49,43,30,50,34,37,59,59,56,58,43,37,51,39,36,38,40,51,30,64,50,36,28,40,40
Fam216a,19,11,20,33,21,17,24,30,25,15,27,39,30,28,41,34,24,29,29,29,5,20,40,16,18,22,22,21,29,28,13,18,30,20,32,21,23,34,23,16,29,23,26,16,20,21
Fam217b,3,1,2,3,3,4,5,5,1,2,4,6,1,3,3,2,4,7,3,3,0,5,3,1,2,6,0,0,5,2,1,0,2,5,2,4,2,3,3,1,2,0,0,1,4,3
Fam219a,7,1,5,8,6,5,10,4,7,2,6,9,12,0,7,6,10,11,2,8,4,9,8,5,8,7,6,7,11,6,10,3,5,3,5,2,5,4,5,2,2,3,5,2,7,6
Fam219b,36,17,26,33,20,24,35,21,31,29,46,41,23,25,20,22,35,25,21,29,8,26,24,20,36,22,29,33,38,38,29,28,31,29,35,29,17,36,36,23,45,20,32,22,34,26
Fam220a,36,18,32,31,33,35,26,36,56,34,42,70,35,45,35,35,35,48,38,32,14,54,49,28,40,35,41,35,49,51,24,36,34,20,44,30,25,25,31,27,54,21,35,27,20,21
Fam221a,6,0,0,6,2,1,1,1,2,4,2,2,2,3,1,5,3,3,4,2,1,3,3,0,7,1,0,0,3,2,1,1,0,1,1,2,1,3,2,0,3,2,1,0,3,5
Fam222a,15,7,10,19,20,32,17,24,51,19,30,39,10,12,13,30,20,11,27,20,3,26,29,6,29,17,33,22,31,10,6,8,19,9,20,9,12,18,14,9,47,10,12,10,18,12
Fam222b,34,21,35,54,33,35,43,25,38,48,49,40,37,42,56,39,31,31,32,28,8,15,49,21,40,31,39,38,33,51,21,34,25,20,25,23,20,38,39,28,50,43,22,25,30,36
Fam25c,269,140,284,314,520,395,560,523,611,226,611,626,221,226,289,426,323,417,416,455,267,357,484,352,603,577,454,576,424,605,854,553,598,388,478,401,457,424,575,334,997,494,448,679,290,301
Fam26e,0,0,0,2,0,0,1,1,0,5,1,4,0,0,2,1,2,7,0,0,0,2,1,0,1,4,0,0,1,2,1,2,0,0,0,0,1,2,1,1,4,0,2,0,0,1
Fam26f,12,5,19,34,31,11,36,24,23,14,38,15,23,13,24,17,27,25,12,12,13,32,25,11,25,15,12,20,36,25,247,18,10,39,9,22,12,23,8,8,21,16,22,10,13,12
Fam32a,180,102,164,242,128,172,164,153,223,165,206,205,208,160,153,238,200,230,167,117,60,194,241,146,184,178,151,197,217,158,164,152,176,112,178,193,143,177,174,152,208,196,168,122,162,117
Fam35a,66,33,50,94,61,75,91,53,71,68,95,87,140,132,93,65,77,61,110,60,32,76,101,52,72,78,71,85,69,69,49,65,87,60,68,69,65,78,98,44,118,65,82,77,55,67
Fam3a,58,32,42,77,53,55,59,38,93,62,60,102,64,52,58,77,72,77,74,67,22,84,76,46,70,53,64,74,76,69,43,33,57,41,52,60,39,73,55,43,88,62,68,43,56,48
Fam3c,2,2,6,8,5,7,11,6,14,3,9,9,7,6,7,4,5,22,3,8,3,9,7,5,6,3,7,4,7,11,5,2,7,9,6,3,5,8,7,3,8,10,2,4,9,4
Fam43a,19,7,9,26,15,12,23,29,22,20,22,35,14,20,25,32,22,25,16,18,7,24,26,15,15,13,13,13,37,23,23,5,7,10,16,14,9,21,19,12,16,19,21,10,12,24
Fam45a,12,2,13,17,13,15,20,10,30,19,15,42,27,15,14,18,19,16,26,14,6,18,26,3,18,18,16,20,32,24,10,14,16,7,14,16,9,16,11,12,20,13,9,14,8,13
Fam46a,25,11,22,29,30,18,34,28,33,14,29,43,23,24,30,35,35,37,22,25,16,37,41,17,23,24,19,14,33,29,29,9,14,12,7,12,11,17,19,12,19,19,18,16,12,14
Fam46c,3,3,4,8,4,7,5,5,6,5,4,12,8,6,2,11,8,11,4,3,1,19,11,4,8,13,9,4,9,10,2,2,4,5,4,1,0,3,6,3,4,4,2,3,3,4
Fam47e,154,72,207,200,222,213,237,223,261,213,177,311,246,199,249,198,171,47,177,266,103,68,328,251,299,308,235,296,369,244,203,189,246,148,264,210,282,186,354,192,463,318,291,228,244,246
Fam49a,2,1,6,5,3,5,6,8,3,0,11,14,4,2,5,4,3,13,9,4,2,7,5,1,3,2,2,5,7,11,10,1,3,1,5,2,3,1,1,2,2,1,0,1,2,0
Fam50a,104,52,96,130,100,105,94,106,159,110,143,140,96,107,94,111,147,156,100,111,45,150,121,53,90,114,100,110,126,117,86,65,96,67,98,94,93,96,72,53,132,82,97,73,80,86
Fam53a,117,53,118,139,142,135,153,124,170,117,139,174,166,131,137,163,179,192,116,133,55,227,177,123,151,136,127,141,161,166,127,83,133,100,152,150,108,119,154,99,204,144,138,145,139,151
Fam53b,32,11,24,58,27,48,69,55,46,35,57,44,57,39,57,57,45,75,33,33,18,53,42,43,65,49,23,68,56,70,68,43,49,50,44,40,35,45,56,27,87,62,74,55,39,60
Fam53c,128,56,109,181,123,98,128,114,114,113,150,153,135,91,121,137,120,141,109,88,56,188,152,78,103,121,107,104,109,121,121,76,120,101,118,87,101,115,122,51,171,91,104,93,101,85
Fam57b,1,1,4,8,1,0,1,1,4,2,2,5,2,2,2,2,3,1,1,4,2,2,7,1,1,5,3,1,4,7,1,1,5,5,1,0,2,4,1,2,4,2,4,5,2,3
Fam58b,71,39,66,112,90,70,74,98,135,62,89,116,80,77,85,120,105,102,83,79,36,139,114,69,92,91,67,77,99,89,88,55,93,56,71,71,84,84,88,59,142,79,96,75,66,85
Fam63a,334,188,344,487,297,321,368,366,539,383,460,495,386,397,413,620,569,525,313,354,125,528,395,287,399,397,327,390,448,393,416,280,369,282,295,309,286,355,375,205,570,403,353,268,320,326
Fam63b,34,8,14,31,48,33,30,46,84,45,39,45,36,23,22,58,44,58,38,32,17,73,51,39,27,59,27,45,51,28,41,32,37,35,27,59,28,38,36,41,84,30,35,34,26,22
Fam64a,0,0,3,1,0,0,0,1,0,3,1,1,2,0,2,0,2,0,3,0,3,0,0,1,1,1,2,0,1,3,9,2,4,4,2,1,1,3,0,2,0,2,9,0,2,3
Fam65a,69,43,80,126,67,81,112,85,95,76,119,106,122,89,84,83,85,98,78,52,32,82,87,64,88,74,73,95,85,85,60,61,69,60,69,62,74,96,85,45,118,69,91,76,64,89
Fam65b,2,0,0,4,7,2,1,3,4,5,5,4,2,0,1,5,1,1,3,4,0,6,5,2,4,5,5,3,13,3,6,1,2,1,10,1,4,4,0,2,7,3,6,4,0,1
Fam69a,9,2,5,4,7,2,7,5,3,3,4,4,1,2,16,7,9,7,3,9,2,8,7,6,5,4,3,8,9,6,3,3,3,3,6,4,3,1,3,6,10,4,4,3,5,3
Fam69b,4,0,2,2,2,1,4,0,2,1,1,3,2,1,1,0,1,1,5,3,3,2,2,0,0,4,0,1,2,1,0,1,1,0,2,3,1,6,0,2,1,3,0,1,2,3
Fam71e1,7,9,5,8,0,2,4,1,11,6,11,12,5,3,7,7,11,13,3,3,1,7,6,4,4,2,7,4,8,3,8,5,7,5,3,8,7,10,6,1,5,4,7,5,6,3
Fam72a,5,2,3,3,1,1,5,4,2,4,3,5,3,1,4,5,2,5,2,2,2,5,5,4,2,3,0,7,10,3,5,3,3,0,3,4,4,4,1,1,6,5,3,1,3,4
Fam73a,7,2,6,11,6,2,7,14,15,4,12,19,6,5,7,18,11,21,11,8,5,19,8,3,1,6,1,2,7,2,1,5,3,5,3,6,2,6,7,3,7,5,1,2,3,2
Fam73b,165,100,173,209,165,200,197,268,197,212,239,245,245,216,296,222,202,255,188,245,72,224,356,227,203,213,190,280,275,253,192,186,284,270,255,250,188,303,284,184,434,284,286,253,262,250
Fam76a,67,29,63,106,70,54,74,63,104,76,82,92,58,61,60,100,62,83,64,45,33,124,87,43,64,55,70,46,87,82,52,38,63,33,66,37,65,56,65,41,91,54,63,41,50,54
Fam76b,9,7,7,15,13,8,6,12,17,12,16,10,5,5,9,10,7,21,11,7,4,23,11,4,6,4,9,15,15,11,6,5,10,2,5,5,5,7,4,5,9,8,5,7,6,5
Fam78a,6,0,2,8,4,6,10,13,6,8,10,12,9,5,5,4,4,6,7,5,1,6,9,2,6,5,4,6,10,6,8,5,1,5,1,3,7,5,7,3,3,4,8,2,6,7
Fam83a,2,0,4,5,1,3,5,3,6,3,4,2,5,4,4,8,8,10,14,5,3,8,5,6,8,8,0,5,9,2,26,6,7,3,3,4,6,6,2,7,10,4,4,3,0,5
Fam83d,0,0,1,1,1,1,5,12,0,1,3,3,0,1,1,1,0,7,0,2,1,3,2,2,3,2,2,1,3,2,7,0,1,3,1,2,4,1,2,0,1,1,2,2,0,1
Fam83f,2,2,1,2,22,10,9,31,32,4,4,23,13,13,5,5,7,33,5,5,6,32,36,30,41,18,46,17,66,25,18,9,35,25,12,24,36,24,25,20,50,16,23,23,24,18
Fam83g,10,2,2,5,1,4,3,6,8,2,7,4,3,9,0,5,8,8,3,5,1,6,4,4,5,7,2,6,3,3,2,5,11,4,3,1,4,3,5,2,5,3,2,1,3,2
Fam83h,38,24,40,60,33,34,47,52,59,48,64,57,34,27,48,41,61,57,59,41,16,81,51,32,51,45,25,65,50,55,53,24,41,36,31,51,36,35,43,33,64,38,37,36,33,45
Fam84b,6,7,6,17,16,11,22,9,25,17,22,35,14,12,15,14,23,29,17,12,6,32,18,6,7,13,11,16,26,18,3,9,7,2,3,13,13,8,10,8,14,10,15,10,5,12
Fam89a,40,14,20,51,23,45,37,34,21,25,28,34,27,22,37,74,88,26,62,28,12,28,40,17,22,29,13,36,41,46,45,30,45,24,43,30,42,39,29,28,51,21,40,35,24,24
Fam89b,103,48,107,155,73,80,131,89,153,97,143,126,127,130,126,156,129,164,89,83,28,175,145,76,97,111,83,106,126,99,90,77,85,77,104,99,84,106,109,54,133,88,114,74,75,102
Fam8a1,19,8,6,20,11,18,19,14,16,13,28,28,11,18,24,20,17,22,16,18,7,26,20,11,14,11,9,11,25,12,15,11,10,14,14,9,19,9,18,6,16,14,8,12,13,12
Fam92a,30,12,26,36,38,30,28,37,59,39,36,48,39,35,45,29,48,65,56,28,21,77,41,30,41,27,19,46,43,39,27,22,43,30,30,40,31,37,38,21,35,42,29,22,34,36
Fam96a,201,82,151,211,183,165,204,197,330,224,229,254,220,207,238,288,259,261,186,183,70,321,317,113,200,198,208,219,256,229,213,144,171,133,212,179,167,144,194,109,221,207,218,123,183,169
Fam96b,193,110,244,318,184,264,339,338,247,224,277,280,204,199,225,287,286,196,270,204,100,182,341,174,288,242,195,300,318,284,198,177,301,180,270,252,234,271,313,160,406,283,323,190,246,252
Fam98a,19,14,18,28,22,22,27,24,34,24,29,55,24,24,31,36,16,51,22,23,6,36,40,18,19,22,22,29,27,30,26,14,26,7,26,8,19,24,36,8,27,20,25,14,16,20
Fam98b,15,2,11,8,5,9,15,11,17,8,10,24,7,11,5,14,9,12,6,17,1,18,11,8,14,5,7,13,16,12,13,4,9,2,7,4,5,4,6,9,7,19,9,6,7,6
Fam98c,101,59,67,128,69,65,99,79,85,63,113,96,76,78,77,134,136,123,90,92,39,120,81,42,72,95,92,77,104,83,62,56,91,56,79,63,64,103,68,52,93,45,73,73,75,66
Fanca,1,0,2,4,3,1,4,7,2,0,0,3,2,2,0,5,3,10,1,0,2,4,1,4,1,0,3,4,7,2,10,4,3,5,3,3,3,5,1,0,4,0,3,0,3,1
Fancc,35,12,20,35,28,11,39,20,35,20,35,23,22,20,34,25,46,32,24,24,7,36,21,17,15,20,21,28,37,41,21,15,28,16,31,20,26,25,22,14,24,24,32,28,20,24
Fance,45,18,43,69,30,35,50,56,54,52,66,61,66,52,60,73,68,78,43,49,15,77,69,40,63,53,43,54,70,68,35,36,50,30,46,53,34,54,39,29,55,50,41,39,53,53
Fancf,28,12,17,39,30,25,22,16,34,32,33,32,37,19,33,24,47,37,23,21,6,44,38,14,21,21,18,24,31,29,22,18,25,15,26,25,30,29,25,10,35,16,33,21,26,13
Fancg,12,8,7,7,12,5,9,13,12,13,8,7,9,4,16,10,8,18,5,8,8,5,14,9,19,8,6,11,7,14,12,7,10,11,7,13,6,6,4,4,8,11,8,4,10,8
Fancl,19,8,23,23,13,23,36,29,28,20,29,28,15,16,34,22,35,42,25,18,13,43,30,25,33,32,26,8,32,31,22,15,27,21,21,29,25,29,19,16,48,34,36,10,19,18
Fancm,1,2,1,8,5,1,5,5,5,2,2,8,5,8,7,2,5,7,6,6,4,10,4,2,5,2,2,3,7,9,3,4,5,3,8,1,5,9,2,2,5,1,2,1,4,5
Farp1,92,46,89,137,143,99,124,122,142,85,122,136,94,74,95,116,99,211,83,97,40,144,120,70,116,116,126,108,114,108,89,78,100,64,94,95,110,100,90,92,175,105,102,95,77,90
Farp2,68,29,66,108,43,59,82,51,109,81,68,79,84,63,72,141,92,65,76,87,21,110,92,47,51,62,64,86,124,74,65,45,56,67,96,84,62,68,71,57,116,77,84,70,57,81
Fars2,150,83,204,246,156,165,239,189,225,166,189,227,178,162,245,268,261,258,204,192,77,263,256,161,189,200,177,224,245,216,201,137,250,153,193,223,136,249,227,118,234,186,220,163,216,164
Farsa,94,52,89,124,82,76,97,96,141,101,119,147,107,79,103,82,108,134,105,82,26,140,89,71,71,83,104,88,93,110,109,59,97,73,88,80,72,99,114,67,119,90,103,78,110,98
Farsb,136,54,101,94,102,85,147,123,186,90,145,179,88,93,82,142,167,214,100,110,47,148,162,83,127,119,97,93,158,185,70,58,123,81,98,80,70,114,86,72,166,120,105,72,109,104
Fas,33,15,30,34,51,36,41,34,64,31,35,47,30,20,31,31,31,28,36,46,20,32,24,21,22,30,32,28,38,35,52,18,39,17,38,41,19,25,29,12,30,25,33,20,19,17
Fasn,66,36,77,59,108,29,250,280,139,74,34,107,68,82,66,32,21,10,50,98,44,5,442,357,104,168,110,149,175,134,50,147,158,216,126,331,150,202,100,233,244,238,247,177,190,153
Fastk,95,55,81,127,52,63,108,119,91,80,113,121,87,69,90,89,91,138,80,100,15,157,89,54,82,67,73,104,95,65,92,52,56,57,108,64,50,80,62,51,84,102,86,57,64,66
Fastkd1,28,16,26,24,15,27,29,10,40,27,34,51,42,37,32,25,31,11,32,29,6,21,31,13,27,37,29,34,39,39,8,15,19,12,26,35,27,37,30,15,36,27,23,25,29,22
Fastkd2,19,8,20,20,12,16,17,17,32,19,33,25,32,17,28,25,18,39,22,20,1,34,23,16,23,16,8,16,31,22,19,10,27,12,11,18,21,14,22,10,24,20,15,15,9,16
Fastkd3,17,6,26,36,18,18,22,16,26,20,29,30,22,13,19,18,20,28,21,27,4,35,25,14,19,13,14,25,30,20,14,23,22,13,19,23,14,23,18,20,30,14,17,11,11,21
Fastkd5,23,6,27,41,15,17,21,23,17,26,22,31,22,23,27,16,28,27,29,21,16,33,40,14,21,20,22,21,20,24,18,14,24,12,19,25,20,16,17,13,43,19,20,14,17,23
Fat1,37,29,53,68,72,60,43,51,95,43,41,78,50,40,55,80,40,80,50,43,24,71,86,39,49,69,46,69,66,54,43,34,58,30,50,36,38,36,41,27,83,37,37,27,45,47
Fau,1719,874,1401,2151,1150,1368,1560,1457,1919,1725,2293,2562,1636,1491,1760,2063,1926,1961,1856,1601,597,2564,1607,1122,1483,1388,1690,1557,1774,1842,1311,1056,1809,1297,1244,1288,1193,1306,1673,906,1833,1431,1274,1159,1358,1445
Fbf1,34,8,10,78,12,21,10,31,23,26,31,24,18,17,22,62,44,15,17,14,17,14,15,15,8,12,22,32,41,20,15,25,35,21,26,11,17,14,32,29,48,43,29,28,17,6
Fbl,88,90,103,135,83,119,102,149,124,115,141,173,140,127,147,144,142,226,122,117,24,276,159,86,113,108,117,168,174,144,116,54,62,54,110,83,95,124,130,56,127,119,97,86,115,92
Fblim1,10,7,7,37,11,7,24,14,9,10,16,24,14,6,15,5,15,36,11,10,3,15,13,3,13,15,4,13,16,16,30,5,5,15,4,4,6,13,3,4,12,8,13,10,7,9
Fbln2,4,0,4,16,3,7,12,11,8,4,7,10,9,3,5,4,7,17,9,6,2,9,15,11,9,9,10,13,12,5,8,4,6,11,1,8,7,6,10,1,17,8,8,4,5,9
Fbn1,4,5,11,17,2,10,12,15,11,8,13,9,9,5,10,8,10,17,4,5,3,14,15,4,7,5,6,3,6,9,15,7,5,9,6,6,7,13,10,4,10,5,10,1,2,10
Fbp1,5540,3026,5544,7407,5254,6633,6056,4961,8982,5337,6723,6539,6926,7018,7365,10595,9397,2930,5403,6060,2811,6320,8383,4690,6401,7428,5476,6157,10710,8361,5275,5492,6364,5872,7470,7914,6964,5780,7527,3993,9516,7425,6870,5569,5919,6674
Fbp2,0,0,0,0,0,1,0,0,0,0,1,0,0,1,1,1,1,14,0,1,0,1,0,0,0,0,0,2,0,0,1,0,3,0,1,0,1,0,2,0,0,0,0,1,2,0
Fbrs,136,74,122,182,100,102,164,122,148,130,162,188,173,120,134,159,162,187,131,113,32,213,123,100,117,89,138,113,115,135,120,90,127,79,118,127,93,96,94,72,169,114,113,124,106,101
Fbrsl1,40,36,55,82,40,46,52,52,79,65,72,61,50,55,51,61,57,71,47,44,21,101,64,37,56,46,40,41,70,52,36,36,45,25,61,47,29,53,47,25,63,54,39,25,42,44
Fbxl12,54,15,40,49,22,47,43,37,33,29,55,65,34,38,51,46,46,44,22,23,14,56,32,24,39,27,34,41,45,32,33,22,36,23,32,34,29,31,36,23,41,37,42,24,26,35
Fbxl15,60,26,27,44,40,56,60,52,73,60,65,85,65,46,64,45,44,75,51,45,16,67,60,42,51,31,53,66,64,65,38,40,50,45,63,33,24,40,54,34,71,50,45,39,31,40
Fbxl16,4,0,0,6,1,1,3,2,2,2,1,2,1,1,1,0,1,2,2,3,2,1,3,1,2,4,2,3,3,2,1,1,4,0,3,2,3,1,3,3,4,2,2,3,1,6
Fbxl17,5,4,6,23,6,4,8,3,14,9,7,19,11,11,16,10,12,11,8,8,3,12,12,2,9,8,6,10,10,9,4,6,13,7,10,5,5,10,8,2,16,5,12,6,5,8
Fbxl18,5,10,3,3,8,4,9,4,8,2,6,11,15,5,9,4,6,6,6,1,2,9,4,2,5,4,6,6,5,5,6,3,4,6,3,0,6,2,4,4,6,3,6,2,1,2
Fbxl19,5,3,2,9,8,5,3,1,4,5,4,6,6,1,2,3,2,7,3,7,3,1,2,2,2,3,4,3,9,1,1,1,2,2,5,4,2,6,2,3,2,9,7,4,4,2
Fbxl20,59,29,51,122,60,36,78,61,67,56,89,42,42,59,71,78,105,73,58,31,21,81,77,55,73,71,32,56,74,73,53,46,60,48,54,80,46,59,68,43,96,59,69,59,63,57
Fbxl21,3,1,1,1,3,0,1,4,4,2,4,3,4,1,0,1,3,7,1,3,1,1,1,1,0,3,3,1,3,1,4,2,3,0,5,2,2,3,5,1,4,3,2,3,4,2
Fbxl22,0,2,2,1,3,2,4,1,3,2,1,4,2,1,2,0,1,1,1,0,1,0,1,2,1,2,1,1,1,1,1,1,2,0,1,0,0,0,1,1,7,2,1,1,1,0
Fbxl3,61,22,46,78,50,36,51,62,62,67,54,67,53,44,66,72,68,75,62,44,20,107,53,34,55,50,60,55,84,59,36,40,52,23,44,42,59,42,51,36,76,59,53,34,30,31
Fbxl4,54,21,38,61,47,31,69,52,79,58,56,60,52,53,50,67,57,77,47,65,26,67,81,37,47,71,42,55,87,61,21,41,63,23,39,27,52,45,64,36,57,39,38,34,44,35
Fbxl5,46,35,51,87,55,45,68,65,77,84,65,62,70,59,69,92,100,78,76,55,29,85,66,39,55,65,46,66,101,86,70,39,59,32,76,74,59,62,58,45,93,68,71,40,45,58
Fbxl6,63,47,74,115,64,60,91,70,70,53,91,103,58,39,66,99,100,102,59,61,21,71,86,50,69,66,72,71,89,70,52,44,50,37,53,41,46,60,47,44,88,45,53,42,48,49
Fbxl8,25,12,28,51,18,12,31,26,32,26,38,36,26,24,31,35,23,35,25,29,14,51,28,13,29,18,32,25,34,38,32,12,27,14,24,29,20,28,21,14,38,24,27,25,24,21
Fbxo10,7,4,4,11,8,5,11,5,10,2,11,11,3,5,11,11,13,10,3,8,7,6,7,4,5,7,4,3,7,8,6,4,4,4,10,3,5,5,3,3,6,3,7,2,2,2
Fbxo11,4,1,13,13,6,10,3,9,9,5,12,12,6,10,7,5,9,7,8,6,1,16,7,4,8,6,5,4,6,4,4,4,7,1,9,5,4,12,1,3,4,6,7,1,2,7
Fbxo17,12,5,9,13,15,13,15,13,11,11,14,19,10,17,22,9,22,9,15,7,8,10,20,6,4,20,10,14,12,9,5,2,15,12,14,7,5,14,4,6,12,7,18,10,10,6
Fbxo18,73,43,68,107,76,63,103,89,102,85,79,94,106,70,93,95,89,97,106,62,28,110,92,59,81,75,77,88,99,101,95,59,84,61,66,73,78,81,85,50,101,86,82,46,76,72
Fbxo21,168,93,197,553,121,237,222,133,155,170,343,147,175,180,225,552,473,281,257,232,54,381,137,64,195,187,147,186,209,258,104,74,157,64,158,123,120,180,176,102,196,127,154,157,139,138
Fbxo22,262,147,231,354,282,270,333,317,356,294,328,408,323,274,307,370,313,401,309,295,154,397,347,220,287,333,308,275,329,356,294,201,316,225,324,263,225,283,257,188,469,253,243,197,223,250
Fbxo25,41,12,30,49,42,34,41,31,48,33,37,45,32,34,37,29,50,44,38,31,19,44,55,19,48,39,36,44,44,43,29,26,42,34,42,32,34,25,30,19,48,40,37,28,37,33
Fbxo28,9,3,11,28,12,5,8,11,17,15,10,11,12,7,10,8,11,11,15,8,4,19,12,10,7,10,14,13,8,13,9,10,15,10,9,11,5,11,11,4,9,9,11,9,10,8
Fbxo3,141,48,84,115,140,100,105,127,134,133,123,139,85,93,104,173,165,144,178,138,58,210,112,63,65,87,66,116,148,110,82,83,101,38,82,72,68,97,77,56,85,77,77,45,64,80
Fbxo31,47,24,47,83,44,88,43,44,126,47,134,109,137,112,67,94,100,69,49,37,21,66,66,34,70,56,53,64,76,47,26,37,46,28,65,45,51,59,55,29,87,52,50,55,47,38
Fbxo32,1,1,1,6,1,1,1,2,3,7,3,0,1,1,2,9,9,5,1,0,0,10,3,2,1,1,0,3,4,4,3,1,2,0,2,3,1,1,0,4,4,5,6,0,2,3
Fbxo33,35,24,35,45,28,27,33,20,43,29,27,59,27,37,27,23,29,28,30,31,7,25,45,17,29,42,24,30,54,33,17,23,29,11,31,29,22,35,27,16,31,28,22,17,17,34
Fbxo34,57,36,65,106,76,55,83,57,88,67,87,78,73,92,83,88,81,93,52,50,24,119,86,46,69,82,62,65,95,81,48,38,59,45,51,50,56,59,78,38,105,67,55,57,69,52
Fbxo36,35,9,30,44,22,38,34,41,67,31,53,46,41,38,42,37,29,61,31,26,7,46,45,31,44,39,26,41,32,40,46,27,33,25,30,22,18,39,31,36,68,51,34,23,37,29
Fbxo38,39,32,35,64,42,44,54,42,54,47,48,58,46,33,47,66,44,62,48,32,18,59,66,27,35,41,40,42,55,54,39,33,41,17,41,33,27,41,52,18,49,38,46,17,34,40
Fbxo4,1,0,0,6,1,3,3,7,4,5,2,4,4,2,2,2,2,8,2,3,2,4,9,3,7,2,5,8,5,6,2,6,5,1,2,2,3,6,5,6,8,6,4,1,4,7
Fbxo42,28,20,36,52,39,42,36,46,28,38,37,38,28,36,37,36,28,41,23,29,7,43,36,27,39,31,37,32,37,40,26,17,45,43,33,23,33,40,31,15,46,43,27,26,23,40
Fbxo44,16,4,21,23,18,11,29,18,30,14,36,16,23,15,28,19,26,25,10,10,8,22,23,14,21,21,17,17,19,19,15,19,20,14,18,13,9,17,19,10,31,14,18,27,18,19
Fbxo45,44,24,38,72,42,39,46,38,70,34,55,42,54,35,42,46,63,66,42,43,26,81,55,31,51,36,31,37,36,54,32,34,55,32,42,47,32,39,38,36,68,42,39,44,40,38
Fbxo46,16,9,17,28,13,20,25,19,33,19,31,32,18,13,20,34,25,15,20,16,7,24,29,14,21,21,19,13,26,21,18,15,15,12,12,14,18,19,12,17,14,14,24,13,11,11
Fbxo5,10,6,11,11,9,10,10,8,8,7,13,9,16,9,9,8,6,9,5,13,3,7,2,6,7,6,7,7,6,10,10,3,7,5,7,7,7,8,9,3,8,6,8,0,8,8
Fbxo6,269,128,272,401,349,303,389,346,495,262,401,369,357,299,346,315,376,631,274,298,125,486,377,234,378,339,283,307,405,364,415,190,337,269,310,291,217,340,355,238,496,341,282,220,257,265
Fbxo7,95,46,111,171,128,103,144,122,150,101,145,134,121,117,124,138,155,170,131,120,61,164,158,77,113,126,116,128,143,124,144,71,99,85,129,107,114,108,124,65,158,129,134,87,108,119
Fbxo8,9,2,8,9,3,7,5,6,11,9,9,10,11,2,6,7,7,10,5,7,2,10,13,4,12,10,6,7,7,6,3,5,11,4,3,9,5,3,1,3,7,10,5,7,6,4
Fbxo9,250,108,181,343,254,241,257,206,379,215,306,290,289,240,263,350,319,270,221,191,114,347,276,169,235,253,228,263,315,299,169,150,239,112,224,218,212,211,255,126,345,217,224,171,193,202
Fbxw11,129,60,123,187,138,136,158,136,194,128,163,183,162,130,157,173,172,241,146,147,70,237,177,112,147,131,116,132,178,177,167,89,134,103,154,152,96,133,106,77,208,129,129,110,116,132
Fbxw17,7,6,5,8,10,5,15,10,6,1,8,1,5,1,4,4,2,2,4,3,4,6,5,3,4,4,2,1,8,10,10,3,4,5,3,3,7,6,6,2,8,5,4,1,2,6
Fbxw2,46,12,32,48,23,34,44,31,42,31,46,42,39,36,48,31,45,49,42,36,16,53,49,16,33,32,29,48,49,40,18,24,38,21,40,33,31,32,35,14,50,35,33,24,25,35
Fbxw4,84,35,84,111,71,78,106,91,104,81,115,119,100,78,100,103,95,145,82,64,37,155,119,71,124,69,76,100,94,102,78,77,85,70,96,82,75,88,99,65,112,88,104,69,93,76
Fbxw5,117,60,102,187,86,110,133,111,164,104,138,221,136,126,153,153,127,239,108,140,43,186,161,93,109,102,113,157,141,157,145,104,101,128,158,117,94,152,130,76,185,145,139,98,137,119
Fbxw7,21,17,14,35,25,16,26,24,24,24,34,33,33,13,21,38,26,29,28,13,12,28,24,17,16,20,26,20,21,28,19,19,24,16,19,19,23,19,31,11,30,21,17,17,18,19
Fbxw8,10,4,4,14,5,6,8,10,17,5,16,20,6,9,12,18,10,14,14,14,3,11,9,11,15,12,11,13,13,11,14,9,14,8,10,10,15,15,7,7,13,15,8,10,11,7
Fbxw9,167,58,130,183,139,109,147,195,205,174,161,258,178,148,192,186,176,452,148,150,77,354,213,155,188,172,133,205,215,167,155,130,171,124,178,159,162,183,148,100,225,139,168,128,173,158
Fcer1g,61,38,85,157,86,99,136,152,94,86,128,131,76,52,103,58,107,158,78,72,33,185,104,48,176,70,141,63,73,125,447,55,62,97,60,54,65,87,63,36,68,100,46,68,49,52
Fcer2a,1,1,4,10,1,1,6,6,2,4,5,2,5,2,3,6,5,5,3,3,0,2,5,3,4,0,0,0,5,9,0,3,0,2,2,5,3,5,0,0,1,3,4,0,3,4
Fcf1,14,1,8,8,4,11,18,10,2,6,11,6,6,5,8,6,11,14,22,3,0,15,3,1,11,5,5,10,13,15,6,3,4,7,4,2,6,4,8,5,11,11,3,4,5,3
Fcgr1,3,5,7,8,12,2,6,11,7,5,10,10,2,4,5,3,5,14,8,5,4,6,8,2,3,3,8,5,7,8,26,1,5,4,7,2,4,4,5,0,2,6,6,1,0,0
Fcgr2b,60,23,47,63,67,59,61,55,78,55,63,70,62,61,71,71,59,70,60,53,15,90,86,52,66,44,69,61,92,86,64,34,56,29,56,56,43,57,42,41,58,62,63,36,46,60
Fcgr3,41,19,65,106,65,51,102,100,84,52,111,111,46,38,70,71,81,100,41,40,28,119,67,38,70,39,62,47,61,79,174,21,37,40,16,34,38,49,34,22,43,58,48,24,39,29
Fcgr4,19,14,26,55,42,53,41,48,56,27,59,61,25,24,44,29,40,36,22,39,19,40,32,23,118,20,67,13,31,52,163,21,26,43,12,26,18,31,20,11,34,30,24,23,13,25
Fcgrt,782,386,679,1139,569,842,958,516,957,786,1053,850,707,734,1037,1134,1277,688,643,637,311,826,783,570,806,780,682,895,975,1086,658,673,851,662,916,644,596,984,717,463,1062,866,821,474,748,778
Fcho1,3,2,2,6,2,3,6,5,0,3,10,1,4,0,2,5,5,2,1,2,2,8,4,4,0,1,2,2,3,3,11,1,3,3,1,3,2,9,0,1,2,0,1,1,0,1
Fcho2,14,7,5,17,6,6,14,7,17,14,12,9,7,7,5,11,3,13,11,15,5,18,9,4,13,4,8,4,14,19,9,6,6,2,7,3,5,7,5,1,5,9,4,4,4,4
Fchsd1,3,3,3,8,6,1,12,3,5,5,2,6,5,1,2,1,8,15,3,3,0,5,5,2,5,1,5,3,6,4,3,1,8,5,1,1,3,2,3,1,6,4,1,5,2,7
Fchsd2,86,46,78,106,95,83,97,82,137,70,109,113,80,69,65,114,120,112,111,74,25,109,95,49,65,76,62,78,82,72,57,71,100,55,85,85,69,70,80,42,133,60,67,75,49,57
Fcmr,4,4,4,6,2,2,4,3,1,2,5,0,3,5,3,5,6,3,3,1,1,9,3,0,4,0,5,3,6,5,2,1,1,2,1,2,4,8,3,1,0,3,1,0,5,1
Fcna,190,100,181,293,169,178,278,249,246,198,266,361,181,191,248,202,219,125,161,147,68,232,267,140,270,129,285,170,159,352,110,117,122,161,147,184,105,162,186,88,242,206,194,188,143,163
Fcrl1,1,1,2,3,0,2,4,7,1,2,8,5,2,1,5,3,0,6,3,0,2,9,2,2,3,2,3,1,3,0,1,0,3,1,2,3,5,0,1,4,2,1,1,1,2,2
Fcrl5,0,1,0,2,0,3,0,0,0,0,0,0,0,0,1,0,0,0,0,0,0,0,0,0,7,1,5,0,0,0,0,0,1,1,0,0,1,0,0,0,0,0,1,0,0,0
Fcrla,4,2,3,9,1,1,3,4,1,1,2,1,3,0,3,6,4,3,4,1,1,5,5,1,2,2,2,1,3,3,4,4,1,5,2,2,7,2,2,1,0,4,2,1,2,2
Fdps,1201,395,695,1533,1417,702,1753,1411,1717,954,898,1846,1022,584,788,829,913,186,1046,1322,432,134,2436,914,1490,1152,1053,1325,1596,1379,588,620,983,887,910,1493,978,1503,891,1070,1660,939,1331,968,882,990
Fdx1,815,430,831,1450,673,1085,1296,995,1008,852,1084,1018,1055,800,1136,1196,1109,856,975,1006,401,1084,1288,781,1255,1068,883,1229,1874,1387,697,791,1000,756,1109,957,950,1136,1220,700,1406,1182,1127,772,895,987
Fdxacb1,7,5,8,23,10,14,6,15,16,7,17,16,9,15,7,14,18,21,15,7,7,27,17,8,14,22,19,16,15,14,16,14,15,8,13,22,13,18,15,5,13,11,14,7,7,9
Fdxr,75,50,91,100,84,74,94,99,85,68,98,83,113,73,81,104,102,94,39,66,25,84,122,86,105,96,78,81,151,110,88,66,102,73,75,85,100,97,84,49,141,94,108,102,101,94
Fech,694,314,575,1048,555,675,777,623,822,758,891,883,813,743,878,952,838,858,753,641,254,1223,857,493,702,748,676,809,1060,979,531,548,870,504,830,634,724,751,834,429,1008,713,772,527,744,713
Fem1a,10,8,13,15,10,7,6,6,10,7,19,21,18,22,15,13,10,20,9,4,5,20,14,16,13,9,14,10,8,11,8,3,9,6,9,7,10,7,9,9,17,6,7,13,9,11
Fem1b,11,2,5,12,8,6,13,5,17,9,7,10,6,9,8,7,7,11,8,6,3,8,5,4,9,9,9,11,12,9,8,4,3,7,6,5,3,4,7,4,15,8,11,5,2,5
Fem1c,2,1,1,1,1,2,1,1,3,1,4,4,4,3,5,4,6,11,1,1,0,3,4,1,2,2,2,5,2,6,3,3,3,1,3,1,6,1,2,1,2,5,3,1,1,2
Fen1,19,14,12,32,30,20,35,28,20,19,21,58,18,16,28,37,18,78,21,23,11,45,28,16,21,17,28,35,21,22,40,21,28,23,24,14,20,26,16,21,34,36,23,15,20,19
Fendrr,28,8,29,59,13,26,30,24,23,20,41,41,34,21,32,36,27,40,22,19,13,49,32,14,19,34,19,23,21,17,10,17,27,18,22,11,5,25,19,15,31,19,20,13,22,21
Fer,18,3,12,24,25,17,36,29,29,20,23,27,22,14,20,39,31,37,25,27,3,35,27,15,22,22,23,26,25,17,33,10,26,16,16,22,10,35,22,15,27,23,21,16,25,20
Fermt1,0,0,2,3,3,1,1,7,2,0,3,6,1,1,0,1,6,9,2,0,3,8,4,1,0,1,2,1,4,1,2,0,2,4,2,2,1,2,0,1,3,2,0,1,1,2
Fermt2,136,58,123,191,97,150,147,131,228,149,158,147,137,100,135,208,190,120,190,161,40,126,183,106,167,128,98,159,230,167,79,101,127,99,132,131,100,156,168,103,204,149,134,84,94,114
Fermt3,23,12,33,49,36,22,50,41,24,14,45,53,26,19,38,19,30,56,24,18,14,61,35,24,28,12,30,12,34,28,109,13,16,24,20,17,15,25,16,18,16,13,36,17,23,28
Fes,31,17,40,69,46,28,57,61,34,31,61,51,39,41,33,48,36,64,29,27,12,45,34,36,58,39,49,26,49,51,131,25,27,36,28,39,36,36,22,22,51,30,39,18,29,35
Fetub,4279,1914,4464,6434,4069,4397,4367,4462,7185,4195,7009,7675,3987,3713,4899,5922,6710,4071,4446,3819,1285,4631,4697,2552,3845,4169,5461,4359,6306,5191,2656,2276,3584,2439,3981,3578,3348,4271,4239,2644,5009,3756,3842,3023,3615,3599
Fez2,179,110,188,247,179,201,257,187,260,169,256,270,185,166,231,245,258,299,238,209,96,265,214,130,164,166,197,230,246,216,273,166,177,170,200,211,150,188,251,121,312,128,196,150,174,166
Ffar2,3,1,0,3,2,0,2,2,2,0,7,1,1,0,2,0,4,1,3,1,0,3,1,1,1,1,1,0,1,0,9,1,2,2,1,0,0,0,0,0,1,0,1,2,0,0
Ffar4,0,0,1,3,3,2,1,1,5,3,1,2,1,3,2,1,0,6,2,0,0,0,2,1,0,4,1,0,7,2,4,1,2,1,2,0,1,1,0,1,3,1,0,1,1,2
Fga,1278,704,1673,1817,1801,2236,1150,873,5021,1129,1933,2354,1151,1383,1213,1462,1467,794,1004,1659,478,822,1135,868,1536,1110,1970,1164,1664,1889,727,647,1137,1008,1836,1059,955,1063,1308,585,1734,1175,1103,756,1056,851
Fgb,20523,10327,31087,29355,42789,32693,19964,20990,63518,17811,30287,47097,21185,18328,24844,26913,23857,15727,17046,27966,8818,18149,18997,12383,23834,22495,33109,21392,27601,27690,13477,11956,20354,13261,28576,17095,17493,19499,19282,11417,26138,19600,22078,15236,18395,17817
Fgd1,10,9,6,16,11,5,13,9,10,4,16,5,5,5,12,15,16,16,11,7,4,13,6,7,12,5,8,6,9,7,6,7,12,8,6,3,4,3,3,3,4,5,4,8,5,6
Fgd2,19,26,52,94,63,33,75,81,40,31,61,62,49,23,50,50,50,71,26,36,37,66,34,27,69,39,52,29,35,53,139,28,38,60,26,31,37,43,22,20,43,28,48,37,28,26
Fgd4,4,1,2,5,3,4,1,1,1,3,5,2,1,0,1,1,2,3,4,2,3,2,6,0,3,2,0,2,3,2,3,2,3,1,2,3,0,2,0,2,4,3,1,1,2,0
Fgd5,18,6,10,6,15,14,18,11,12,11,12,21,21,9,13,22,13,18,10,15,3,17,19,7,13,10,13,18,24,17,5,7,18,16,27,16,10,15,24,11,23,9,12,7,12,14
Fgd6,44,19,39,72,59,41,49,45,54,69,76,68,34,50,66,71,83,119,54,37,22,130,55,28,42,41,33,45,47,44,34,32,38,25,38,33,38,46,25,21,63,35,42,22,20,42
Fgf1,244,116,181,345,202,229,267,245,373,334,315,449,264,310,339,314,357,181,253,247,100,188,315,153,262,194,291,295,318,288,129,146,285,161,229,249,192,265,310,168,339,265,236,231,275,242
Fgf11,4,1,4,6,6,3,2,3,5,8,7,5,2,1,2,1,4,0,9,2,0,2,2,0,4,2,3,2,4,4,4,1,3,3,1,1,1,2,2,0,1,1,0,0,2,1
Fgf18,1,4,1,1,3,0,1,2,3,3,1,1,0,3,0,2,0,3,2,0,2,1,3,0,1,2,3,3,1,6,0,1,0,1,3,0,0,1,1,0,1,1,2,1,0,3
Fgf21,75,15,13,127,6,11,12,12,3,13,96,11,7,24,10,53,350,426,40,9,9,294,9,8,2,6,4,10,3,9,27,17,8,12,8,18,17,5,11,5,9,4,12,6,4,5
Fgfbp3,2,0,1,7,3,0,1,4,0,3,1,3,2,2,3,0,0,6,4,3,0,5,2,1,2,2,0,1,0,1,4,3,1,2,1,2,1,3,2,1,0,1,0,1,1,2
Fgfr1,8,2,5,8,13,8,7,3,19,4,8,9,7,5,4,13,11,11,3,5,3,6,4,5,13,9,16,7,7,8,4,2,4,4,5,8,4,3,6,10,14,6,2,6,3,7
Fgfr1op,20,7,20,29,12,15,26,18,39,23,26,48,28,20,34,22,23,32,28,24,12,54,36,13,26,20,25,37,42,31,10,16,20,12,27,20,23,19,25,15,21,28,22,19,15,16
Fgfr1op2,22,11,31,36,45,36,33,39,38,35,46,43,21,38,50,31,36,46,32,31,11,46,32,18,28,34,43,32,41,32,29,23,34,12,26,32,23,22,27,18,38,37,28,20,19,25
Fgfr2,29,26,35,81,48,26,39,40,51,46,54,54,34,36,45,62,41,54,46,26,15,57,51,26,52,60,28,42,72,49,39,38,44,12,38,28,46,28,31,17,44,35,53,30,29,30
Fgfr3,98,78,121,145,122,128,215,185,120,113,185,199,151,166,127,112,122,124,140,131,21,95,234,129,180,131,123,154,162,166,96,84,132,137,116,130,84,163,124,85,187,117,151,111,130,146
Fgfr4,53,31,68,72,35,64,69,37,76,49,67,83,77,57,51,79,65,44,53,55,14,79,88,38,53,49,71,73,91,72,49,39,41,53,55,46,34,53,48,29,87,39,60,41,57,46
Fgfrl1,107,60,179,219,93,139,231,164,116,134,207,148,157,158,166,196,168,144,185,146,53,162,164,118,126,109,90,174,215,154,152,99,165,172,173,169,128,204,152,113,208,120,224,134,146,163
Fgg,9014,4923,16081,14507,23992,18982,9594,9816,38562,8781,15187,21819,11777,9922,12283,12687,12176,7274,9464,13916,4936,9062,11363,6537,11702,12235,16017,10622,15476,15080,5822,6428,10863,5747,15013,10163,8517,9245,9351,5225,14417,10447,12311,7500,9433,9502
Fggy,296,135,281,314,267,299,347,316,472,296,381,388,391,324,360,434,380,322,368,339,99,346,436,232,356,349,306,378,510,402,299,241,325,266,330,349,299,335,368,271,459,394,375,249,334,348
Fgl1,3796,2033,9293,7134,12714,8262,4708,4631,24112,3877,10512,16702,4175,4835,6384,6884,7610,2403,3348,8035,2761,2512,3657,2878,6421,5575,9666,4506,5557,7170,5245,2412,5069,2009,6613,3720,2820,3245,2765,2117,5861,3240,6132,4270,3645,2682
Fgl2,1,3,2,5,1,4,10,10,5,4,5,5,2,2,7,3,2,4,5,3,1,5,4,0,2,3,4,4,6,4,26,1,5,1,3,3,2,5,3,0,3,2,4,2,0,2
Fgr,11,3,8,26,18,17,21,30,21,11,24,26,10,6,13,13,28,26,10,11,8,23,17,8,26,8,17,4,15,9,41,4,13,18,5,6,13,11,9,6,8,11,12,4,6,8
Fh1,803,485,1260,1690,1073,1376,1374,1046,1384,994,1214,998,1255,1074,1352,1358,982,1096,927,1111,520,1439,1284,761,1367,1201,830,1085,1484,1595,714,799,1154,715,1242,1115,1134,913,1210,764,1582,1134,1078,912,981,980
Fhad1,3,4,9,8,8,5,14,11,10,7,15,9,7,10,13,4,13,8,8,8,1,9,12,7,5,9,2,11,16,16,10,6,12,5,9,5,5,6,12,5,21,9,10,4,13,7
Fhit,18,7,28,35,15,37,36,37,46,24,26,26,35,21,40,28,24,56,26,24,12,70,54,40,42,35,25,25,60,39,20,12,18,21,36,38,38,36,38,23,45,39,40,30,41,34
Fhl1,16,4,20,29,13,13,20,21,21,23,23,19,27,17,21,17,19,23,17,10,11,34,13,5,21,15,12,28,29,23,10,11,16,7,13,11,16,16,10,11,19,9,11,13,9,21
Fhl2,3,7,2,8,7,0,11,11,3,3,3,5,3,5,7,3,6,4,6,4,1,7,6,3,2,8,1,7,8,6,8,4,1,4,2,2,2,2,6,3,7,4,7,2,0,7
Fhod1,9,1,8,22,11,8,10,13,14,19,22,26,17,7,17,16,20,15,12,6,4,15,18,12,19,13,6,12,15,17,17,6,17,11,9,20,10,8,10,8,17,9,13,7,7,5
Fhod3,4,3,3,5,1,3,4,2,10,8,2,5,4,4,5,8,10,4,1,3,1,5,4,3,3,4,4,7,9,5,1,3,3,2,1,1,2,3,4,2,8,4,3,1,5,3
Fibin,0,2,0,5,0,3,0,3,3,2,2,1,4,1,0,5,3,6,1,1,1,1,4,0,2,0,3,4,2,5,2,2,2,3,5,2,1,2,1,1,0,2,2,1,4,1
Fibp,180,79,142,239,113,116,190,178,240,151,224,207,134,148,209,165,227,327,148,171,48,242,160,100,153,179,126,150,174,177,163,97,128,124,144,104,121,159,120,89,165,151,112,114,139,130
Ficd,48,23,39,32,50,56,37,42,54,53,59,138,54,44,57,43,59,60,39,55,23,60,55,34,45,47,57,49,45,52,40,52,65,29,48,33,39,38,74,19,53,52,34,38,40,46
Fig4,39,26,35,53,40,46,59,49,53,46,64,54,56,53,44,43,58,64,35,50,28,81,58,43,64,53,38,62,75,60,41,35,59,39,51,39,36,45,53,42,68,57,47,38,47,42
Figf,25,13,13,31,8,9,27,20,14,19,21,16,20,16,19,32,29,29,23,11,5,42,29,14,16,17,14,19,27,10,18,5,10,8,13,17,19,19,7,9,18,8,13,4,10,11
Fign,8,4,8,15,10,14,4,8,7,15,9,13,14,5,12,9,17,14,17,8,9,9,15,6,11,7,7,12,18,9,8,5,9,6,13,5,8,8,12,1,11,4,7,9,5,11
Fignl2,41,12,47,67,62,44,66,45,58,53,64,67,47,39,51,63,57,79,51,44,20,82,68,35,64,40,47,56,77,59,36,32,54,41,45,39,44,62,34,32,76,43,55,39,48,50
Filip1l,4,1,5,15,10,6,13,17,6,10,12,13,12,5,5,2,4,9,11,2,5,8,11,5,6,5,8,4,9,9,4,5,2,5,4,2,2,7,2,2,5,3,5,4,4,3
Fip1l1,14,11,24,20,16,14,12,15,22,16,12,25,18,20,22,17,30,13,11,9,3,25,16,8,13,14,15,9,15,13,13,18,17,11,16,17,11,11,9,8,17,5,15,16,5,8
Firre,20,18,31,56,29,18,34,45,32,34,46,54,19,29,30,38,40,78,34,26,7,83,26,29,27,16,33,27,28,32,20,21,28,17,30,20,24,36,21,15,35,17,30,9,16,29
Fis1,360,137,264,463,280,386,353,405,603,431,416,494,419,411,528,393,528,493,312,385,154,538,391,243,433,415,378,432,566,554,420,241,325,274,329,270,307,413,436,324,585,471,361,266,406,448
Fitm1,245,84,200,265,53,296,237,226,77,162,369,120,186,140,277,215,295,98,392,305,112,66,333,242,309,219,175,370,294,476,395,452,497,385,343,463,229,310,484,279,460,313,356,270,330,321
Fitm2,43,24,24,57,20,51,35,28,27,27,58,28,37,40,34,70,74,58,22,43,21,61,49,24,36,33,38,56,50,52,46,40,48,32,44,36,33,36,44,24,50,43,43,37,43,47
Fiz1,35,21,25,50,20,36,51,24,55,36,47,55,28,42,54,57,36,61,36,37,10,47,34,25,29,32,28,41,51,43,25,21,38,15,33,15,22,18,16,17,29,25,21,22,28,39
Fkbp10,3,7,6,10,6,5,8,11,5,5,8,14,8,5,5,7,8,19,8,3,7,13,10,4,4,9,3,9,16,8,18,10,10,9,2,1,4,12,3,6,3,3,1,5,9,10
Fkbp11,176,93,147,308,382,152,298,305,338,158,265,739,133,116,204,275,314,1256,270,245,91,345,220,85,275,230,292,249,160,234,180,116,158,140,175,116,153,242,188,178,346,207,134,131,131,170
Fkbp14,26,11,16,31,18,14,34,27,27,12,20,27,15,22,30,11,20,24,18,19,6,25,29,23,16,19,14,19,19,11,15,21,12,10,17,14,21,24,16,9,19,11,13,14,14,18
Fkbp15,98,79,84,207,146,139,157,122,204,127,194,165,98,112,139,150,171,143,115,102,51,182,158,75,133,128,122,115,193,146,123,111,115,75,109,106,110,112,122,66,180,124,125,110,94,107
Fkbp1a,282,115,224,354,285,222,307,298,368,276,302,392,299,248,336,326,366,735,263,276,98,550,329,176,256,294,226,316,293,238,316,215,264,181,267,169,276,308,202,189,359,238,255,177,215,288
Fkbp1b,2,2,1,6,6,0,4,1,3,2,4,7,2,5,4,1,4,6,2,1,1,6,1,0,0,3,1,1,0,0,4,2,3,5,0,0,1,4,0,3,2,0,4,0,2,2
Fkbp2,1282,729,1269,1532,973,1196,1530,1335,1550,1142,1691,1775,1240,1142,1448,1741,1589,1689,1421,1178,436,1348,1568,870,1206,1070,1388,1486,1729,1379,1291,964,1294,1058,1369,1290,979,1253,1384,886,1682,1116,1192,891,989,920
Fkbp3,129,70,106,157,152,132,139,125,206,128,168,166,156,132,183,170,156,212,121,166,60,207,199,72,133,149,108,144,206,170,97,107,121,69,141,105,126,145,132,78,196,109,126,61,119,117
Fkbp4,958,445,715,833,624,834,898,961,1314,1013,1005,1571,950,789,1155,1034,1077,751,876,871,315,693,1177,770,1102,1073,864,1299,1219,1046,671,815,814,768,972,898,921,1038,947,738,1312,1166,900,774,932,777
Fkbp5,153,62,88,205,157,119,134,81,618,245,284,520,388,366,159,311,489,417,118,81,32,613,158,70,112,128,224,86,149,111,122,91,147,91,85,146,132,137,138,57,155,79,106,125,99,92
Fkbp7,0,2,1,2,2,0,4,1,4,9,0,5,2,4,2,2,2,5,0,2,0,2,3,3,2,1,0,1,2,3,0,0,2,2,1,2,1,1,1,1,1,0,0,4,2,1
Fkbp8,1168,489,573,1011,589,903,1118,1091,1217,1018,1358,1193,1018,703,1209,1311,1170,1044,1042,1015,223,956,1097,638,814,834,980,1182,1546,936,746,621,899,791,748,936,702,934,1012,622,1210,922,945,663,807,875
Fkbp9,67,53,54,111,102,67,85,87,126,91,110,124,95,80,88,115,118,164,66,75,31,164,117,56,92,95,69,81,108,95,73,64,93,60,95,86,71,70,89,52,121,80,88,58,56,81
Fkbpl,33,24,50,53,23,30,42,23,53,47,66,71,50,43,40,51,44,60,35,38,7,42,51,41,31,39,41,39,51,54,49,34,27,23,43,39,39,44,49,34,57,53,44,30,35,31
Fkrp,41,19,25,53,25,28,35,33,48,27,41,56,29,31,38,50,38,43,22,21,11,54,40,23,29,21,32,40,44,35,29,31,18,22,30,25,24,32,35,17,52,26,35,21,26,27
Fktn,52,30,31,73,64,38,61,69,40,48,75,75,39,33,52,38,59,88,53,39,26,62,52,33,24,50,39,36,39,54,36,28,55,28,42,34,26,49,23,10,61,22,29,42,21,19
Flad1,153,76,170,201,98,119,178,119,131,121,231,216,168,143,163,180,139,144,141,152,34,113,188,89,166,137,146,171,176,143,174,120,138,121,190,158,116,153,176,112,207,153,186,125,162,138
Flcn,71,42,73,125,90,97,101,71,106,83,92,72,80,73,88,175,118,105,87,55,25,166,81,56,70,74,48,67,93,83,63,50,55,48,66,75,52,46,63,41,117,69,67,56,46,57
Fli1,1,1,3,6,4,3,10,10,4,2,8,8,2,5,7,6,7,5,7,5,4,4,8,1,7,4,2,4,9,5,5,0,4,0,4,3,3,6,4,0,2,6,5,4,3,4
Flii,156,83,145,251,110,144,171,140,155,131,184,171,150,118,165,242,194,141,154,119,49,135,184,149,148,127,108,176,171,157,124,129,123,133,134,149,98,154,147,74,198,139,137,91,125,118
Flna,91,47,80,141,98,81,110,132,82,89,127,84,77,58,86,103,106,228,76,65,32,156,113,57,86,82,91,111,120,83,245,47,51,78,69,66,69,105,73,38,110,70,83,55,55,66
Flnb,185,78,185,231,180,164,209,217,186,150,244,203,218,201,180,177,208,340,197,152,61,321,237,147,185,194,134,194,233,228,175,157,206,167,155,217,173,170,219,142,251,162,190,171,198,170
Flot1,255,117,263,341,260,208,218,214,351,175,319,259,203,202,220,358,359,454,217,246,92,348,182,93,144,176,195,154,221,157,275,79,145,142,172,143,148,180,131,97,203,130,168,132,158,148
Flot2,131,80,152,195,102,155,172,151,244,174,198,183,140,158,204,262,179,207,151,142,51,259,178,120,151,137,147,199,199,142,181,121,167,143,202,148,119,163,166,98,199,164,162,121,135,132
Flrt1,4,1,2,2,5,4,3,2,2,2,1,2,3,2,1,2,4,2,1,1,2,2,1,2,0,1,7,1,2,1,1,0,2,1,4,1,0,1,4,1,5,0,4,1,0,0
Flt1,43,19,27,28,33,38,32,27,38,24,33,41,54,28,26,44,45,40,30,39,10,33,41,14,27,27,32,40,37,28,40,23,14,22,27,18,16,19,33,13,43,18,20,27,15,30
Flt3,1,0,2,6,5,2,4,6,0,3,5,4,3,1,5,2,5,8,1,0,0,3,1,1,1,2,2,2,2,2,5,3,0,4,1,1,5,1,0,2,1,1,3,2,1,0
Flt3l,49,30,37,75,29,41,65,71,65,56,57,61,53,47,48,61,61,74,67,38,18,65,44,26,48,43,50,57,65,50,42,28,37,31,44,38,26,60,50,34,70,48,47,36,41,38
Flt4,56,29,74,54,75,72,92,79,86,56,64,68,78,53,65,94,64,80,63,58,28,94,80,37,50,94,54,61,109,83,74,40,61,34,63,41,45,64,76,35,93,41,74,51,43,96
Flywch1,54,21,31,36,42,45,43,60,34,31,52,75,26,32,44,41,47,71,43,32,20,52,48,24,30,22,36,47,29,28,57,24,36,32,21,23,16,31,23,15,42,15,19,23,16,16
Flywch2,11,3,8,20,14,13,20,16,23,17,15,16,15,21,20,10,22,28,12,14,6,28,13,7,17,17,11,13,5,13,10,8,8,8,9,7,6,13,10,9,11,10,10,12,10,11
Fmn1,1,0,0,2,3,1,1,0,5,4,2,5,2,0,2,0,0,1,1,7,0,4,2,1,2,1,3,2,5,0,2,0,2,2,1,0,4,3,2,3,4,1,0,0,0,1
Fmnl1,11,3,10,15,12,11,21,13,6,7,13,14,13,8,20,10,15,13,10,3,4,22,8,6,27,6,7,4,10,11,44,4,9,17,5,8,7,11,6,2,8,6,3,3,4,9
Fmnl2,4,4,4,9,6,1,6,14,10,6,4,15,2,7,5,9,9,18,6,2,2,14,4,5,5,8,5,6,7,2,7,4,4,4,4,1,4,4,3,3,3,5,5,3,2,5
Fmnl3,16,9,13,21,13,18,33,15,19,19,26,24,22,18,21,27,27,44,34,11,2,32,20,19,25,22,15,22,27,17,15,12,18,13,7,15,18,17,17,6,25,15,10,14,13,19
Fmo1,972,448,723,1071,714,974,898,812,1468,1110,893,1003,1366,1496,990,992,1385,1018,1116,801,427,1370,1087,762,822,814,596,930,1315,933,1093,943,1188,612,1437,1142,976,1519,900,485,1217,1034,886,691,792,809
Fmo2,4,0,1,2,6,0,3,2,2,5,1,4,0,2,1,5,6,4,0,2,0,4,3,1,0,1,2,2,1,2,0,0,0,1,2,2,1,2,1,0,7,1,0,1,2,0
Fmo3,8,6,27,23,18,1,1,4,55,2,4,12,12,25,5,9,7,195,1,6,4,1411,1,1,2,0,1,2,24,4,11,1,2,0,3,5,17,9,1,1,1,0,2,1,1,3
Fmo4,4,0,1,4,3,2,2,1,3,4,5,4,8,3,3,1,4,7,4,1,1,7,3,3,5,4,1,3,2,2,2,3,2,2,2,2,4,6,4,0,1,2,2,1,0,4
Fmo5,106,55,104,166,104,131,115,85,252,174,127,306,201,221,186,149,120,174,131,139,52,155,185,98,143,155,128,157,209,130,101,125,129,53,116,82,85,99,147,86,197,124,122,94,78,119
Fmod,6,7,3,10,4,6,5,8,10,4,5,12,6,7,10,10,15,6,7,2,4,9,10,2,6,8,5,12,13,18,3,4,6,18,9,9,6,7,7,1,16,6,10,9,6,10
Fmr1,27,6,9,41,25,17,22,25,27,19,30,20,19,18,23,28,26,26,16,18,9,34,20,16,14,15,15,18,16,31,9,10,17,5,18,12,13,22,17,8,19,17,20,8,14,15
Fmr1nb,5,0,1,0,1,15,1,0,0,0,4,0,0,1,0,2,4,0,1,2,1,30,11,0,0,0,0,0,0,0,0,0,0,0,4,0,0,1,1,0,0,1,0,0,5,7
Fn1,2766,1428,3622,4289,5495,4711,3271,3175,9993,3210,4339,6952,3731,3396,4135,3994,4494,3198,2911,4021,1703,3378,3940,2179,3542,4012,4808,3852,4809,5065,2486,2281,3611,1896,3847,3077,2486,3238,3391,1924,4629,3597,3527,2747,2966,2980
Fn3k,64,44,58,118,51,60,93,83,99,95,100,101,87,112,101,111,102,32,88,81,29,69,116,80,90,89,70,113,114,96,56,69,82,57,79,105,71,101,97,71,154,80,84,78,75,88
Fnbp1,28,13,30,49,42,23,34,30,24,19,46,29,18,9,25,35,33,54,21,18,18,33,19,18,32,27,24,26,14,25,21,11,18,15,28,21,17,17,22,7,32,12,26,17,17,17
Fnbp1l,27,14,30,38,42,24,27,33,33,28,33,56,24,24,25,40,33,63,24,19,11,38,41,18,23,26,30,34,40,29,39,18,27,13,32,30,22,33,25,13,46,21,26,14,16,20
Fnbp4,68,42,71,106,48,43,106,60,63,52,90,104,44,66,73,54,54,79,66,37,23,123,59,37,53,49,57,52,59,63,44,27,49,36,44,38,38,49,47,29,57,30,45,39,27,37
Fndc3a,67,49,66,96,54,79,80,50,108,102,66,139,80,69,88,105,69,66,88,67,20,84,94,58,56,74,93,99,106,74,37,55,85,32,76,57,72,64,43,48,70,78,61,50,57,73
Fndc3b,20,16,21,38,37,39,42,26,88,31,60,91,25,27,27,52,51,51,31,30,13,40,24,15,25,41,42,30,25,27,20,19,36,14,35,22,23,17,21,19,47,20,26,16,7,18
Fndc4,212,128,207,236,205,240,238,250,412,270,237,352,283,312,299,223,252,192,228,203,67,169,354,291,282,264,296,282,346,325,169,161,269,190,245,208,178,270,297,176,412,287,287,193,273,247
Fndc5,8,5,1,3,3,1,4,7,4,7,8,5,3,1,2,9,5,7,6,1,4,2,4,7,2,7,1,3,5,5,6,6,8,3,2,7,5,9,5,5,6,2,4,7,0,1
Fnip1,5,1,3,10,6,6,6,3,12,11,15,8,8,6,13,11,10,8,6,3,1,13,6,13,10,11,4,7,8,8,1,4,7,1,11,6,6,4,7,2,5,9,6,5,4,4
Fnip2,49,14,43,85,36,32,69,59,59,51,52,39,48,37,50,58,63,37,46,36,13,50,78,43,61,57,44,47,55,62,45,36,34,33,53,48,24,46,43,25,88,46,56,41,42,50
Fnta,105,46,80,122,45,70,106,68,121,101,101,110,66,77,82,92,132,120,92,86,26,115,112,48,51,82,74,91,119,108,76,64,60,57,69,70,52,91,77,49,96,62,61,45,50,92
Fntb,16,10,14,25,28,22,32,23,31,21,32,45,19,23,30,21,23,40,29,30,8,29,29,23,22,18,16,23,34,36,24,21,25,20,24,13,17,23,22,9,45,30,25,13,13,18
Focad,44,14,31,50,40,26,42,39,48,38,35,52,47,22,39,43,32,70,39,36,10,70,49,29,39,50,26,33,63,34,37,24,33,32,48,37,30,31,37,22,43,37,35,21,27,27
Folr2,45,41,85,96,99,74,113,176,95,68,94,116,56,56,96,80,82,63,63,66,28,61,78,69,96,62,88,49,62,134,92,35,45,68,49,64,42,88,49,26,67,92,89,47,49,72
Fopnl,114,40,92,119,101,111,145,97,139,83,153,153,112,94,113,127,144,181,114,110,55,143,125,93,120,109,107,121,157,153,117,83,162,75,90,120,98,118,125,82,157,116,119,99,104,120
Fos,18,8,5,9,15,8,13,7,52,4,10,10,5,0,7,6,16,23,8,3,2,13,7,1,9,8,6,10,4,4,8,3,5,4,4,6,1,7,4,1,11,6,1,8,2,2
Fosl1,0,0,0,1,0,0,0,0,0,0,0,1,0,0,0,0,0,22,1,0,0,4,0,1,0,0,0,0,0,0,0,0,0,0,0,0,0,0,0,0,0,0,0,0,0,0
Fosl2,10,7,5,16,13,10,4,9,13,9,11,14,9,9,8,10,17,17,3,3,3,15,10,3,10,15,5,14,16,7,17,3,5,2,6,7,6,10,6,5,6,3,5,10,1,3
Foxa1,56,35,25,79,48,29,89,36,52,52,64,71,50,37,72,60,64,69,62,40,30,51,79,18,91,34,71,53,32,65,22,23,73,14,50,33,31,64,38,11,70,52,30,17,41,35
Foxa2,219,81,155,174,147,105,251,127,198,146,223,194,221,148,193,173,152,188,190,158,79,194,340,142,275,150,232,173,176,245,102,68,221,136,151,187,95,212,156,66,189,114,148,108,141,118
Foxa3,319,264,423,506,382,344,444,375,602,330,564,729,417,454,406,345,429,331,399,371,121,445,359,188,448,274,585,303,454,459,233,191,344,227,307,198,428,344,367,231,344,342,348,258,328,395
Foxd2os,3,0,1,0,1,0,4,3,4,3,2,3,6,0,2,4,2,2,4,2,0,2,0,0,0,2,1,1,1,0,3,1,1,1,2,2,0,2,2,1,1,1,1,0,3,2
Foxf1,8,5,7,22,8,9,17,18,11,12,12,26,10,14,11,12,17,25,20,10,8,36,7,3,17,9,17,12,15,13,9,6,9,12,6,6,8,15,9,1,12,13,20,4,2,9
Foxj1,3,3,1,6,6,4,11,8,3,8,8,5,9,3,4,7,6,2,11,5,2,0,8,3,4,7,2,8,3,2,1,3,3,7,3,5,2,9,7,3,5,2,5,1,4,7
Foxj2,15,7,13,22,5,11,19,14,17,12,12,28,28,18,11,26,19,11,10,13,0,16,26,14,8,11,11,14,21,7,7,7,8,8,14,8,12,17,18,15,15,15,13,7,6,18
Foxj3,13,8,18,37,27,20,14,16,31,16,23,24,27,17,24,19,27,22,16,14,12,37,22,14,21,16,14,15,24,21,23,11,19,13,12,13,13,13,19,10,19,16,21,17,22,21
Foxk1,68,36,45,119,49,67,101,63,99,73,88,68,63,76,82,129,148,111,70,72,32,125,81,42,63,92,74,68,91,91,72,59,61,50,57,70,71,70,51,39,110,84,65,54,68,58
Foxk2,9,7,17,18,12,13,15,11,13,12,15,23,16,13,14,13,21,11,13,19,3,11,5,10,7,9,14,8,11,11,11,12,19,14,17,11,9,5,13,8,13,18,15,11,15,14
Foxm1,1,2,1,0,3,1,3,4,3,1,0,0,0,0,2,0,1,9,0,0,0,2,2,0,1,3,1,2,4,1,8,2,0,3,0,0,3,2,2,0,1,1,3,0,0,1
Foxn2,12,3,11,13,9,12,10,9,9,17,8,13,12,15,15,9,13,11,15,11,3,13,19,11,9,10,11,11,19,17,7,12,12,7,6,6,17,9,19,8,14,20,11,17,8,17
Foxn3,63,28,50,50,42,33,38,32,22,33,46,33,27,30,28,76,55,31,38,41,9,33,50,28,36,31,34,44,31,22,46,34,39,23,40,21,23,27,41,26,44,33,21,29,25,27
Foxo1,153,59,90,181,110,121,105,115,200,144,165,122,162,121,134,169,158,149,144,102,39,165,134,70,128,152,88,127,169,148,74,85,129,75,121,117,112,99,130,71,158,109,110,109,91,119
Foxo4,90,52,77,102,59,84,85,77,98,94,97,97,90,65,68,112,119,93,69,77,25,85,75,53,69,78,67,78,104,80,62,45,62,59,75,83,75,66,79,39,117,84,74,74,64,97
Foxp1,14,8,14,50,16,23,13,17,25,24,21,30,21,12,21,32,25,27,31,13,5,29,25,7,29,16,15,15,24,24,10,14,16,9,14,15,15,24,21,5,22,10,18,13,15,15
Foxp4,71,46,63,112,76,35,86,85,94,82,98,93,67,61,72,83,77,96,78,73,25,98,96,51,55,60,75,81,67,66,80,63,82,52,57,66,53,60,70,32,92,52,56,58,56,49
Foxq1,178,59,86,115,152,122,162,71,231,103,144,149,77,78,97,167,150,121,385,120,82,107,194,38,240,71,220,82,95,57,61,23,209,135,180,82,73,204,59,30,296,64,52,54,39,60
Foxred1,132,68,132,169,131,135,159,120,157,93,202,220,159,124,152,142,139,187,106,141,76,209,184,107,147,125,136,138,157,134,133,131,145,101,155,150,126,133,149,79,222,117,133,138,101,123
Foxs1,4,3,2,8,2,3,7,10,6,3,5,3,2,6,4,4,5,6,5,4,0,3,3,3,5,3,4,5,10,7,5,3,2,3,3,5,4,6,0,1,15,5,1,4,4,4
Fpgs,290,135,295,450,158,343,293,286,442,296,354,330,310,322,392,355,309,211,300,290,66,293,383,236,305,274,271,350,401,310,219,236,267,290,305,271,251,301,281,209,440,290,340,214,267,284
Fpgt,5,2,5,5,2,1,9,4,9,10,4,9,3,4,8,2,4,3,6,6,2,9,6,6,1,5,4,6,6,9,2,0,1,1,0,7,10,5,4,3,6,6,1,1,0,6
Fpr2,2,0,2,4,2,1,3,3,4,5,3,2,2,0,2,1,2,3,1,5,2,1,2,4,2,0,2,2,3,1,14,0,0,1,2,0,5,2,2,2,0,1,0,0,1,0
Fra10ac1,63,25,42,57,41,56,49,69,60,58,59,105,61,50,45,54,44,81,45,49,21,78,66,37,59,51,39,61,62,60,45,30,57,34,46,34,47,58,42,40,81,44,44,41,46,40
Fras1,8,4,1,9,4,4,4,7,6,4,1,7,3,3,4,6,3,1,2,3,4,5,4,3,4,7,7,5,7,3,1,4,6,4,6,9,8,7,4,7,7,3,6,2,1,4
Frat1,27,23,29,29,19,27,22,27,37,30,33,24,27,25,36,41,60,40,26,32,14,35,20,18,15,33,18,16,27,14,17,21,14,13,39,21,19,25,18,18,19,25,31,17,20,13
Frat2,9,6,5,9,7,5,2,7,9,9,10,5,6,8,10,11,12,12,12,7,0,18,8,5,0,6,4,9,5,5,2,12,2,2,6,5,8,7,5,2,14,9,4,6,4,6
Frem1,1,0,3,3,1,6,1,2,1,1,2,0,2,2,3,3,2,2,2,1,1,6,2,2,0,4,2,3,1,1,0,1,1,0,0,3,1,2,2,2,1,0,2,0,1,3
Frg1,44,24,30,60,30,36,47,35,43,34,42,48,35,37,40,38,53,53,32,34,20,72,35,17,34,30,29,35,44,36,36,33,27,18,40,24,29,23,36,22,35,31,35,22,27,28
Frmd4a,8,3,11,25,9,6,12,16,13,9,21,17,15,9,14,14,15,22,11,6,6,26,11,11,5,10,6,11,14,10,19,7,18,7,8,4,12,8,8,10,9,12,9,9,12,10
Frmd4b,66,49,65,129,146,76,94,121,298,83,80,141,61,69,77,117,125,204,103,89,45,206,130,90,73,129,73,106,102,81,88,129,89,75,71,121,81,83,95,82,160,113,79,71,49,79
Frmd6,20,6,15,32,13,11,16,11,15,15,16,25,23,9,20,25,13,31,20,15,3,16,19,8,5,10,13,15,14,14,8,5,4,8,11,9,9,11,9,6,16,6,9,7,6,15
Frmd8,56,31,70,79,85,64,84,83,123,77,84,119,69,53,65,75,64,92,60,75,21,83,138,81,76,72,77,82,62,54,77,67,57,57,58,54,45,79,70,55,132,76,77,58,57,59
Frrs1,91,64,88,126,91,94,116,98,155,91,131,152,111,83,102,144,116,143,94,92,23,108,133,58,94,112,102,98,136,112,64,75,75,66,95,72,79,97,89,78,113,97,100,78,103,83
Frs2,33,20,16,46,35,22,32,33,41,36,33,42,31,36,26,47,41,43,25,21,13,49,42,20,40,43,34,28,34,40,23,23,29,22,25,44,22,34,41,18,35,33,35,20,36,30
Frs3,10,4,10,15,14,11,16,15,15,8,23,12,10,12,11,21,22,27,19,5,4,31,12,7,10,13,9,19,18,14,9,6,8,10,22,11,6,8,10,11,16,8,9,11,14,9
Fryl,17,20,26,33,32,22,36,17,42,21,22,26,29,30,31,33,27,39,34,22,11,31,38,14,24,22,20,35,29,23,26,12,23,21,24,20,18,15,19,12,28,24,24,17,26,22
Frzb,9,2,8,15,7,3,15,7,2,2,13,5,7,5,6,11,6,10,10,2,3,13,6,4,4,7,7,5,10,5,14,3,9,4,1,2,3,6,3,4,12,5,3,2,4,2
Fscn1,14,15,17,26,30,13,39,36,32,19,21,17,26,20,26,26,20,36,23,16,8,31,30,8,17,24,16,24,39,24,49,12,18,23,21,15,23,26,19,17,19,20,20,21,16,28
Fst,12,2,5,11,22,4,27,18,26,9,6,9,3,7,11,21,5,22,28,6,8,21,33,7,22,35,17,22,20,15,2,10,22,15,23,13,12,18,8,10,27,16,7,11,11,16
Fstl1,15,6,10,27,7,9,21,11,7,9,14,7,22,5,8,11,11,15,9,10,2,7,28,3,10,9,1,17,17,7,12,9,5,9,9,3,11,13,10,6,20,6,8,7,5,5
Fstl3,6,1,4,4,3,5,13,5,8,8,8,7,5,6,6,6,7,13,1,3,2,7,10,3,6,4,1,6,4,4,5,9,5,3,1,4,1,9,5,3,10,9,3,3,3,4
Ftcd,1102,546,1234,1642,943,1389,1564,1403,2057,1336,1420,1863,1575,1541,1684,1321,1177,1647,1096,1104,367,2393,1602,1355,1758,1591,1472,1675,2335,1735,1067,1362,1539,1118,1721,1755,1595,1478,1537,1236,2222,1798,1478,1107,1616,1506
Fth1,11385,5109,9342,16787,8315,9718,12019,11172,16524,12776,14826,15555,13989,12189,15022,17460,18030,24840,12687,12572,4814,27443,15613,8254,10569,9537,11411,14995,17530,13969,16484,9686,12248,10002,15450,15540,11727,12361,14308,8150,15875,14397,13497,8927,12509,13024
Ftl1,15555,9453,10227,23724,8321,13566,19674,14421,10725,18404,19809,20340,15500,12951,22880,17933,21897,18882,14704,13927,4929,18974,18510,11454,12779,15275,14224,19794,27046,17664,16104,12520,14725,16641,16360,17667,14793,19853,14805,12183,17908,18355,16944,10926,16893,17790
Fto,161,63,124,230,162,141,169,134,221,155,207,216,157,143,153,237,215,315,170,160,80,275,204,115,143,175,162,161,217,175,134,122,154,114,150,160,129,157,175,103,232,157,135,109,133,142
Ftsj1,5,1,1,7,2,0,3,1,0,1,4,1,1,4,6,5,2,5,1,1,0,3,1,2,1,5,2,2,2,1,1,1,3,0,0,1,1,0,2,0,1,0,1,0,1,3
Ftsj2,52,37,46,51,39,46,61,44,73,47,76,75,62,56,49,63,63,72,63,59,25,59,70,48,50,42,44,65,56,45,49,43,52,66,74,50,43,69,56,38,80,80,48,39,58,43
Ftsj3,146,129,169,233,136,168,134,161,242,121,189,302,200,169,181,161,188,220,142,153,57,296,184,99,123,149,148,174,134,165,156,107,162,94,163,131,115,122,147,91,233,136,138,129,107,112
Ftx,2,1,1,3,1,1,1,1,2,2,1,2,2,1,8,3,4,3,3,1,0,4,1,0,2,2,3,1,2,4,0,3,4,1,1,2,1,2,1,2,4,3,5,1,1,0
Fubp1,2,8,7,10,2,4,6,9,7,10,11,12,5,4,8,12,9,9,9,6,3,17,10,5,7,6,6,7,13,6,2,4,7,2,6,7,2,4,6,1,4,6,4,4,4,5
Fubp3,50,33,52,84,65,37,60,55,81,67,75,74,57,56,57,60,77,82,69,54,22,93,59,42,50,48,48,49,72,61,45,36,60,29,51,47,63,52,58,29,86,65,69,43,50,56
Fuca1,24,8,24,40,22,32,34,15,40,19,35,37,39,14,34,28,23,32,24,20,12,21,31,35,32,24,26,27,40,28,34,26,25,10,31,49,29,26,26,17,49,24,36,27,20,30
Fuca2,1,1,3,3,3,4,3,8,6,1,4,2,1,2,3,2,1,4,1,3,2,5,1,3,0,0,1,3,2,1,5,1,2,2,3,1,4,4,0,1,1,1,1,3,3,3
Fuk,49,21,58,67,43,36,54,68,64,54,67,93,61,54,57,52,56,46,27,52,28,94,75,43,60,65,54,70,42,56,48,42,37,41,56,42,49,49,63,31,64,48,35,30,46,34
Fundc1,3,4,6,6,5,3,7,7,11,8,6,6,8,5,8,6,4,12,6,5,2,14,6,4,6,4,3,4,13,5,10,4,1,4,5,7,6,7,2,4,7,6,2,1,4,7
Furin,563,302,458,876,426,481,707,563,741,712,732,766,614,588,713,795,748,956,614,576,207,936,735,484,608,462,653,678,703,647,539,537,584,483,605,589,506,570,681,405,829,612,598,525,644,622
Fus,123,77,135,259,105,122,166,159,157,158,189,151,133,103,167,154,154,222,131,160,54,227,149,100,157,114,116,153,153,160,138,98,115,106,141,110,94,133,135,68,147,124,163,114,119,108
Fut1,3,1,0,2,1,1,1,1,0,2,4,2,1,0,0,4,10,12,4,2,2,7,1,0,0,0,0,1,0,1,0,0,0,1,1,1,2,1,0,0,0,0,2,0,0,0
Fut10,1,2,0,5,3,2,3,6,7,2,3,7,3,2,0,1,8,3,4,2,1,2,1,1,3,7,2,4,1,4,0,1,2,2,2,1,0,2,2,3,4,5,3,2,0,4
Fut7,0,1,1,1,3,3,0,1,1,1,3,1,1,1,4,1,2,0,0,1,0,4,1,2,4,2,2,0,0,0,9,0,1,0,0,1,0,0,2,0,0,2,3,1,1,1
Fut8,14,4,19,21,18,13,18,22,34,16,19,35,11,17,25,29,39,45,18,11,8,26,27,12,16,15,21,23,27,30,22,15,19,9,15,26,13,28,13,15,20,11,12,18,9,17
Fuz,45,10,28,41,16,14,32,28,39,39,56,35,30,29,41,31,39,15,28,41,16,28,27,18,26,21,29,33,20,20,28,10,30,22,23,29,17,39,30,18,28,27,21,20,22,24
Fxn,111,62,109,166,110,142,151,117,139,119,160,122,105,106,161,122,185,177,126,135,61,194,134,72,125,124,120,128,165,152,86,114,139,76,145,91,116,111,114,70,165,110,138,118,117,111
Fxr1,80,43,79,146,65,82,94,77,162,85,121,106,119,104,99,127,141,174,80,76,26,200,115,73,89,93,93,88,120,110,83,52,112,47,116,78,91,80,91,53,114,75,105,66,93,89
Fxr2,126,57,110,147,70,90,134,140,137,103,140,181,137,115,112,185,133,128,143,93,24,159,128,71,113,63,102,120,134,111,122,75,82,122,136,151,86,110,112,83,134,127,112,94,98,110
Fxyd1,2022,1099,1760,2547,1530,2054,2760,1915,2286,2065,2698,2411,2181,1961,2328,2217,2239,1365,1967,1780,664,2108,2781,1345,2163,2196,1824,2277,2883,2080,1553,1176,2187,1669,2315,2125,1626,2116,2333,1191,2746,1893,2068,1805,1806,1810
Fxyd3,5,4,2,13,16,3,20,14,7,7,11,16,13,3,8,7,9,28,11,15,1,8,9,4,7,17,5,14,10,11,3,11,10,12,7,5,5,6,8,4,22,7,4,12,8,9
Fxyd5,42,14,32,75,59,46,67,71,36,29,52,47,50,25,50,48,52,76,38,25,18,60,42,17,56,21,48,44,42,55,198,26,27,55,29,35,27,51,24,24,34,35,32,22,25,33
Fxyd6,4,1,2,4,4,9,7,2,1,2,8,6,6,3,5,4,5,9,4,6,0,9,4,4,1,3,5,8,8,6,4,3,8,3,0,3,2,3,3,2,3,3,6,5,3,5
Fyb,15,7,22,24,14,6,31,34,11,18,37,21,15,11,23,13,19,16,13,15,10,24,20,9,24,17,20,13,11,30,37,10,14,23,8,17,11,11,8,5,14,19,14,17,6,14
Fyco1,31,18,24,39,27,35,37,33,66,48,39,63,30,37,28,39,39,50,54,42,14,57,59,23,24,40,26,49,65,51,33,18,37,19,27,25,29,50,36,30,38,26,39,16,31,22
Fyn,8,4,12,12,10,5,14,5,7,7,7,7,8,2,5,14,10,12,11,11,2,10,13,6,5,11,5,11,11,9,8,4,5,4,5,5,4,8,4,1,7,3,15,4,8,8
Fyttd1,4,2,1,5,1,3,4,4,2,2,2,1,1,1,1,0,3,5,6,7,1,8,4,3,4,2,3,3,4,3,0,3,1,0,6,2,3,4,5,4,2,2,3,1,0,5
Fzd1,27,16,27,56,26,29,39,35,39,27,43,41,44,37,45,28,42,63,25,23,19,51,46,21,41,28,23,28,48,30,37,26,35,29,34,30,23,41,30,17,42,37,36,36,34,42
Fzd4,5,4,5,18,10,6,8,7,7,4,7,3,7,5,13,8,15,10,11,7,1,12,9,7,6,13,7,8,20,9,9,5,10,5,13,10,5,7,14,7,12,13,15,6,8,7
Fzd5,23,17,16,28,26,16,16,20,25,25,20,48,24,20,14,31,20,33,28,20,13,42,17,11,11,20,16,19,29,14,13,18,20,6,11,10,21,11,12,14,23,7,22,16,8,13
Fzd6,12,6,13,36,7,10,19,12,5,12,18,16,11,13,9,21,25,18,9,7,5,15,14,12,15,14,11,16,16,21,11,13,14,6,21,10,10,11,12,8,21,9,12,8,10,17
Fzd7,35,11,13,42,10,29,30,14,28,21,34,42,27,26,23,20,20,12,34,15,10,12,45,20,36,38,15,30,31,32,9,19,14,13,24,17,23,34,17,15,45,18,23,19,18,19
Fzd8,34,33,29,41,41,46,52,52,82,64,41,74,51,47,61,68,60,41,72,46,21,78,71,37,61,45,42,80,93,60,34,46,69,30,59,49,38,83,49,33,97,60,65,48,51,54
Fzr1,60,26,43,72,53,52,65,59,76,39,76,71,69,41,65,79,69,94,71,63,19,94,63,45,72,66,59,60,82,61,59,42,48,63,65,74,51,47,64,48,81,64,62,56,62,56
G0s2,1272,1070,1257,3254,328,2061,1053,1352,205,863,1914,1271,1046,1087,1857,808,2211,2821,404,542,295,630,1582,1521,1054,1434,445,1857,1275,1597,873,1470,1015,979,1509,1545,1151,694,1991,748,1078,941,3491,1386,2651,1273
G2e3,11,6,7,13,12,11,12,12,13,10,18,18,6,4,9,18,12,15,7,9,8,12,8,7,12,13,10,15,13,14,14,7,9,4,9,7,11,3,8,3,7,8,11,6,9,5
G3bp1,142,68,117,154,114,122,143,117,176,146,130,229,147,105,137,195,142,190,135,152,50,159,170,89,137,133,119,195,166,157,132,83,115,85,124,107,106,155,128,88,186,130,146,104,126,130
G3bp2,12,7,26,22,21,30,31,21,34,20,21,36,22,24,22,19,20,24,31,24,8,24,33,15,27,22,17,20,34,29,23,23,22,3,24,24,32,14,21,16,33,18,22,17,13,13
G630025P09Rik,1,1,3,1,2,1,3,1,2,1,1,7,2,2,5,3,5,2,0,4,0,1,1,1,2,2,2,1,2,3,0,2,0,1,0,2,4,0,3,1,2,0,2,3,2,1
G630090E17Rik,57,18,48,54,67,51,49,67,125,70,69,78,84,78,86,58,59,56,45,53,29,47,79,43,56,77,72,91,96,91,58,57,73,43,57,62,66,71,61,45,110,74,77,60,62,78
G6pc,215,162,524,1166,208,605,568,294,346,271,396,137,408,1250,237,2125,1422,336,611,422,229,601,609,373,424,972,293,836,742,614,284,604,417,290,548,991,555,460,767,453,1413,719,924,666,444,801
G6pc3,37,12,30,72,18,29,60,36,41,30,58,52,38,24,40,40,42,70,35,32,9,68,51,28,32,36,42,43,51,52,40,31,22,29,34,37,30,42,31,24,49,28,38,25,28,20
G6pdx,27,30,35,50,118,34,145,126,85,24,44,35,50,38,36,45,24,48,16,27,19,51,152,53,61,52,37,40,57,59,86,25,37,53,31,97,32,77,36,45,59,34,62,35,31,66
Gaa,447,218,387,643,346,366,450,380,504,442,574,663,471,385,452,687,631,559,480,412,126,696,511,288,368,408,428,447,602,455,462,339,369,343,439,416,429,414,505,280,572,430,483,361,404,398
Gab1,66,24,64,73,70,42,76,75,86,61,90,60,68,64,52,97,94,79,86,53,28,102,77,41,51,57,49,62,80,91,38,38,49,29,41,56,39,56,54,36,83,56,60,44,58,46
Gab2,9,1,7,14,8,2,8,13,5,9,12,5,10,4,7,6,7,12,1,4,1,14,7,1,2,5,10,1,5,9,17,2,5,3,2,3,10,4,6,1,8,2,7,3,1,5
Gab3,4,0,3,2,1,1,11,8,2,1,3,6,1,3,4,2,6,3,1,1,0,2,1,2,1,2,2,1,2,1,1,3,2,0,1,0,0,3,5,2,3,2,2,4,3,5
Gabarap,1145,482,845,1308,789,921,1023,856,1210,1042,1249,1287,1056,879,1141,1154,1098,1561,1099,1008,323,1294,1263,638,941,903,945,1107,1316,1185,925,763,1017,702,1103,1073,794,1024,1054,608,1313,999,997,792,861,929
Gabarapl1,1273,680,1061,2116,886,1073,1193,926,1231,1240,1820,862,1334,1214,1278,2432,2128,1330,1366,1002,486,2218,1181,790,1068,1280,853,1253,1757,1463,973,855,1065,691,1329,1138,975,1082,1314,652,1719,1177,1231,976,1073,1208
Gabarapl2,42,27,40,54,40,60,42,38,57,41,52,57,53,43,59,53,59,59,58,49,21,61,70,45,66,58,39,55,54,88,43,36,49,26,64,46,58,65,47,32,91,55,38,64,55,42
Gabbr1,5,4,7,12,5,10,12,1,5,4,5,4,3,6,6,3,3,6,4,1,2,7,5,2,1,3,5,3,6,2,6,7,5,5,3,2,4,10,3,2,2,0,2,4,4,4
Gabbr2,5,0,4,1,0,4,4,3,2,3,3,4,6,2,3,1,3,1,0,3,0,4,2,0,0,1,1,3,3,6,1,2,6,3,4,4,3,2,1,0,1,1,1,1,4,3
Gabpa,126,54,105,217,101,119,157,112,209,130,173,159,138,129,155,182,159,167,156,142,52,219,142,81,140,138,114,142,200,162,101,103,145,67,131,132,129,110,132,89,211,112,142,81,106,128
Gabpb1,8,6,10,22,12,11,17,22,21,11,17,15,10,13,14,17,19,14,18,10,5,18,15,5,10,15,16,17,16,6,15,14,10,7,15,16,11,13,4,7,16,12,12,14,6,9
Gabpb2,38,18,31,62,26,32,27,22,35,34,50,54,34,16,47,54,26,54,43,28,9,41,39,24,32,40,19,37,39,31,23,26,31,14,36,22,21,24,22,18,39,21,22,20,18,25
Gabra3,3,4,6,11,4,1,7,7,10,5,7,11,2,2,5,6,8,3,5,5,1,5,3,7,6,4,5,4,8,4,3,4,4,5,3,1,2,7,3,4,9,4,3,3,1,4
Gadd45a,100,45,73,74,69,88,115,110,64,75,79,75,59,72,85,41,109,159,111,62,24,196,116,69,74,64,65,40,74,91,95,68,77,62,105,57,118,90,72,48,62,63,53,39,53,58
Gadd45b,43,16,17,80,17,6,21,31,22,22,39,50,23,22,19,30,73,94,12,16,8,200,18,12,9,11,11,17,21,8,55,11,6,24,16,9,12,8,8,8,5,4,23,8,11,12
Gadd45g,53,29,43,133,43,162,89,47,181,25,139,170,61,87,63,120,72,269,221,44,56,259,215,52,264,42,40,66,35,58,139,47,98,177,160,52,27,135,50,28,638,50,89,31,28,43
Gak,191,86,141,260,116,139,147,145,231,187,209,206,177,177,203,279,233,242,172,158,69,253,192,136,183,184,160,134,184,196,160,87,172,126,179,119,145,158,128,118,239,194,198,137,152,171
Gal3st1,12,10,30,34,5,19,28,13,9,11,18,10,29,21,17,37,30,31,21,21,4,17,14,10,16,18,4,13,23,29,16,18,19,22,26,31,13,24,19,11,17,13,38,24,26,29
Galc,6,3,9,22,9,7,10,9,14,8,15,15,9,9,7,10,10,18,11,5,6,21,14,8,17,12,11,9,5,15,13,6,7,8,7,11,6,7,13,5,11,3,7,4,4,4
Gale,124,41,79,79,123,88,174,230,175,119,77,404,101,67,161,96,49,283,111,146,47,60,167,110,144,122,145,211,146,125,166,148,180,199,168,161,139,212,179,99,231,146,155,97,128,101
Galk1,367,184,267,473,141,221,274,232,272,351,406,454,289,268,354,409,487,485,328,296,117,535,327,211,207,316,189,357,321,378,296,325,318,313,358,308,241,330,360,200,368,253,267,266,278,338
Galk2,92,38,86,130,129,86,111,111,138,93,126,123,108,93,120,132,130,165,95,91,39,163,134,84,96,105,76,94,167,121,129,87,112,79,109,101,87,94,107,69,144,88,110,80,88,81
Galm,556,276,458,838,387,550,652,547,699,593,691,735,572,555,735,536,669,503,615,561,179,631,742,454,513,531,514,638,766,662,338,509,587,471,650,631,486,573,648,392,694,650,524,430,549,581
Galns,34,27,28,87,43,25,53,72,88,38,40,87,45,34,35,58,56,100,37,52,19,87,45,19,51,61,68,62,46,48,62,26,43,38,40,35,31,51,36,36,97,51,44,37,27,40
Galnt1,61,27,41,64,51,72,61,62,53,60,54,77,58,48,68,54,57,78,55,48,16,76,67,27,48,59,53,53,79,57,52,31,66,27,42,43,44,54,47,34,60,47,52,32,35,45
Galnt10,10,5,11,12,10,7,6,11,5,8,10,12,11,8,14,3,16,9,14,9,5,16,9,7,9,8,1,11,16,11,13,4,6,12,10,6,5,9,2,9,15,10,5,13,10,9
Galnt11,44,11,39,60,32,45,55,35,73,25,41,91,47,36,49,56,52,49,43,33,17,38,63,37,46,39,43,44,57,54,30,38,41,25,46,50,41,47,34,30,79,55,51,31,37,39
Galnt18,6,2,4,5,8,7,7,2,4,2,3,6,7,8,4,6,7,7,8,1,2,6,13,5,7,6,3,3,10,5,8,3,5,6,10,7,6,9,9,3,8,9,7,6,1,5
Galnt2,201,85,190,244,86,199,195,167,215,198,285,222,190,210,225,242,232,285,184,173,72,242,193,129,157,138,150,201,199,183,171,165,175,146,215,153,125,150,154,108,235,161,164,107,138,157
Galnt4,14,6,9,13,11,7,14,14,13,15,16,20,11,12,11,17,11,6,7,13,4,19,17,7,9,18,9,21,13,16,9,9,13,4,17,14,12,19,13,12,14,21,19,5,9,6
Galnt7,12,5,5,17,14,9,10,15,5,4,6,13,6,5,7,14,7,25,8,5,7,20,12,2,11,16,11,17,10,11,8,6,9,6,5,5,6,5,5,5,3,7,4,3,5,2
Galt,300,147,264,396,240,270,411,357,370,270,328,379,323,263,321,301,291,270,274,271,97,313,415,292,339,293,272,313,505,333,246,189,350,284,370,344,277,359,309,190,441,303,366,284,297,276
Gamt,2167,1257,2438,3224,2403,2711,3875,3228,3657,2365,2397,2797,2309,2606,3007,2281,3190,1511,2537,2245,828,1001,4045,2278,3585,3601,2587,2875,5057,3655,1898,1398,2494,2200,2757,2383,2431,3360,3154,2158,3643,3046,2973,2119,2979,2707
Gan,14,4,12,13,13,12,12,8,14,8,15,19,10,9,9,9,7,15,11,14,5,14,8,6,8,10,14,2,4,6,7,2,6,6,9,4,4,7,7,1,6,5,4,7,3,6
Ganab,684,359,603,872,529,669,801,643,816,634,929,1176,675,607,788,768,738,715,631,608,217,797,816,429,655,588,646,757,681,659,511,558,651,519,692,581,468,625,597,426,917,650,592,458,518,528
Ganc,77,31,57,96,70,68,76,94,75,62,105,109,61,60,68,84,98,89,67,62,34,81,64,58,71,70,70,82,89,72,68,68,79,51,70,57,47,56,53,32,84,54,59,44,40,36
Gapdh,21,11,15,1495,1093,26,39,45,20,1175,1276,1511,30,1492,1372,1313,14,1594,20,28,7,36,39,1086,31,29,1228,24,35,1607,15,1190,1596,1270,26,45,1177,1459,28,28,1941,1631,1143,29,1329,35
Gapdhs,3,0,1,3,2,0,2,2,1,2,1,3,1,3,0,2,0,0,1,4,0,0,3,2,2,3,3,1,1,1,1,1,2,2,3,1,5,5,2,1,2,6,3,1,4,1
Gapvd1,151,69,132,157,157,125,121,132,94,110,184,151,79,77,113,185,123,181,124,106,55,190,111,61,80,84,96,112,113,122,107,71,108,78,92,77,55,86,94,52,105,68,95,74,85,81
Gar1,65,64,79,107,81,51,75,71,90,54,86,128,60,58,57,90,85,170,56,59,22,184,61,41,70,54,67,66,91,80,60,33,55,36,52,54,68,62,63,39,83,48,57,47,65,37
Gars,250,114,191,365,295,196,316,285,293,257,337,365,303,263,280,404,426,759,258,265,127,567,330,186,289,300,228,283,292,290,289,174,313,184,242,209,241,269,262,171,392,291,243,224,235,218
Gart,155,63,131,172,110,101,161,134,215,130,145,205,145,121,154,154,166,169,130,129,31,147,190,102,140,112,127,155,159,138,103,96,117,111,130,130,100,125,144,97,205,127,127,95,121,109
Gas1,82,47,59,89,44,90,68,61,70,98,84,73,84,97,90,122,78,40,72,91,37,105,89,88,82,86,56,103,116,64,42,69,106,50,104,102,76,84,77,38,117,70,81,72,57,80
Gas2,83,52,69,114,118,80,121,109,138,104,105,117,146,116,125,106,92,111,83,99,63,242,167,86,110,97,86,119,239,108,95,97,106,64,116,134,181,120,101,73,175,140,145,93,105,119
Gas2l1,119,52,107,138,90,122,130,104,165,115,146,186,103,86,113,164,159,191,111,96,42,196,127,71,102,123,138,138,117,114,104,104,104,80,126,77,93,102,109,69,145,89,100,80,74,91
Gas2l3,11,6,10,11,10,9,8,10,16,5,13,12,3,6,7,8,6,11,11,9,1,6,7,8,2,10,8,7,12,8,4,3,10,1,5,9,8,18,6,2,7,6,6,8,9,5
Gas5,346,289,462,745,466,105,431,431,803,331,762,665,411,349,573,846,1132,990,415,475,282,1181,567,378,451,510,459,458,624,619,523,226,332,275,54,287,249,89,432,316,426,251,440,441,451,482
Gas6,514,277,805,585,927,600,590,540,1195,420,688,815,431,312,460,510,486,434,414,583,197,488,599,457,379,457,510,499,611,507,535,353,494,530,699,627,371,465,416,234,587,249,631,566,318,386
Gas7,5,2,4,9,7,2,9,9,14,5,5,6,3,6,4,7,14,11,10,3,2,5,5,3,7,6,9,8,15,8,8,1,7,8,11,4,3,8,5,9,13,6,7,7,9,5
Gas8,12,13,8,19,17,18,24,24,30,12,15,23,22,16,14,17,25,16,20,11,3,31,17,10,16,21,18,16,18,9,17,9,18,7,18,3,6,18,12,10,19,16,15,11,8,18
Gata2,3,2,2,5,7,3,4,4,12,7,5,7,11,6,4,2,6,4,4,6,1,8,9,3,0,5,4,2,4,6,4,2,2,3,7,7,4,8,2,0,3,5,3,2,3,2
Gata4,76,21,30,52,32,46,83,55,49,48,66,86,72,59,86,54,33,52,67,43,13,45,90,44,57,41,53,59,64,79,45,21,54,39,58,49,32,46,64,24,69,44,39,29,38,50
Gata6,45,27,38,68,50,46,41,39,121,48,53,56,56,29,61,52,54,84,40,31,19,77,54,38,35,52,36,45,69,29,34,9,34,27,30,33,40,34,35,22,43,29,34,26,28,36
Gatad1,58,22,53,47,59,63,86,51,87,61,62,100,67,68,79,57,84,75,50,44,32,71,69,44,66,82,45,71,81,83,33,58,72,37,54,54,60,58,80,33,83,64,60,45,48,51
Gatad2a,22,11,22,15,21,18,12,17,23,27,31,36,20,19,18,33,31,45,24,20,17,39,20,8,19,20,18,22,18,25,29,12,20,13,21,13,15,20,13,13,28,19,21,16,21,19
Gatad2b,21,8,20,21,6,12,13,10,10,16,12,11,17,4,13,15,15,31,8,12,5,23,12,2,8,5,12,8,7,5,13,7,9,3,11,5,3,11,6,3,14,2,10,3,0,3
Gatb,174,56,141,196,104,177,181,170,176,143,184,181,155,152,170,185,223,192,136,179,56,191,199,130,190,168,101,171,230,167,198,157,184,140,194,174,129,182,159,108,272,172,161,113,163,146
Gatc,83,55,85,134,63,106,111,61,141,86,115,118,104,96,89,131,121,94,99,86,33,123,134,67,99,103,67,118,120,143,63,72,63,54,115,74,74,102,107,57,126,86,97,64,63,72
Gatm,24,14,20,26,29,27,43,27,29,29,34,22,24,15,26,29,28,34,21,25,7,48,28,18,20,21,36,27,29,24,50,5,25,19,25,17,15,21,19,12,24,15,22,10,16,21
Gatsl2,3,2,5,7,6,10,12,3,2,4,10,6,6,3,5,10,6,6,7,8,3,4,8,11,13,3,5,8,5,10,8,10,7,6,12,8,5,2,6,5,12,5,13,11,15,5
Gatsl3,10,10,11,15,18,8,18,17,26,19,15,26,18,16,13,17,27,31,16,19,3,15,19,11,12,17,13,17,15,18,15,18,20,15,20,18,14,17,11,9,23,13,16,9,12,12
Gba,137,64,146,222,150,134,168,157,225,180,175,254,185,133,164,197,193,277,150,161,63,264,181,77,157,156,154,169,201,184,194,75,145,149,149,140,144,166,171,123,237,192,158,131,140,136
Gba2,25,10,14,38,18,23,26,26,26,41,38,36,33,23,39,26,31,21,35,13,8,23,35,22,25,37,24,24,26,27,13,22,18,22,31,21,19,25,35,22,37,32,33,17,14,35
Gbas,69,44,61,118,69,74,74,74,92,64,116,109,79,86,73,140,114,167,89,59,43,227,91,55,75,83,62,93,97,93,82,73,53,63,69,82,63,78,67,43,115,70,74,68,69,63
Gbe1,153,90,139,178,169,119,214,168,183,165,130,179,137,198,147,181,149,289,223,178,91,149,241,136,121,152,99,154,163,213,238,114,136,51,139,157,83,106,88,104,111,134,175,95,89,128
Gbf1,205,94,198,235,185,215,239,255,296,214,290,375,191,221,231,316,265,278,258,225,84,246,287,171,268,215,243,307,224,284,289,191,255,189,264,248,197,216,304,180,412,262,224,169,197,222
Gbp11,26,5,31,57,30,27,183,35,23,18,58,17,37,9,42,48,58,15,94,58,32,28,50,14,62,23,58,49,34,56,225,29,87,28,11,35,36,157,47,5,19,26,24,21,26,14
Gbp2,21,12,25,114,44,23,31,45,13,19,32,24,59,13,43,21,58,46,17,18,22,51,32,11,26,16,30,32,48,22,525,23,19,51,9,12,24,34,14,3,12,6,25,8,8,16
Gbp2b,12,6,30,51,31,15,57,29,20,16,54,17,11,7,34,23,27,7,14,28,12,20,23,18,12,21,24,13,13,23,256,16,15,18,12,12,10,18,13,6,16,19,32,10,10,12
Gbp3,25,12,25,79,42,32,55,61,18,30,62,37,55,25,79,29,49,50,39,43,24,45,35,33,44,28,40,36,53,39,455,26,25,56,27,25,36,42,29,16,30,39,54,30,20,25
Gbp4,2,1,1,5,6,4,14,12,1,5,13,6,8,6,8,6,3,4,4,7,7,3,5,5,7,2,4,2,5,5,40,4,6,4,1,1,3,7,5,2,2,2,1,4,3,4
Gbp5,0,0,0,6,1,0,4,1,0,0,1,1,3,1,2,1,2,0,3,0,1,1,0,0,1,2,2,0,0,2,28,1,0,1,1,0,1,2,0,2,0,1,0,0,1,1
Gbp7,14,7,18,31,22,12,21,21,12,25,23,19,20,9,28,19,26,14,16,22,9,16,19,17,16,5,23,26,28,16,99,15,18,5,15,13,17,28,14,7,8,16,21,11,10,14
Gbp8,14,8,28,56,39,16,60,57,15,22,58,45,18,12,34,25,23,42,22,19,20,34,23,21,26,19,20,21,16,27,249,22,12,29,16,14,13,33,22,9,11,12,24,8,15,6
Gbp9,5,1,0,7,2,3,8,9,4,6,4,0,3,1,6,1,1,0,1,3,1,8,4,1,1,0,5,2,2,3,38,5,3,2,1,1,6,3,4,1,5,3,3,2,1,1
Gc,12520,5467,11062,17478,12352,13387,13593,10564,24367,13599,14490,20800,13466,12753,16674,14653,16013,14351,13798,12793,5114,15099,18563,9870,13759,14894,14460,16653,20146,16927,10202,10362,13646,7041,13557,12012,11446,13633,13273,8631,17741,14331,13768,7880,10724,12849
Gca,2,2,3,5,4,3,6,1,2,1,5,4,5,2,3,1,2,5,7,2,1,3,4,2,5,4,2,8,6,2,0,3,5,2,1,1,6,1,4,4,6,3,5,2,2,2
Gcat,593,259,473,750,463,560,696,641,655,526,498,577,607,612,611,710,567,458,481,537,193,468,722,469,762,679,480,603,955,716,399,351,524,381,629,675,590,611,705,415,879,683,655,583,587,571
Gcc1,45,23,44,39,44,25,37,41,33,46,30,82,43,36,66,28,37,43,29,31,15,35,52,26,50,24,40,34,49,43,25,25,32,22,46,26,27,29,33,26,53,34,31,19,37,37
Gcc2,40,15,31,49,37,27,32,43,64,42,38,66,27,29,42,40,40,50,33,27,9,57,30,23,43,45,31,43,47,42,32,22,36,19,33,27,25,30,20,21,45,24,32,19,26,35
Gcdh,1058,486,1145,1497,792,1461,1259,1042,1505,1194,1470,1582,1466,1381,1464,1561,1325,887,1125,1203,515,1401,1612,1065,1394,1386,1053,1502,1874,1728,961,1076,1354,898,1497,1372,1071,1236,1335,786,1885,1465,1461,1007,1248,1366
Gcfc2,18,12,16,13,15,19,23,10,15,11,17,28,18,17,16,18,20,34,21,10,7,43,28,10,18,18,14,10,14,11,12,12,16,17,16,15,12,22,23,13,27,16,19,15,15,8
Gcgr,1238,515,1276,1713,1116,1455,1470,1259,1735,1181,1799,1524,1121,1250,1497,1762,2086,1641,1410,1302,510,1687,1622,987,1315,1334,1245,1493,1507,1658,1152,1064,1425,882,1535,1383,1063,1414,1618,897,1896,1484,1523,1153,1257,1214
Gch1,151,43,118,209,94,122,142,78,158,114,183,112,122,128,113,219,261,83,159,119,60,126,143,106,119,119,93,113,200,152,102,91,96,76,160,120,122,95,138,76,201,167,131,99,105,153
Gchfr,1411,691,1265,1957,1184,1527,1497,1458,2347,1591,1668,1923,1876,1853,1947,1691,1664,956,1393,1449,610,2378,2017,1389,1857,1717,1366,1698,2556,1909,1335,1250,1741,1337,1792,1776,1555,1682,1861,1081,2247,1669,1712,1257,1506,1528
Gck,561,432,592,330,398,370,632,412,516,495,358,878,813,507,715,258,398,126,398,476,145,156,870,670,636,443,581,421,726,582,413,649,648,748,490,432,367,482,589,406,807,608,498,428,739,501
Gckr,708,309,583,837,613,489,723,693,887,732,700,957,782,757,733,796,687,534,636,615,209,800,906,603,645,685,619,718,1061,784,510,519,812,633,569,717,531,724,754,523,980,717,598,599,570,558
Gclc,1250,647,929,1683,730,979,920,953,788,1435,1426,1035,939,983,1474,2246,2297,2630,1572,961,488,2890,1049,609,755,882,785,1314,1177,976,2329,1016,1193,763,1196,1025,970,973,951,495,1083,1074,803,627,778,789
Gclm,1641,819,1259,2116,1316,1393,1488,1215,1861,1556,2011,1827,1310,1228,1495,2232,2054,1982,1816,1506,564,2657,1328,750,1108,1221,1267,1228,1428,1276,1224,947,1216,799,1283,970,1006,1152,1280,658,1480,1121,988,823,905,994
Gcn1l1,9,5,10,12,3,6,8,12,6,9,14,10,8,5,12,7,7,6,14,11,3,12,12,5,7,9,4,6,8,5,6,7,7,9,10,10,4,11,10,10,18,13,8,9,14,4
Gcnt2,73,50,72,97,83,57,77,72,95,61,70,91,92,77,79,50,71,121,61,54,28,105,79,54,68,91,72,67,77,62,66,57,71,49,74,47,54,54,62,38,100,69,65,62,42,69
Gcnt4,9,7,4,14,13,5,5,8,7,12,8,19,5,8,10,20,8,14,9,9,3,15,9,2,8,10,7,11,6,2,3,6,7,6,8,3,8,11,4,6,14,15,9,2,8,5
Gcsh,260,116,218,355,194,294,329,261,354,302,321,417,321,300,334,363,333,352,268,234,83,403,457,208,288,303,318,425,532,380,218,215,267,195,354,282,273,325,323,184,325,280,331,188,225,258
Gda,28,5,21,30,14,18,23,16,37,35,29,50,27,26,29,32,27,7,18,29,6,14,21,27,19,27,28,33,42,35,14,16,39,16,33,29,24,35,36,15,40,34,31,20,18,19
Gdap10,14,9,13,11,3,11,11,3,5,7,16,7,11,4,5,11,8,8,5,2,2,11,7,4,3,8,1,6,4,1,8,5,5,3,8,4,4,4,5,0,4,5,5,5,4,2
Gdap2,41,29,45,81,62,36,55,47,86,56,52,71,58,50,50,60,61,78,43,37,13,86,69,28,42,46,43,42,57,62,38,32,60,15,34,33,51,50,27,28,58,55,51,25,32,51
Gde1,414,245,444,566,281,601,380,321,438,377,774,562,558,548,521,714,615,685,523,493,195,716,515,274,373,402,368,537,418,502,427,325,494,274,465,433,377,429,563,238,609,489,410,330,450,374
Gdf10,19,9,18,27,21,16,38,22,30,30,32,43,20,14,28,23,42,65,36,23,17,32,26,18,25,20,24,28,24,21,21,14,15,14,13,21,6,21,24,7,38,21,21,23,18,20
Gdf15,90,34,45,117,116,63,30,87,112,57,106,82,44,33,62,75,153,413,62,42,20,314,31,80,25,56,52,98,87,70,143,101,56,69,64,88,36,43,50,43,63,50,73,48,57,40
Gdf2,96,41,77,123,58,47,102,90,72,85,137,106,80,44,72,104,115,86,76,56,28,96,74,44,75,64,63,72,93,84,57,45,59,48,62,41,43,72,62,31,105,68,82,51,55,41
Gdf6,3,0,0,3,2,0,6,2,1,2,2,1,1,0,1,0,4,3,0,1,2,3,3,1,0,2,0,1,1,2,5,1,2,2,2,1,1,2,0,3,1,0,1,0,2,1
Gdi1,199,107,152,244,133,169,229,161,227,168,242,275,198,157,197,268,215,167,186,141,47,189,197,134,157,181,173,180,207,172,122,122,157,138,149,138,156,180,145,66,235,147,177,128,135,140
Gdi2,260,130,206,423,220,269,357,358,496,405,383,423,330,353,465,419,323,496,321,293,105,575,482,188,344,273,305,416,498,422,312,229,359,102,319,255,268,342,250,196,351,375,365,196,268,299
Gdpd1,3,1,3,5,4,1,7,4,9,4,7,13,3,1,4,8,3,9,4,3,2,11,1,3,2,4,2,5,1,5,2,1,1,2,1,1,5,7,0,3,3,1,3,1,2,2
Gdpd3,3,2,3,9,3,3,9,4,4,2,6,6,4,3,4,6,11,8,2,2,3,7,5,2,1,7,3,4,3,2,5,4,3,7,3,1,0,7,4,3,7,4,2,4,1,5
Gdpd5,1,5,4,12,3,3,10,15,9,7,8,7,8,3,7,2,9,4,9,4,1,10,9,7,9,7,5,10,2,9,9,3,5,6,3,3,1,8,5,6,8,6,3,6,4,7
Gem,8,2,6,9,10,4,6,10,7,9,12,18,9,6,13,8,15,22,6,3,6,25,9,5,6,6,8,3,7,5,3,2,2,3,3,2,4,3,3,3,12,2,5,3,7,3
Gemin2,39,10,28,69,26,46,43,28,45,38,57,44,51,43,55,55,57,62,38,39,19,68,52,34,40,31,17,39,51,46,29,28,38,34,33,39,31,37,43,21,54,49,33,33,28,33
Gemin4,23,18,28,55,38,32,57,37,53,29,55,56,50,43,48,40,52,54,32,38,6,74,50,33,36,26,43,36,50,51,34,31,37,28,46,37,27,54,53,25,51,26,44,27,31,29
Gemin5,10,6,10,18,17,13,12,10,15,11,16,25,7,16,7,12,16,12,12,8,4,29,20,5,11,13,11,10,18,15,10,7,8,6,7,16,9,15,9,10,21,16,15,8,14,13
Gemin6,29,20,31,49,45,38,41,43,49,32,48,52,36,37,51,42,54,70,37,34,16,54,46,19,37,30,32,49,44,35,37,38,38,22,45,32,36,30,48,16,48,30,29,27,28,33
Gemin7,103,55,83,122,78,90,97,87,112,94,116,131,95,98,111,133,115,155,92,97,33,145,107,80,111,109,116,126,143,109,67,82,103,75,130,110,80,89,114,69,119,97,113,81,104,100
Gemin8,7,3,4,11,10,4,6,6,15,3,10,11,6,9,4,8,7,13,4,5,2,12,12,3,4,7,6,6,8,8,17,3,7,5,8,3,4,7,14,4,11,10,7,8,7,10
Get4,21,22,16,43,12,13,26,31,25,27,38,48,27,20,21,43,27,77,25,27,18,57,24,21,32,18,23,23,32,24,25,23,24,28,22,22,27,22,19,19,27,25,33,21,16,16
Gfer,72,48,77,61,56,81,84,66,83,76,93,97,100,72,67,76,78,104,73,77,22,96,125,63,69,81,73,95,83,79,56,59,65,69,79,71,57,76,79,56,115,73,89,54,80,64
Gfm1,195,103,177,319,194,182,258,228,296,208,255,354,272,256,286,293,253,363,240,251,125,420,311,190,246,227,193,272,321,264,228,182,228,166,244,254,256,241,196,138,345,235,204,153,206,200
Gfm2,105,48,106,148,95,135,150,132,144,108,152,161,110,118,130,168,151,159,105,101,36,136,156,105,140,139,97,124,191,157,129,98,160,102,144,135,96,114,178,78,197,136,139,105,131,95
Gfod1,3,2,3,4,7,5,5,8,9,5,8,14,7,5,2,10,10,5,3,9,3,5,7,4,4,7,2,6,7,5,2,8,5,6,8,2,6,8,5,5,5,6,5,1,2,6
Gfod2,24,7,36,32,31,28,30,32,35,15,33,31,23,18,40,28,26,25,21,17,16,21,26,14,23,19,20,33,11,26,17,20,25,14,25,31,9,24,19,11,23,22,20,23,26,34
Gfpt1,45,33,33,62,57,56,48,54,74,59,46,142,42,45,64,61,53,120,58,62,25,80,57,35,31,39,65,64,63,55,64,47,47,41,51,45,33,34,31,25,68,35,35,22,24,35
Gfra1,199,102,227,429,400,279,241,240,697,231,421,513,356,375,326,337,345,330,227,220,129,460,337,150,244,268,313,250,324,333,136,137,232,95,207,139,199,203,233,119,346,216,205,143,165,163
Gfra2,3,4,3,12,15,5,12,14,4,6,7,6,4,2,2,5,1,5,6,3,3,7,6,3,8,2,9,0,3,4,8,3,4,5,1,4,5,5,2,4,7,4,5,4,1,5
Gga1,95,34,81,105,65,78,105,96,99,73,102,133,84,88,106,115,97,107,102,99,20,115,93,74,74,66,92,122,94,87,72,78,69,78,88,89,73,74,100,56,117,96,81,70,78,76
Gga2,7,3,4,13,8,5,7,3,8,8,9,10,4,14,9,13,11,7,9,9,4,13,7,7,7,3,5,16,1,5,7,7,7,3,9,4,6,5,4,4,10,3,5,2,2,4
Gga3,51,41,47,64,46,36,52,51,59,42,64,78,50,44,56,37,54,51,51,38,17,83,46,24,53,47,32,32,47,45,33,34,41,22,44,33,46,40,33,22,51,28,41,35,27,45
Ggact,61,28,38,91,35,48,73,42,64,80,78,86,51,71,88,57,46,32,74,60,15,30,72,48,58,36,70,80,81,87,39,51,53,41,84,50,44,86,52,44,62,85,60,40,52,60
Ggct,46,20,29,45,81,53,58,59,97,54,48,90,63,40,68,48,49,111,53,51,16,74,77,47,79,58,44,68,82,60,88,42,38,50,44,83,65,61,57,41,77,59,49,45,44,52
Ggcx,102,42,102,141,100,95,143,102,164,111,107,137,107,110,122,140,98,115,122,134,46,71,154,72,138,111,114,149,160,129,101,66,102,72,119,85,95,121,99,72,178,129,132,85,95,97
Ggh,51,25,34,65,44,29,48,39,45,54,47,51,47,40,47,47,48,39,49,23,26,60,57,31,46,42,34,43,47,55,28,34,44,21,27,18,22,38,30,18,57,36,37,15,31,27
Ggnbp1,87,38,75,102,44,50,76,60,78,68,99,102,87,59,72,128,90,68,81,68,20,173,44,38,59,68,88,68,83,65,32,38,69,52,53,53,60,52,81,31,108,41,38,51,52,60
Ggnbp2,43,13,22,62,24,46,56,28,84,54,53,58,42,42,66,47,48,47,40,28,12,102,53,33,46,48,35,58,62,63,19,34,49,6,49,41,37,58,37,26,49,54,42,30,45,37
Ggnbp2os,41,24,43,48,43,48,43,50,68,52,76,67,53,48,50,98,76,57,44,39,20,99,60,42,50,42,34,69,73,58,32,37,59,36,52,55,46,41,53,23,58,49,42,42,35,36
Ggps1,6,2,2,6,0,4,1,2,0,2,1,2,3,1,1,3,3,0,2,4,0,2,2,3,4,2,2,1,3,2,1,0,0,1,1,1,2,2,3,4,6,2,3,0,2,1
Ggt6,157,64,132,171,203,140,191,184,415,191,167,290,213,201,187,192,163,183,150,206,69,199,280,154,225,211,189,223,331,210,183,134,195,146,251,198,169,203,206,122,300,228,211,167,189,173
Ggt7,0,0,6,5,2,0,2,2,2,2,2,2,2,0,1,2,0,2,2,0,0,3,2,2,2,1,1,1,5,1,1,0,1,3,0,1,1,3,3,0,2,2,2,1,3,2
Ggta1,9,2,8,5,6,5,15,6,10,6,10,8,7,4,4,8,6,12,8,2,1,4,5,6,9,7,5,3,6,10,12,7,5,7,1,5,5,5,4,4,4,7,9,3,4,7
Ghdc,101,41,79,126,61,75,116,73,114,82,101,120,63,49,87,136,105,129,73,74,33,90,110,47,66,63,68,81,70,99,54,52,60,43,70,49,47,60,60,31,69,46,67,36,36,35
Ghitm,341,126,229,349,233,314,330,288,291,286,380,330,316,299,341,343,357,503,402,332,143,467,425,166,241,254,197,311,434,370,388,235,282,162,323,301,258,280,330,190,381,286,283,193,234,261
Ghr,730,323,631,931,428,868,922,589,1124,929,831,860,1018,940,1169,1009,798,220,894,891,266,333,1305,726,1228,1064,832,1033,1645,1454,429,755,946,468,970,887,837,1098,1113,655,1352,1166,1020,652,764,946
Gid4,56,24,44,72,51,70,57,41,97,76,103,98,68,64,62,75,88,95,72,76,25,89,90,55,50,68,61,75,67,94,38,56,79,33,67,94,82,54,79,61,110,79,59,59,76,72
Gid8,20,10,7,12,18,15,16,9,20,19,23,19,14,13,16,14,16,22,16,19,5,14,17,15,13,24,16,8,20,17,7,15,22,8,13,17,14,16,19,6,17,13,15,7,17,21
Gigyf1,62,30,43,101,34,38,48,32,75,66,72,52,33,45,60,72,52,79,44,52,11,79,47,30,33,68,54,61,62,64,39,39,50,33,49,28,45,35,25,27,63,50,46,35,43,39
Gigyf2,73,34,65,94,25,77,71,25,107,41,61,68,76,72,65,87,88,42,41,37,5,35,94,62,66,61,37,53,93,59,21,36,44,39,82,70,57,79,89,37,83,65,67,63,37,55
Gimap1,16,9,21,26,14,4,17,37,16,13,26,30,19,23,22,29,32,19,17,18,9,36,18,17,19,12,10,21,18,17,30,11,24,20,19,21,11,20,14,11,22,14,20,11,18,18
Gimap3,6,5,11,11,6,1,12,13,5,5,13,9,7,5,11,7,7,13,7,6,5,18,5,3,9,5,8,8,11,7,27,1,1,7,1,4,14,7,1,3,2,7,4,2,7,4
Gimap4,18,7,20,19,9,8,26,24,26,17,13,24,12,14,14,21,23,23,17,13,7,19,14,6,13,21,15,11,25,23,28,11,9,12,12,13,14,15,14,10,10,6,11,12,12,25
Gimap5,9,4,4,11,5,2,7,6,6,7,2,5,5,4,8,10,9,3,3,5,2,9,10,5,3,4,5,2,6,5,9,5,4,4,2,4,7,6,5,3,3,6,7,3,3,1
Gimap6,22,8,33,30,12,21,48,32,36,29,44,29,36,27,38,38,34,40,23,28,9,48,36,7,34,20,17,30,52,45,46,19,22,29,26,25,13,33,27,14,21,20,19,18,23,38
Gimap7,1,1,3,6,1,2,7,1,0,1,5,5,3,1,5,1,3,1,1,2,3,9,2,1,2,3,2,0,3,2,10,8,1,2,0,2,0,0,0,0,1,4,2,0,0,2
Gimap8,6,3,3,8,9,3,10,4,9,5,12,8,4,3,9,7,6,14,5,5,3,5,7,3,1,3,1,5,2,10,3,0,3,1,1,2,4,5,2,2,1,2,4,2,3,4
Gimap9,44,22,53,57,46,29,28,28,39,40,40,60,46,41,40,35,26,32,39,24,7,42,37,19,24,22,42,24,35,31,29,19,45,18,42,17,18,14,14,13,41,21,24,13,20,26
Gin1,28,20,26,49,36,17,30,37,47,24,40,40,46,30,28,45,32,45,32,25,15,62,42,16,27,29,28,25,30,33,20,19,34,13,22,33,31,33,28,16,37,23,20,15,17,28
Ginm1,116,54,101,182,90,160,139,110,217,145,118,184,146,134,160,167,140,121,104,115,37,155,188,112,136,139,111,137,158,138,86,111,110,66,117,131,94,124,145,85,178,147,145,100,104,96
Gins1,16,3,17,16,21,16,15,19,23,14,9,24,12,15,16,16,12,44,16,19,5,26,20,5,24,15,17,24,27,22,19,14,20,10,10,17,24,24,13,5,29,19,26,13,8,14
Gins2,2,0,4,17,7,5,15,19,5,3,4,5,3,2,9,1,6,60,5,5,5,18,5,6,10,6,4,9,16,11,19,16,8,23,8,11,13,7,7,2,4,3,10,7,5,8
Gins3,2,1,3,6,5,1,2,8,2,3,6,5,5,2,5,2,1,6,6,3,1,12,3,1,6,4,3,3,4,5,5,1,1,5,3,4,1,6,2,2,6,4,2,3,1,2
Gins4,74,35,69,97,52,60,93,83,86,74,88,66,80,67,91,100,101,93,65,71,24,97,101,65,81,88,74,76,104,106,72,59,89,61,98,80,63,69,91,48,86,79,92,59,66,86
Gipc1,32,15,29,54,44,41,58,39,57,34,38,73,52,30,31,59,67,113,44,47,9,96,43,28,49,41,39,46,52,42,50,40,40,37,44,40,36,33,34,16,57,33,43,30,26,32
Gipc2,6,1,3,5,16,3,7,7,12,1,3,9,4,2,1,3,3,27,1,4,2,4,5,1,1,7,1,2,0,4,4,1,2,2,2,3,0,4,1,3,5,1,0,1,2,3
Git1,51,25,42,73,46,45,67,56,53,52,70,58,66,50,47,66,77,72,67,48,7,82,53,42,45,41,49,60,63,60,56,35,39,47,63,46,39,53,54,23,65,33,51,26,46,45
Git2,23,8,29,36,23,31,33,14,42,10,38,36,15,17,27,22,22,31,15,20,7,22,32,17,37,12,27,19,43,31,18,8,20,13,15,27,8,19,16,8,20,15,12,20,23,13
Gja1,2,1,4,4,1,2,2,2,3,6,0,5,6,1,7,4,3,6,3,4,1,8,1,3,0,4,3,4,3,3,3,1,1,1,3,5,1,3,3,0,3,2,0,2,2,4
Gja4,27,11,22,28,35,24,23,20,48,32,33,20,30,14,28,34,34,41,17,26,5,36,45,28,26,25,33,13,15,34,74,19,32,25,32,15,9,22,20,12,34,15,19,19,18,14
Gjb1,2671,1489,2480,4048,1712,2821,3707,3019,3671,3049,3606,4258,2452,2466,3314,3550,3065,2343,3225,2783,779,1888,2887,2453,3501,2671,3363,3401,4150,3433,2043,2437,3127,2410,3233,2619,2631,3385,3438,2148,4211,3247,3033,2260,2818,2571
Gjb2,1353,606,1510,1819,1936,1965,1376,1320,2672,1200,1922,2226,1255,1216,1585,1832,2187,1621,1388,1583,728,1723,1557,976,1489,1413,1600,1500,1870,1882,1303,1078,1501,946,1892,1387,1429,1201,1418,801,2391,1459,1541,1016,1259,1275
Gjc2,13,2,3,14,4,4,7,6,6,4,7,9,11,2,11,5,9,8,6,3,1,18,6,4,4,8,2,5,7,6,5,5,4,4,4,3,4,10,6,2,5,3,4,5,4,3
Gjc3,7,1,2,6,7,5,0,2,6,5,5,5,6,7,7,7,3,7,8,3,2,7,0,3,1,7,3,2,5,5,2,6,4,0,3,1,2,2,1,1,2,6,5,0,4,2
Gkap1,67,56,78,114,98,82,76,74,90,62,85,89,83,83,105,85,130,128,106,66,40,171,60,46,62,79,55,59,87,74,55,50,67,43,68,55,50,50,59,29,69,57,58,50,52,64
Gla,12,2,7,9,13,6,10,5,5,3,11,9,11,15,7,14,11,13,5,9,1,10,10,1,9,7,7,9,3,14,8,3,18,5,6,6,9,5,3,3,10,8,2,12,8,3
Glb1,57,31,58,95,68,63,90,95,116,71,77,79,81,82,87,100,73,53,72,73,19,65,89,65,87,74,69,92,106,85,53,43,73,58,70,66,68,66,69,51,105,62,88,51,58,65
Glb1l,3,4,3,4,5,8,2,5,9,1,5,3,5,3,9,5,8,9,6,2,5,11,3,3,3,4,2,8,2,3,4,0,3,1,5,4,1,1,3,4,2,4,1,3,1,1
Glcci1,21,7,30,36,26,31,11,31,24,34,30,23,21,23,37,29,33,34,27,21,11,47,26,23,25,22,35,16,26,29,25,18,25,13,21,13,21,16,28,14,44,22,16,15,15,14
Glce,52,26,46,94,41,47,46,54,88,75,63,89,66,44,62,95,70,86,51,38,21,81,59,43,59,62,55,47,68,58,33,38,52,39,62,46,49,51,52,38,64,36,44,41,36,46
Gldc,72,18,62,60,62,93,73,35,263,195,74,243,108,135,130,80,79,235,72,78,19,258,127,45,110,109,120,95,181,66,76,97,129,112,99,91,83,96,79,62,202,119,83,46,78,95
Gle1,110,34,78,106,74,85,108,80,125,94,120,132,104,83,121,128,118,139,70,80,24,130,149,81,92,97,91,120,123,119,97,84,110,100,93,97,72,84,102,58,125,75,114,75,88,89
Glg1,250,120,148,300,209,165,259,206,214,156,251,257,139,95,181,247,217,325,162,170,74,288,174,111,144,180,164,162,202,185,203,128,123,156,133,86,106,144,109,57,210,80,95,100,91,79
Gli3,0,2,1,6,0,0,2,1,3,1,0,0,3,1,1,1,4,3,2,2,4,4,1,0,2,1,1,1,2,5,0,1,2,0,0,0,2,1,2,2,3,1,0,0,0,2
Glipr1,1,4,4,6,4,2,7,6,4,2,4,5,4,2,4,2,5,10,3,1,2,5,6,1,5,0,0,3,6,3,10,5,2,0,1,2,2,2,5,1,2,0,1,0,1,2
Glipr2,13,3,2,18,8,8,13,14,7,4,16,3,19,5,9,7,13,21,10,5,10,15,11,4,5,8,2,9,14,9,82,6,10,10,3,8,10,12,8,4,9,7,11,2,6,5
Glis2,8,11,10,18,12,13,18,22,12,14,15,11,20,6,16,11,12,23,13,12,8,18,23,4,12,14,9,17,11,12,10,12,9,16,3,12,11,8,10,2,11,7,11,5,6,14
Glis3,2,0,2,3,3,1,6,0,2,6,3,5,6,1,1,2,2,6,2,3,0,4,0,1,2,2,0,0,0,1,0,1,2,2,0,0,2,4,0,0,5,7,0,3,1,3
Glmn,1,2,6,15,14,7,16,7,14,11,8,10,6,8,10,10,14,16,6,6,2,14,9,4,13,5,5,7,10,9,5,8,8,3,5,7,6,5,1,12,8,6,5,9,4,7
Glmp,400,198,435,627,458,482,539,474,663,445,675,618,436,461,550,574,598,656,518,407,155,662,528,342,546,476,456,510,590,554,473,332,431,318,472,391,356,461,431,296,648,484,448,306,372,363
Glo1,1479,587,1174,1614,966,1255,1308,1171,1468,1655,1627,1606,1658,1414,1702,1972,1676,829,1571,1304,539,1262,1767,899,1349,1400,1374,1607,1528,1745,1059,1116,1828,1029,1735,1697,1278,1442,1773,1074,2180,1728,1563,1245,1430,1618
Glod4,57,19,71,73,59,52,96,66,70,56,81,84,52,49,70,59,69,73,69,63,21,54,70,46,48,57,47,86,84,76,54,50,74,41,58,35,43,49,65,34,77,58,42,60,32,45
Glrx,162,82,160,256,201,155,220,228,372,218,246,319,342,327,320,253,284,365,189,180,78,476,249,138,209,250,171,221,251,217,247,159,201,116,211,183,147,232,207,149,273,218,196,142,147,169
Glrx2,49,29,47,75,25,65,64,30,83,55,77,63,65,40,67,72,64,54,53,49,17,52,65,38,52,53,54,48,40,65,37,38,40,29,48,54,41,57,49,41,66,49,40,35,54,45
Glrx3,88,35,57,139,109,82,112,87,141,124,102,115,112,91,136,96,130,157,83,113,42,154,154,64,105,93,79,109,147,180,92,81,106,51,97,91,136,107,85,53,127,85,122,65,96,125
Glrx5,885,427,778,1112,665,921,1128,950,1250,826,997,1065,951,1130,1140,1366,1365,1209,972,1000,410,1094,1492,949,1142,1132,807,1227,1409,1377,1218,855,993,835,1236,1290,864,1116,1201,850,1624,1496,1291,878,1084,1235
Gls,6,7,2,9,12,6,5,6,17,4,9,11,13,6,4,7,8,33,6,9,3,26,9,3,2,8,3,7,10,4,7,0,4,5,9,3,5,9,2,2,7,5,3,0,7,7
Gls2,964,516,1072,1416,841,1155,1234,1255,2032,1175,922,1378,1411,1547,1295,1236,755,926,846,859,269,1496,1758,1446,1758,1308,1158,1308,2816,1327,685,982,1018,1049,1311,1433,1583,1127,1250,982,1878,1520,1253,816,1095,1169
Glt1d1,1,2,2,4,3,5,4,4,2,3,2,5,3,11,4,9,4,7,9,2,6,7,3,9,4,3,3,1,9,3,7,1,3,4,1,3,8,6,4,2,9,6,5,3,6,1
Glt28d2,12,4,10,25,13,7,23,16,25,14,15,6,17,17,11,24,10,16,13,12,4,10,14,14,14,8,10,11,16,6,5,9,11,7,11,12,5,8,9,5,17,7,10,6,7,8
Glt8d1,9,11,11,30,13,22,20,13,24,17,11,62,7,15,21,23,22,30,24,21,6,23,17,14,20,19,14,29,32,23,14,13,17,5,8,10,17,19,17,9,26,11,14,11,12,23
Gltp,28,12,43,61,33,20,45,51,18,34,52,52,38,24,44,35,23,77,37,20,9,88,33,16,48,30,40,30,46,44,81,16,23,41,11,21,13,22,26,19,26,26,30,17,24,25
Gltpd2,704,329,705,835,745,799,757,782,1200,704,909,1112,718,669,773,886,814,474,608,771,307,655,813,536,890,754,714,784,965,878,790,546,773,475,814,740,575,794,795,526,1168,809,737,608,673,612
Gltscr1l,43,16,28,59,43,60,59,39,57,41,63,61,44,35,43,62,78,62,60,39,19,54,44,36,61,28,36,63,68,45,37,25,46,33,37,29,41,45,40,35,67,46,38,39,24,32
Gltscr2,394,195,350,476,243,305,381,395,518,391,461,473,407,357,402,549,531,498,439,357,95,641,419,250,336,295,353,399,480,365,328,258,308,270,341,312,286,340,349,251,406,326,373,232,295,303
Glud1,3380,1804,2901,4572,2823,3135,3511,3053,5086,3775,4305,4771,4099,3527,4272,4289,4007,3729,4093,3604,1676,4116,3640,2314,3198,3641,3811,3986,4771,4533,3856,3088,4009,2693,3488,3067,2699,3453,4347,1771,5137,3842,3286,3043,3194,2909
Glul,327,114,274,407,237,384,350,265,343,286,275,321,246,302,358,412,451,114,364,344,132,123,374,150,283,198,288,304,216,389,252,153,179,134,215,99,72,297,318,113,311,293,184,105,128,155
Glyat,1645,732,1492,2205,974,1563,1899,1499,1437,1560,2030,1351,1401,1660,1879,2277,2171,1147,1806,1658,586,990,1886,969,1662,1555,1423,1777,1627,2057,1334,1299,1597,944,1847,1541,1313,1643,1798,1078,2014,1933,1551,1203,1516,1469
Glyctk,794,471,870,1075,745,934,981,833,1090,762,1181,1390,869,910,989,936,873,945,825,863,311,869,1179,816,930,970,824,990,1208,984,687,784,976,726,989,863,791,906,1033,610,1332,1006,948,858,877,842
Glyr1,254,136,229,296,225,253,336,263,416,267,348,361,287,293,312,350,358,369,261,266,125,392,366,222,266,277,259,316,338,299,259,239,277,203,270,265,240,288,294,153,421,262,236,214,243,232
Gm10033,33,8,18,33,9,12,17,8,9,18,17,43,22,13,12,19,18,22,19,15,5,19,15,5,17,16,15,16,19,14,11,17,6,15,10,8,11,5,8,6,20,12,15,2,10,10
Gm10069,2,0,2,2,4,1,1,4,2,3,0,1,1,0,1,5,4,1,1,4,0,4,1,2,2,3,0,0,1,2,6,1,2,3,2,1,3,0,2,5,5,2,3,1,1,1
Gm10094,94,44,110,157,62,113,127,124,150,95,116,161,123,107,114,175,118,167,86,101,4,152,143,89,119,107,119,138,161,108,109,88,121,98,137,130,90,110,117,83,178,111,114,70,98,111
Gm10336,8,4,9,13,8,4,9,18,13,9,13,11,8,6,4,11,8,8,6,6,1,13,12,6,5,9,14,3,15,11,6,9,9,1,11,13,6,7,10,2,14,3,11,4,1,8
Gm10364,3,2,3,1,2,4,0,4,5,2,3,4,2,4,2,1,3,5,0,1,0,1,9,1,4,3,0,6,6,1,4,1,1,1,4,2,2,1,1,3,3,3,4,4,4,4
Gm10433,1,0,2,3,3,4,1,4,5,1,0,2,1,3,0,3,3,1,1,2,1,2,3,0,2,4,2,2,2,6,1,2,1,1,1,1,3,5,4,0,5,2,4,2,1,1
Gm10516,3,1,6,2,1,0,6,0,3,1,1,3,3,4,1,6,5,4,2,2,0,4,5,1,7,3,2,5,2,4,1,1,1,1,3,0,2,4,0,1,4,2,2,4,4,3
Gm10639,0,0,0,1,0,0,2,0,2,1,1,0,2,0,1,0,0,14,2,0,0,8,0,2,0,2,0,1,1,0,10,0,0,0,0,0,0,0,0,1,2,2,0,0,1,0
Gm10658,31,23,35,32,26,40,35,30,37,40,47,36,36,43,43,41,31,17,29,32,12,37,40,23,39,34,38,26,35,29,14,29,37,25,36,32,28,29,38,18,50,26,22,24,25,23
Gm10767,1,0,3,3,1,1,2,2,1,1,1,1,5,2,4,2,0,2,0,3,2,2,4,0,4,2,0,3,2,1,1,2,2,1,1,0,5,2,3,1,6,4,0,2,3,2
Gm10768,552,240,476,926,404,553,563,492,550,714,706,633,564,536,641,891,807,801,782,535,253,897,563,423,464,617,477,648,808,642,691,493,653,468,541,465,442,495,496,340,936,520,446,338,410,483
Gm10804,1,0,1,14,1,0,0,1,0,3,6,1,6,0,5,10,5,14,1,0,0,74,0,0,2,1,1,3,8,8,0,0,0,0,0,0,0,0,2,0,1,0,1,0,1,2
Gm10865,7,3,2,4,1,3,6,2,2,0,6,1,2,11,1,7,1,6,6,1,0,9,2,3,5,1,2,3,3,2,4,1,4,0,3,5,3,0,5,0,7,4,3,0,3,3
Gm10872,10,1,7,17,7,5,14,12,11,9,18,7,8,11,8,9,15,11,6,15,8,8,13,15,8,15,9,17,13,23,55,16,21,17,17,16,12,13,8,11,29,20,9,9,17,12
Gm11128,8,4,5,14,9,12,13,13,1,4,14,4,10,10,8,4,9,0,20,8,5,0,26,10,11,18,2,22,9,4,16,10,17,6,13,17,13,13,12,16,24,15,15,8,7,7
Gm11346,0,1,0,2,3,1,3,7,0,0,3,1,0,2,2,0,2,2,2,0,0,7,0,0,1,0,0,0,3,0,1,0,0,0,0,1,1,1,0,3,0,2,4,2,0,0
Gm11423,7,5,4,8,4,4,9,5,8,4,17,10,10,9,11,7,5,8,13,7,1,9,4,6,4,6,5,6,10,11,8,4,4,2,6,1,2,6,9,2,10,4,8,4,6,4
Gm11437,13,5,6,10,10,5,20,8,14,3,4,15,17,12,9,3,5,4,5,6,1,8,14,10,8,12,10,8,14,6,7,5,7,4,8,7,10,9,7,6,9,10,14,4,8,5
Gm11517,2,0,1,6,2,4,3,3,3,4,5,6,3,0,3,8,3,2,2,0,0,13,4,1,5,0,1,2,6,3,1,1,7,1,2,4,1,2,4,1,4,4,5,2,3,3
Gm11696,0,1,0,4,1,3,3,0,2,2,9,1,0,1,2,2,0,3,2,1,1,5,3,2,3,0,0,3,1,1,7,1,0,0,1,3,3,1,0,1,3,1,0,3,0,2
Gm11837,33,18,26,32,32,22,36,28,38,37,29,42,36,35,38,38,71,39,35,25,12,51,29,12,35,25,25,33,40,33,17,28,42,16,39,32,41,19,35,21,38,19,38,16,27,31
Gm11974,10,2,17,27,8,16,20,8,12,11,29,34,9,12,22,11,21,64,11,13,6,53,26,11,19,9,15,14,12,19,17,13,10,10,11,5,8,8,12,4,16,5,13,15,4,8
Gm11992,5,1,4,5,1,2,6,4,2,3,8,1,4,2,6,0,7,1,0,4,0,5,7,4,1,0,3,3,6,4,2,0,7,1,5,4,2,4,5,0,4,4,6,4,2,1
Gm12060,5,2,2,5,6,4,1,3,3,4,7,7,2,2,3,3,3,4,2,4,3,4,5,4,5,3,1,1,9,2,3,1,3,3,1,2,3,1,0,2,1,0,1,1,0,3
Gm12070,3,0,0,3,5,3,3,3,3,3,2,3,6,3,2,2,5,6,2,2,1,3,5,2,4,6,1,4,5,3,4,1,3,1,2,2,2,1,3,1,3,5,3,0,7,6
Gm12216,9,3,6,17,15,8,10,11,14,8,21,7,13,1,11,21,9,9,9,10,1,12,9,4,3,10,6,7,14,8,26,11,6,17,5,8,9,14,9,5,10,5,9,4,7,6
Gm12250,6,4,7,23,14,4,15,7,10,8,11,17,15,5,26,9,10,7,2,5,8,3,10,0,8,4,9,8,12,9,129,6,4,13,0,2,4,12,6,0,6,8,5,2,6,5
Gm12338,30,18,16,39,19,20,32,31,33,25,49,39,22,28,32,48,35,36,26,34,9,23,24,21,27,34,16,24,28,36,23,29,41,22,25,27,27,32,35,23,44,30,27,24,25,23
Gm12504,2,0,2,1,3,0,1,1,1,3,6,1,2,3,2,0,0,6,1,1,0,2,0,0,0,1,1,0,1,1,3,1,0,0,1,0,1,1,1,1,1,1,0,1,2,0
Gm12657,1,1,1,0,2,1,1,10,1,1,1,0,0,2,0,1,3,3,1,1,1,2,0,1,0,0,2,0,1,0,1,1,0,3,1,1,0,1,3,2,1,3,1,1,1,1
Gm12669,2,3,1,4,4,0,1,1,1,3,5,4,0,2,2,1,0,1,1,3,2,3,0,1,0,2,3,4,2,0,6,1,0,1,3,2,3,0,2,2,3,1,0,2,2,2
Gm12718,2,0,0,1,0,1,0,0,1,1,0,0,0,0,1,1,0,0,0,1,0,0,4,3,7,2,0,2,0,1,3,0,3,0,1,3,10,0,4,1,11,9,1,2,1,1
Gm12942,42,20,37,62,21,33,50,47,54,50,46,48,51,49,72,61,60,57,44,48,13,27,65,41,45,34,39,54,69,47,56,22,49,38,42,48,40,44,42,27,60,56,58,18,42,50
Gm13152,7,6,5,10,3,6,14,6,8,7,7,2,13,4,12,9,12,4,7,7,3,2,16,7,8,9,5,6,9,5,12,9,10,9,8,14,5,11,11,7,12,10,10,2,11,8
Gm13483,5,7,1,2,1,0,2,3,3,2,4,2,0,2,3,4,2,1,3,1,0,2,2,1,2,1,1,1,1,2,0,0,2,0,2,0,2,3,0,0,2,0,1,0,1,0
Gm13710,0,0,0,0,2,0,1,6,3,3,0,0,0,0,0,0,2,6,2,3,0,4,2,0,0,2,1,5,1,3,1,3,3,0,2,0,3,1,2,3,1,0,1,6,2,0
Gm13889,39,18,31,48,33,32,56,53,31,31,45,47,45,33,35,34,53,124,33,32,13,97,47,23,34,36,22,41,35,42,47,24,26,38,28,29,35,37,46,16,43,15,30,23,31,30
Gm14005,2,3,4,8,2,3,3,1,4,0,8,3,7,3,4,3,1,6,5,0,5,9,1,3,6,2,4,2,6,5,8,2,5,4,1,4,2,7,1,1,4,0,6,1,7,5
Gm14325,11,7,15,9,15,11,19,15,20,8,19,15,14,11,10,13,19,12,10,5,2,14,18,17,16,10,15,12,18,12,14,5,11,8,6,9,12,11,18,10,15,15,20,17,11,13
Gm14403,42,22,51,50,46,35,66,60,81,51,54,52,52,28,60,57,41,43,31,56,25,42,79,52,71,63,66,92,71,115,33,36,60,38,38,46,40,56,68,27,85,69,80,41,66,63
Gm14420,62,48,85,82,54,30,104,53,92,49,100,97,76,59,67,73,47,65,44,65,13,68,120,88,100,84,89,83,58,112,66,52,89,59,55,40,63,63,95,45,76,48,101,35,75,61
Gm15401,3,1,3,0,1,2,5,0,1,2,2,2,0,3,0,2,0,1,1,0,1,2,6,3,3,1,2,1,4,3,2,3,4,2,4,3,4,3,3,1,3,4,2,3,4,4
Gm15408,19,6,13,36,27,18,36,22,13,16,20,16,30,19,20,22,24,11,6,13,5,15,40,21,23,21,13,19,18,23,18,14,13,15,24,21,22,32,20,17,31,19,30,17,23,32
Gm15417,65,37,65,91,49,89,85,73,75,71,93,103,87,64,82,86,108,137,78,87,34,159,100,51,74,59,64,62,96,72,67,45,93,48,83,80,45,67,74,70,88,64,70,73,45,44
Gm15421,2,1,6,0,3,1,1,3,2,1,6,1,1,0,2,4,2,0,3,2,0,3,2,2,0,0,0,0,5,1,4,2,2,0,2,1,0,2,0,1,1,3,1,0,2,1
Gm15441,2,4,3,5,0,1,0,2,0,1,2,0,2,0,0,7,13,5,1,0,1,3,1,0,2,1,0,0,0,2,0,0,1,1,1,3,1,1,0,0,1,0,0,0,1,1
Gm15545,0,1,2,3,2,2,3,2,2,10,5,1,1,2,2,5,4,1,1,3,2,7,5,0,3,6,4,2,9,9,2,2,3,3,1,3,4,2,5,3,2,2,3,4,1,1
Gm15694,5,3,6,7,5,3,5,3,2,5,5,7,4,5,4,5,3,6,5,2,1,14,8,0,6,4,5,3,3,5,7,4,3,2,7,5,1,4,5,1,3,4,4,2,5,5
Gm15706,5,1,3,1,5,7,4,3,5,3,4,1,5,2,2,8,8,11,1,5,2,13,6,3,5,2,4,1,6,1,5,3,3,0,6,1,10,1,2,1,3,3,7,5,4,4
Gm15800,64,23,60,100,71,44,71,62,73,66,90,60,70,46,74,85,65,57,69,61,34,75,79,53,62,62,51,65,66,71,50,41,87,36,52,46,40,70,71,34,91,60,56,40,38,49
Gm15972,2,0,0,1,0,0,2,3,2,2,2,2,4,0,3,4,3,6,1,3,1,1,1,0,1,0,0,1,1,2,1,1,2,0,0,1,1,2,2,1,2,1,1,2,0,0
Gm16062,8,1,6,2,1,3,4,3,2,5,2,3,3,3,3,5,2,3,8,2,1,3,4,0,5,1,2,2,1,2,2,2,5,1,4,3,2,1,2,0,2,0,3,0,2,1
Gm16063,1,0,2,0,2,0,1,3,10,2,1,0,1,1,0,1,1,0,3,5,1,0,3,1,4,1,4,1,1,3,1,1,2,0,3,1,1,0,2,1,4,0,0,0,1,1
Gm16157,48,23,53,94,41,64,81,54,110,65,76,70,92,87,85,76,80,62,51,59,35,79,79,55,77,62,44,77,134,99,60,52,74,47,79,65,80,71,84,42,92,80,71,67,73,65
Gm16548,51,19,42,84,56,61,62,55,78,56,79,58,52,55,72,81,68,35,52,37,18,51,60,35,87,70,85,77,108,99,29,34,68,27,62,55,73,53,97,42,106,62,64,68,72,63
Gm16551,42,26,25,38,37,22,75,37,12,25,47,25,15,7,15,26,32,8,27,27,14,7,61,19,73,37,58,46,22,44,7,23,40,16,25,30,25,44,30,25,73,36,37,28,32,24
Gm1673,4,0,2,8,1,2,5,1,2,5,4,2,1,2,2,7,4,2,4,4,1,3,3,1,3,6,2,7,2,3,2,1,6,2,0,1,4,2,1,1,5,2,1,2,4,2
Gm16740,18,3,11,18,6,10,18,9,10,8,16,12,13,16,19,15,15,14,7,14,1,19,8,7,10,12,6,14,17,18,6,11,15,7,8,15,19,12,16,5,21,8,11,6,18,11
Gm16793,4,0,6,5,8,2,12,2,17,0,7,8,6,4,6,5,2,0,4,6,3,2,7,3,3,7,5,2,3,5,3,5,5,5,2,2,3,6,6,2,10,3,2,3,2,1
Gm16845,4,7,10,11,4,4,4,5,12,7,7,11,2,10,8,11,7,12,6,8,4,17,11,5,6,5,6,7,9,11,6,4,5,5,5,12,3,6,3,4,2,4,4,5,5,8
Gm16861,0,1,4,5,1,0,1,1,0,1,2,7,0,1,2,1,2,0,1,0,1,0,5,1,1,3,1,1,7,1,3,1,2,1,3,2,2,4,1,4,1,1,0,2,4,1
Gm16973,7,0,5,12,4,4,13,4,1,6,5,11,5,4,8,9,2,8,6,6,3,11,4,1,5,3,7,4,7,11,2,4,3,5,3,2,5,8,4,4,2,3,7,1,6,2
Gm16998,1,1,2,2,0,3,1,1,4,3,2,1,2,3,1,3,4,2,2,1,1,5,1,2,4,2,2,6,2,1,0,2,0,1,2,4,3,2,1,0,2,1,1,2,2,3
Gm17746,1,0,3,4,7,0,3,7,2,3,5,4,0,1,1,0,6,1,0,2,3,0,1,0,2,1,6,0,4,0,4,0,2,2,0,1,1,1,1,4,1,1,2,0,3,0
Gm1821,0,0,0,4,4,0,1,1,0,1,7,0,0,2,0,0,4,0,2,0,0,10,1,0,0,1,0,1,3,3,0,1,0,1,3,1,0,1,2,2,2,1,0,1,0,0
Gm1943,1,3,6,4,9,6,11,5,2,3,8,0,3,3,4,11,2,1,4,3,7,20,6,3,7,1,12,4,6,3,6,2,7,5,5,1,6,1,2,3,5,2,4,5,6,1
Gm19522,6,2,5,8,4,6,7,2,7,5,2,8,4,1,4,3,4,0,10,4,3,4,9,10,10,8,5,6,11,6,2,5,11,1,6,7,11,5,5,3,8,9,6,4,7,7
Gm19705,7,2,4,22,24,4,17,9,12,5,6,15,4,2,7,4,8,56,4,4,5,26,11,2,7,14,7,5,8,7,9,5,5,4,5,4,5,11,6,7,12,7,4,4,3,2
Gm1976,0,0,0,6,0,0,2,1,1,3,0,2,0,0,0,2,1,3,1,1,0,3,0,0,0,2,1,0,0,1,0,1,0,2,1,1,0,0,0,1,0,1,2,0,1,0
Gm20257,8,7,13,7,6,6,8,7,10,8,18,30,13,2,13,5,3,10,9,12,2,11,8,9,10,4,10,6,5,12,9,7,5,10,5,10,4,9,4,3,12,5,4,8,6,7
Gm20300,56,21,36,78,50,45,41,29,75,57,74,58,66,53,66,66,93,43,57,43,28,59,63,38,48,65,33,48,62,76,41,44,67,25,56,62,43,39,47,24,75,58,40,40,37,57
Gm20319,4,1,7,5,8,9,5,4,9,4,5,4,9,8,7,5,9,4,4,4,2,5,5,7,4,9,6,7,6,4,7,6,9,2,7,8,2,7,11,0,15,3,3,0,4,4
Gm20324,3,5,6,10,9,8,9,9,9,10,6,11,12,5,11,11,10,7,9,9,5,27,4,5,11,8,8,5,5,10,7,4,9,2,9,2,4,3,7,7,12,3,6,4,7,8
Gm20337,5,3,4,4,6,5,10,2,5,9,3,12,8,10,10,9,7,8,2,5,2,12,14,5,9,6,5,14,12,4,2,7,4,3,13,7,6,3,10,6,14,7,9,7,4,2
Gm2061,8,4,11,10,13,9,17,8,8,6,12,10,6,7,12,5,6,2,2,4,1,5,12,9,10,17,8,7,6,12,6,15,13,1,7,9,9,9,8,7,12,14,12,10,10,5
Gm2083,5,2,3,1,2,4,11,4,1,6,3,3,2,5,1,2,2,0,2,6,1,0,8,1,3,1,1,4,1,1,1,2,2,1,3,1,0,2,0,0,0,1,2,1,0,0
Gm2848,4,2,1,3,1,2,3,0,0,0,4,1,2,0,3,2,2,3,0,0,2,3,1,1,4,3,2,0,1,2,11,2,0,2,1,0,0,1,1,0,0,1,0,1,0,0
Gm29766,25,29,27,55,30,42,57,49,48,44,54,43,53,34,46,44,43,48,19,26,18,46,50,34,41,41,42,45,40,43,28,21,31,21,23,27,19,36,36,21,55,44,31,35,32,32
Gm30505,4,2,6,2,5,4,7,6,2,7,12,13,3,3,9,11,7,21,7,5,1,32,4,1,3,4,2,9,4,5,2,0,5,3,4,2,2,3,5,2,2,2,9,3,2,7
Gm3219,69,48,61,88,42,82,49,62,88,88,76,110,77,61,80,93,79,52,64,73,47,101,72,94,74,79,83,88,132,92,58,45,85,52,64,44,53,50,61,61,109,75,70,64,59,58
Gm3258,9,4,2,1,8,2,15,11,12,11,19,0,7,2,5,6,0,9,10,7,3,11,8,8,15,4,13,3,18,9,7,7,13,7,13,13,3,14,8,8,3,11,8,3,9,3
Gm3435,11,2,6,13,13,11,10,9,17,8,15,12,12,13,14,21,14,17,12,11,9,16,14,12,12,7,14,7,11,16,11,8,14,12,9,16,3,7,9,6,14,19,6,9,6,15
Gm35612,2,1,2,2,4,0,2,4,1,2,6,2,1,1,2,2,4,2,7,2,3,7,4,2,1,0,3,2,3,5,3,3,0,1,2,2,1,2,1,1,0,4,1,1,1,2
Gm3704,22,7,13,46,6,27,21,15,22,15,36,12,18,14,22,32,19,17,20,18,5,13,18,18,19,13,20,38,57,43,10,16,28,13,19,15,20,19,24,15,36,21,21,9,12,24
Gm3776,4,3,5,8,1,0,1,12,1,0,3,1,0,4,5,1,8,263,2,4,5,147,2,6,1,1,1,2,14,0,159,3,6,11,2,3,10,2,1,3,1,5,4,2,3,3
Gm38416,6,0,1,1,6,2,6,13,1,3,10,6,2,0,3,6,1,7,2,3,0,2,2,2,7,4,4,1,1,11,2,2,1,1,3,6,5,5,4,5,5,15,4,2,1,2
Gm38426,108,44,55,94,95,52,91,69,64,74,113,130,44,63,76,140,117,124,84,71,31,146,107,46,64,76,86,77,59,58,89,75,69,52,77,94,86,68,66,37,86,51,78,63,50,65
Gm4013,57,38,64,87,54,83,62,49,86,75,97,87,98,76,71,90,78,27,75,67,22,66,83,46,69,62,52,87,74,68,51,52,94,50,78,79,77,62,71,49,102,91,72,74,65,65
Gm4285,20,9,8,20,7,10,14,5,22,20,21,34,14,7,13,15,25,15,11,21,5,30,18,7,17,15,11,15,18,17,8,9,12,7,10,12,11,9,10,4,11,9,12,13,10,16
Gm4532,5,3,5,18,6,10,4,16,6,13,15,16,5,5,8,10,7,11,8,9,1,18,12,3,9,10,8,9,8,5,9,12,1,8,2,7,6,8,10,10,11,4,6,5,4,5
Gm4737,7,5,9,8,4,6,6,8,10,8,5,8,38,9,10,8,7,7,6,11,1,15,9,10,5,8,5,8,20,9,5,10,14,6,4,10,4,7,10,4,2,10,4,6,20,6
Gm4788,13,2,9,10,5,6,9,5,8,6,13,10,10,12,13,8,4,4,9,8,0,7,7,5,6,2,13,10,10,4,4,1,6,6,5,3,1,4,11,4,5,12,8,1,4,3
Gm4841,5,5,3,36,12,2,12,24,1,3,12,0,5,1,21,6,9,10,7,7,13,14,14,6,7,9,4,14,13,10,551,9,10,19,5,2,9,34,3,3,1,4,5,1,3,10
Gm4951,32,12,20,35,37,22,31,19,30,19,25,35,23,28,33,23,41,23,36,22,11,19,38,10,25,19,33,49,41,21,25,17,26,12,26,17,21,24,24,11,21,24,24,14,19,14
Gm4952,120,66,125,222,56,154,141,93,89,130,187,92,92,123,141,290,409,137,193,139,57,194,180,98,68,108,115,173,177,235,41,124,145,69,164,167,122,167,192,89,140,161,186,123,164,201
Gm4956,37,8,26,17,20,76,65,28,22,32,36,53,77,65,32,13,15,13,60,59,16,19,125,65,105,67,48,34,134,91,53,50,63,26,28,40,76,39,76,53,91,39,27,28,45,58
Gm4980,50,22,35,38,40,34,41,40,65,38,65,51,60,42,47,74,69,43,42,44,13,52,71,35,43,53,34,51,27,56,30,20,43,35,42,28,23,41,38,22,47,42,33,17,27,51
Gm5069,2,0,2,7,1,0,5,0,1,2,3,2,4,2,4,2,2,1,2,3,1,3,3,0,4,2,2,5,1,3,4,4,0,5,4,7,2,1,2,2,3,5,1,3,5,2
Gm5113,9,11,7,11,5,8,6,8,4,4,5,10,5,10,8,6,11,21,8,6,0,15,9,3,12,7,4,6,8,9,3,2,5,4,1,6,1,11,5,1,11,7,5,5,1,5
Gm5148,0,0,1,2,0,0,0,1,1,3,0,3,0,0,0,0,4,8,1,2,0,2,1,1,2,1,0,1,1,1,3,0,1,3,3,1,0,0,1,0,2,1,0,0,1,0
Gm5150,2,0,2,4,4,4,2,1,0,2,2,3,1,1,3,1,1,7,2,1,0,7,4,3,3,3,4,1,0,6,5,4,0,0,4,2,2,2,0,2,0,0,0,3,0,2
Gm527,6,1,3,1,7,8,1,1,2,2,4,5,1,1,3,1,1,0,1,2,3,8,3,3,3,2,4,2,4,3,2,1,2,0,1,2,3,2,2,1,5,5,2,1,1,1
Gm5424,2,0,1,7,9,1,4,4,3,0,3,4,5,5,2,7,3,3,3,1,3,9,4,4,3,4,3,2,1,2,3,2,3,1,2,3,2,6,2,0,4,1,0,1,1,3
Gm5512,8,3,9,0,5,8,9,1,6,8,4,3,7,5,8,10,7,0,0,4,2,2,3,2,4,6,1,5,15,1,4,8,0,1,8,7,1,8,2,8,8,10,1,7,8,0
Gm5523,3,2,1,5,2,3,5,3,3,1,0,5,5,3,2,7,5,6,4,3,1,1,12,6,1,7,4,4,6,2,3,2,2,5,5,2,2,4,3,1,11,1,5,4,3,7
Gm5595,8,4,11,19,10,8,8,8,9,8,11,16,13,15,9,9,13,12,9,7,2,10,11,9,9,11,7,5,14,12,7,5,9,11,12,20,9,13,13,7,13,8,11,4,11,13
Gm561,84,42,83,107,66,84,104,71,105,78,118,102,109,104,109,102,111,103,96,87,31,112,99,89,86,97,59,87,79,115,72,66,117,53,66,109,95,83,83,46,130,86,89,69,82,70
Gm5617,193,87,226,276,134,255,242,223,250,175,274,248,206,183,246,212,230,242,211,172,92,252,245,187,261,199,195,252,315,343,188,190,265,171,191,206,182,218,255,167,291,263,275,192,213,219
Gm5766,2,0,1,2,2,2,0,0,1,2,1,6,0,0,1,0,0,0,0,0,0,0,1,0,3,0,2,3,2,1,0,0,0,0,1,0,1,1,0,0,1,0,3,0,0,0
Gm5801,197,108,217,331,185,258,269,242,307,213,293,307,258,184,230,335,285,345,226,187,95,411,194,162,250,226,228,195,228,229,229,124,215,168,239,124,156,208,157,111,324,226,194,185,195,209
Gm608,57,29,51,73,54,42,49,60,59,51,61,67,72,72,74,64,82,59,56,64,22,61,69,39,52,51,47,61,67,45,46,38,46,21,60,59,36,58,63,33,73,43,47,37,51,58
Gm6251,10,5,8,11,10,7,8,9,8,8,10,8,14,12,8,15,14,12,10,6,4,16,11,1,8,7,7,8,8,15,3,1,10,3,4,7,5,9,7,7,3,12,12,9,6,10
Gm6297,2,2,2,1,1,3,4,4,3,4,5,3,0,3,0,4,2,5,1,1,1,5,2,6,1,4,2,3,3,2,1,1,1,1,2,5,2,0,1,0,1,0,1,2,2,0
Gm6402,11,6,11,18,9,18,18,14,17,15,12,23,8,6,13,23,15,12,13,12,3,22,19,8,15,8,15,7,10,20,6,5,11,13,16,16,13,8,12,3,11,8,9,10,5,5
Gm6484,1387,972,597,2507,338,265,1013,1180,367,818,691,2177,732,818,1305,134,257,271,272,283,75,217,1307,1322,1101,1164,828,859,770,1074,473,537,696,670,605,413,435,453,931,437,426,634,1649,786,1619,855
Gm6498,0,0,0,2,1,1,1,0,1,2,2,0,2,1,6,0,0,2,0,1,0,2,0,0,5,0,2,2,4,1,0,0,2,1,3,3,1,2,1,3,0,0,2,1,3,1
Gm6548,42,22,39,43,36,42,52,33,83,38,37,51,55,35,51,45,38,48,43,49,15,51,61,35,56,40,44,46,77,45,50,30,30,38,48,37,29,43,65,22,47,48,39,28,40,35
Gm6793,0,0,2,33,16,1,21,10,4,22,13,1,16,1,3,4,14,20,23,2,0,26,1,0,0,3,0,2,0,4,10,3,1,2,1,2,1,3,19,0,26,3,13,1,0,2
Gm6981,2,1,4,1,0,3,1,4,4,3,3,3,3,2,4,2,9,6,2,1,0,3,4,0,1,1,1,3,4,3,5,5,4,1,4,4,1,3,5,3,6,4,4,1,1,4
Gm7120,31,11,19,55,28,13,33,22,31,36,22,51,38,37,66,64,72,61,32,70,26,105,20,26,28,38,18,37,62,26,37,21,23,3,30,29,22,16,14,6,25,16,16,26,39,19
Gm7694,23,4,34,38,41,23,21,22,165,22,38,46,18,17,24,47,36,25,24,30,12,22,37,17,39,24,33,24,18,34,31,10,22,21,38,19,16,20,23,17,37,12,24,16,14,24
Gm7788,2,1,0,3,1,2,1,6,2,0,2,4,6,3,6,3,1,3,4,3,0,2,4,4,3,3,1,2,1,3,2,3,3,4,2,3,4,3,1,1,7,3,0,2,2,1
Gm7854,3,1,2,2,0,2,8,1,3,2,2,2,2,3,9,3,4,2,7,2,1,5,5,3,5,2,1,2,3,5,3,5,4,0,2,5,4,0,2,1,5,4,1,1,1,8
Gm826,6,0,4,10,11,10,2,5,16,3,10,2,13,16,7,1,3,12,2,6,0,9,11,3,8,7,12,12,13,13,8,4,12,3,11,11,10,9,12,10,14,11,11,5,12,8
Gm867,2,1,4,6,2,0,3,1,1,0,5,3,1,0,1,2,1,5,3,0,0,9,0,3,3,3,1,2,4,1,3,0,3,1,2,2,6,1,1,1,3,3,2,2,3,3
Gm8883,29,10,34,14,33,34,20,13,68,32,41,53,20,10,30,33,32,23,28,37,5,19,33,19,17,28,29,36,30,38,23,19,27,11,40,20,21,21,15,15,36,33,26,39,27,17
Gm9776,5,0,4,6,6,4,5,2,7,2,5,6,6,2,6,5,3,6,2,0,4,7,2,1,3,0,1,4,3,4,1,2,2,2,2,4,1,6,4,4,3,2,3,1,3,6
Gm9895,13,8,12,14,16,8,17,8,12,8,12,10,9,6,5,14,9,7,6,9,5,6,8,10,7,10,4,6,18,8,4,5,10,2,15,11,10,12,8,5,11,10,18,19,11,7
Gm9958,1,1,2,2,4,4,3,2,5,3,6,6,3,3,8,6,3,2,2,1,0,8,3,1,3,1,3,2,5,5,2,1,7,2,3,3,3,4,2,0,0,6,3,3,3,4
Gmcl1,21,13,14,21,22,9,12,23,24,28,19,20,11,17,26,24,24,19,21,22,5,20,23,6,13,23,18,22,24,29,15,10,28,6,17,17,19,15,15,19,27,20,23,13,13,20
Gmds,12,6,13,30,18,6,7,10,14,12,15,13,6,4,14,17,20,26,13,16,5,16,13,5,16,9,8,22,10,12,21,5,7,5,17,9,6,12,5,4,14,10,10,7,9,8
Gmeb2,55,24,47,67,49,52,65,60,71,59,77,61,39,45,42,61,78,52,45,33,17,69,56,32,50,49,53,44,47,54,37,25,44,34,45,42,35,41,44,16,62,37,38,32,28,29
Gmfb,12,1,10,14,13,12,26,9,15,17,18,18,14,15,18,14,13,28,23,10,3,14,19,8,13,8,10,14,16,16,9,16,9,4,11,8,8,13,7,4,10,2,6,7,6,6
Gmfg,27,8,43,58,20,38,65,41,43,18,45,41,26,43,35,36,37,60,41,39,12,29,56,31,33,26,38,31,24,33,101,22,30,31,27,40,19,35,31,10,27,43,21,20,28,19
Gmip,16,6,13,41,23,16,32,23,17,16,31,24,18,13,13,20,21,25,10,12,5,24,20,10,17,14,17,6,19,16,21,11,11,6,10,16,13,11,9,11,14,18,15,14,8,8
Gmnn,41,28,30,72,43,56,62,47,62,44,64,92,66,57,71,61,75,99,45,40,27,80,73,50,54,48,32,43,77,52,42,45,67,22,48,57,40,41,48,34,68,40,39,42,27,45
Gmppa,129,96,145,181,93,152,171,194,197,144,196,318,149,117,188,249,174,276,117,190,27,195,182,91,142,130,172,206,151,164,149,139,131,121,150,118,105,147,140,91,209,138,141,92,104,122
Gmppb,89,55,92,51,90,128,101,115,160,99,114,444,63,96,90,127,118,210,109,147,35,106,147,81,83,93,103,165,93,111,107,106,103,82,119,85,78,112,131,60,161,99,68,44,71,94
Gmpr,11,5,4,8,9,4,6,8,9,4,9,3,8,6,4,9,8,5,2,7,4,9,8,7,6,7,3,5,12,8,5,4,3,7,9,3,7,7,3,6,14,7,8,2,5,5
Gmpr2,60,37,43,107,65,54,91,75,83,68,88,92,73,59,77,76,79,100,63,61,22,77,81,54,65,59,48,88,74,85,63,54,56,59,72,66,51,71,98,45,91,59,78,64,75,69
Gna11,227,114,218,304,164,273,238,228,372,215,266,376,229,217,223,217,256,275,208,195,48,260,269,186,197,223,243,256,301,278,250,196,223,200,247,206,174,211,232,156,326,248,209,179,203,202
Gna13,55,37,63,106,67,57,86,62,98,55,89,93,101,93,85,85,62,113,78,58,25,104,96,46,72,72,64,63,85,85,80,56,55,53,62,58,56,60,56,41,103,51,55,41,51,56
Gna14,2,2,3,4,2,2,5,6,3,6,3,2,6,3,5,3,1,3,1,3,0,1,3,10,10,7,3,2,2,6,5,3,1,3,2,3,0,4,4,8,4,5,2,2,1,2
Gna15,0,3,7,10,4,2,7,9,4,2,7,5,7,1,6,5,5,5,4,3,0,3,2,3,4,3,2,8,3,10,18,2,2,7,2,1,5,4,3,1,2,1,2,2,5,6
Gnai2,884,501,865,1188,754,830,1049,1156,1161,826,1142,1140,916,667,1030,894,958,1362,828,858,242,1016,1016,535,848,719,929,827,1107,863,1427,556,687,880,774,739,625,873,818,481,977,731,784,455,664,758
Gnai3,56,27,39,52,64,51,62,57,71,75,67,84,56,47,74,60,57,98,60,57,20,95,79,39,59,91,54,71,75,50,51,38,53,11,50,56,71,52,38,30,62,39,58,39,31,36
Gnal,0,1,0,0,1,1,4,1,3,1,6,1,0,3,1,7,8,6,2,0,2,9,0,3,1,6,2,2,2,0,2,2,1,2,2,2,1,1,1,4,1,3,0,2,0,1
Gnaq,13,11,8,20,12,12,17,20,20,14,17,21,10,10,18,21,22,25,14,20,4,19,18,6,11,14,18,23,20,25,20,6,14,9,13,13,14,19,16,8,12,14,14,8,10,13
Gnas,3132,1523,3174,5508,2957,3465,4507,3761,3630,3471,4471,4447,3524,3383,4473,4130,4571,4689,3658,3347,1566,4591,4669,2763,4339,3732,3054,4297,4060,4194,3289,3311,4347,2551,3788,4239,3048,3692,4037,2391,5593,3926,3797,3089,3318,3469
Gnat1,16,4,41,32,60,41,40,38,69,21,43,65,17,19,28,18,19,31,14,25,11,26,42,17,48,21,58,34,51,37,21,18,27,22,43,14,35,23,36,14,46,48,31,23,34,28
Gnat2,2,2,6,9,9,5,6,5,5,2,9,27,5,3,3,5,4,18,3,8,2,5,8,7,6,4,7,10,2,5,2,6,5,1,6,1,8,5,5,3,15,7,3,3,2,2
Gnb1,96,50,71,100,78,61,86,86,84,83,104,98,101,65,69,99,77,138,86,87,26,106,82,47,55,59,73,65,72,61,83,53,64,52,63,59,68,56,71,47,81,70,52,56,55,50
Gnb2,681,314,632,928,436,565,748,837,666,581,797,788,576,523,683,777,744,1093,668,591,218,954,791,399,599,498,601,663,781,639,764,444,568,574,694,608,445,568,587,364,668,492,513,469,526,545
Gnb2l1,2902,1623,2888,4801,3397,3058,3596,3669,4972,3328,4348,5411,3410,3018,3432,4651,4524,7464,3748,3119,1277,7470,3870,2031,3699,3369,3165,3245,3964,3498,2890,1991,3125,2147,3343,2730,2707,3072,3325,2143,4374,3286,2898,2410,2839,2759
Gnb4,3,0,3,2,1,0,5,2,3,3,4,1,2,1,2,4,2,5,6,1,4,4,3,0,3,1,3,2,4,4,4,2,0,1,1,1,4,2,2,0,3,2,0,3,1,3
Gnb5,4,1,2,6,1,2,1,4,3,2,8,3,5,2,6,4,4,3,3,0,2,1,3,0,5,8,5,2,0,3,4,2,2,3,2,1,1,2,0,2,1,1,3,0,4,0
Gne,490,201,550,952,506,534,648,481,947,478,840,592,645,593,597,608,675,504,454,497,168,759,533,298,520,553,441,514,608,611,311,314,489,369,566,449,398,561,485,327,782,563,488,371,423,530
Gng10,39,14,38,70,40,46,52,50,71,42,43,50,43,33,48,41,51,56,39,44,18,54,59,34,54,36,47,50,69,70,58,22,31,34,39,54,39,62,45,23,59,46,53,33,37,35
Gng11,72,24,47,52,52,33,64,77,86,74,33,64,41,50,52,70,51,70,80,68,20,43,66,43,47,71,43,73,52,59,60,38,54,60,62,47,58,65,52,37,67,47,52,28,47,57
Gng12,114,49,99,142,90,85,122,80,119,99,127,124,134,101,120,161,169,165,133,111,56,161,144,74,99,110,129,114,103,182,143,88,106,70,122,115,86,102,93,58,152,100,111,97,94,88
Gng2,1,0,1,5,2,0,2,2,0,2,2,2,3,2,2,3,4,6,1,0,0,6,2,1,1,2,0,0,6,0,3,3,1,0,3,1,4,0,0,1,2,1,0,3,1,2
Gng5,276,165,242,560,181,299,323,219,661,386,423,398,217,246,259,364,436,482,359,304,109,407,309,233,250,217,250,290,361,352,195,263,302,218,361,211,200,247,330,151,357,287,191,185,350,380
Gngt2,47,40,80,142,122,101,131,165,110,62,142,126,83,46,109,77,101,155,74,56,53,153,111,57,155,87,136,83,97,107,232,43,59,101,44,64,73,85,62,56,95,90,111,75,54,97
Gnl1,155,92,151,232,94,155,173,148,195,146,178,188,150,131,181,250,191,199,146,142,46,150,160,104,135,150,117,143,185,171,146,96,154,123,149,135,117,147,123,74,199,143,138,124,123,132
Gnl2,143,77,188,304,149,175,185,164,217,141,237,252,182,207,164,189,198,260,151,164,60,302,183,152,158,150,148,169,155,179,123,110,152,118,148,121,118,168,156,79,209,147,131,119,115,111
Gnl3,99,79,107,214,106,100,164,95,117,94,202,197,148,141,142,118,145,249,88,91,53,269,121,69,78,87,77,122,101,151,74,63,99,36,91,92,107,75,103,53,121,106,73,99,89,104
Gnl3l,49,18,36,66,70,43,61,47,73,66,69,81,66,52,45,55,59,109,60,48,33,77,64,34,62,55,55,57,63,62,62,39,64,29,34,49,42,53,48,30,58,55,48,38,43,39
Gnmt,8219,4843,7524,10453,6090,9019,8167,7567,17147,9589,7445,9617,16816,15527,11256,11988,7151,6399,7804,8991,3085,16578,17903,11323,12869,13493,10067,12330,25425,15370,7985,8686,9982,10376,12879,12670,14208,11430,13826,10085,17737,15469,13201,9179,13179,15034
Gnpat,131,63,120,195,138,162,168,148,189,130,197,196,162,129,170,171,186,209,154,147,60,207,215,116,156,163,135,179,206,203,128,125,174,113,182,188,120,153,155,104,239,166,156,133,152,118
Gnpda1,3,1,2,1,1,6,4,0,1,2,4,3,0,0,6,4,0,4,3,5,1,2,5,2,3,1,1,4,5,7,1,3,3,2,2,3,1,1,6,0,3,3,1,2,0,1
Gnpda2,12,5,10,21,10,15,12,15,14,17,21,11,9,7,13,12,16,29,14,13,6,18,14,5,11,12,4,15,10,12,13,9,12,5,9,8,7,14,6,6,10,9,12,14,4,8
Gnpnat1,5,3,4,6,5,5,5,4,13,7,7,12,9,3,2,11,5,6,4,3,3,11,7,5,1,5,6,8,14,8,3,4,6,4,8,3,9,3,7,3,7,7,7,6,5,4
Gnptab,16,9,28,37,41,21,31,35,31,22,31,28,39,20,24,29,29,50,31,31,13,59,35,23,37,25,21,31,36,40,37,22,41,28,27,26,27,26,29,17,46,24,31,21,29,24
Gnptg,155,74,156,230,130,162,150,130,283,168,234,311,195,169,186,219,204,179,185,149,54,256,158,105,175,182,149,175,221,200,134,105,153,85,160,119,123,168,172,94,213,163,126,95,144,127
Gnrh1,4,2,4,2,1,0,0,1,2,5,3,3,0,0,4,0,5,5,2,1,2,5,2,3,0,4,4,1,1,1,1,3,2,1,4,3,1,0,3,3,6,0,2,3,0,3
Gns,470,258,472,668,405,599,556,437,674,556,678,751,594,496,566,724,675,851,531,424,219,934,616,343,550,502,466,539,741,654,532,343,491,313,495,368,393,475,484,291,729,532,539,390,469,441
Golga1,23,13,35,38,33,48,40,36,52,29,48,78,31,31,38,39,49,67,51,42,11,41,35,25,25,31,24,29,35,31,34,21,38,24,23,32,22,24,33,26,49,37,26,28,27,30
Golga2,140,76,109,154,131,115,122,119,137,112,142,166,136,105,114,164,163,203,128,116,45,194,135,103,106,100,90,127,168,119,143,92,112,102,116,118,98,122,93,61,199,85,125,100,89,94
Golga3,43,23,34,46,31,39,48,33,63,39,57,64,47,37,43,49,41,61,41,40,19,54,39,36,25,39,41,34,43,45,41,30,28,39,35,31,25,41,44,13,57,31,35,30,38,38
Golga4,86,62,104,154,101,129,102,118,158,115,167,196,113,108,129,197,139,178,111,110,47,187,140,87,107,118,97,122,131,132,75,91,97,110,155,111,102,97,109,63,178,106,130,70,92,89
Golga5,61,26,45,85,63,63,69,71,93,52,82,115,83,80,97,85,65,117,55,64,35,150,75,34,46,71,66,58,67,60,59,51,63,43,62,56,51,67,75,44,111,49,59,54,49,56
Golga7,55,27,60,94,51,55,70,66,90,68,87,90,90,80,85,91,71,67,74,53,17,80,53,47,55,69,73,59,99,102,71,43,55,50,97,52,57,58,72,46,78,79,71,41,59,65
Golgb1,153,94,166,269,145,197,226,169,266,143,235,264,182,164,168,217,235,219,187,166,72,222,204,151,152,153,156,213,254,206,169,154,175,138,178,165,138,183,170,100,302,145,182,133,157,127
Golim4,48,27,61,79,64,53,82,67,106,63,75,106,71,82,84,70,55,126,75,69,34,151,91,42,60,66,67,71,119,68,46,57,85,31,65,71,63,63,61,36,67,71,78,42,50,57
Golm1,22,7,11,19,38,13,24,20,27,9,16,35,13,12,9,12,10,50,5,12,4,16,10,5,15,15,13,13,10,8,18,3,7,12,8,10,2,10,9,16,25,18,11,7,8,7
Golph3,54,44,47,99,70,49,63,52,84,66,73,110,72,84,84,84,56,94,89,61,24,92,92,31,50,68,69,76,68,79,47,51,67,14,56,66,58,44,40,37,61,59,63,46,38,67
Golph3l,12,8,20,32,17,21,27,14,15,12,27,32,17,14,14,10,25,35,21,29,10,25,28,14,21,14,10,19,24,16,19,22,20,17,19,14,10,14,17,13,26,16,20,24,12,14
Golt1a,9,3,10,11,8,15,12,12,23,10,9,17,18,11,16,16,15,36,10,9,3,26,16,10,16,16,12,18,16,18,5,3,10,12,19,10,7,16,10,7,20,12,21,11,10,12
Golt1b,4,4,7,5,5,1,5,3,8,10,11,26,8,9,13,6,7,16,5,4,0,9,7,2,3,7,14,9,11,9,6,6,3,5,6,1,3,9,7,1,6,4,7,3,4,7
Gon4l,47,26,53,75,46,44,61,59,64,43,71,94,53,50,69,60,64,77,59,52,10,75,54,35,48,46,49,59,41,65,45,42,41,39,37,33,24,53,48,34,68,39,37,36,39,33
Gopc,17,4,11,15,15,13,13,12,25,19,19,26,10,12,16,10,12,14,11,22,11,18,18,10,11,14,9,22,13,19,5,17,15,2,9,9,13,9,8,11,16,10,11,7,7,9
Gorab,9,2,9,10,4,7,13,6,8,6,12,21,10,13,7,8,10,16,14,13,4,24,12,11,9,7,14,12,11,8,9,8,5,5,14,5,7,11,6,5,14,7,7,7,7,3
Gorasp1,46,27,61,72,70,64,85,71,92,43,79,95,92,93,67,67,74,66,65,59,34,84,95,67,74,84,47,53,72,94,67,53,71,48,69,64,52,58,72,36,130,56,71,75,78,51
Gorasp2,419,240,386,570,403,438,488,448,723,480,524,829,517,374,536,607,581,859,488,486,176,765,563,359,429,511,473,542,597,529,422,360,480,328,500,469,360,516,477,313,706,433,426,397,369,469
Gosr1,60,33,58,100,41,69,67,82,93,77,97,107,80,80,79,98,86,75,71,66,28,77,105,44,66,62,56,77,93,73,44,42,88,39,62,74,64,73,78,29,102,59,72,47,65,58
Gosr2,33,20,31,29,28,22,43,29,56,27,40,77,28,19,41,46,31,44,27,34,10,29,39,28,29,24,50,40,30,34,30,31,34,22,34,34,21,34,38,13,49,27,12,14,25,28
Got1,292,206,359,699,385,477,680,475,838,498,426,396,1226,1112,771,722,366,1155,349,370,168,1741,844,507,808,660,449,613,1758,801,262,300,367,297,399,625,740,456,453,441,773,666,577,431,706,652
Got2,1293,623,1173,2053,1373,1519,1855,1571,1762,1469,1752,1690,1608,1444,1735,1682,1879,2290,1370,1554,708,2749,2012,1243,1648,1628,1381,1643,2210,2015,1092,1322,1847,1201,1680,1704,1516,1530,1846,1117,2534,1803,1561,1302,1654,1561
Gp1bb,2,2,3,10,6,7,4,9,7,1,3,6,4,4,4,3,0,1,0,0,2,4,1,3,7,12,7,7,1,6,12,7,4,1,3,3,2,7,3,3,4,1,4,4,5,5
Gp9,0,3,6,7,6,6,4,5,7,2,9,8,6,5,8,8,5,1,3,1,1,5,9,5,10,7,5,5,3,10,7,6,2,3,6,4,5,9,7,4,7,3,7,4,6,8
Gpaa1,177,100,168,244,122,148,191,170,252,171,208,157,185,139,189,226,181,213,157,188,50,211,135,123,158,219,142,177,210,163,108,98,141,156,185,140,123,150,166,101,231,175,162,122,177,161
Gpalpp1,75,37,71,76,59,47,70,66,73,56,81,76,72,63,64,69,75,106,63,47,33,103,78,34,63,59,47,55,67,54,65,38,56,51,50,46,41,61,61,32,67,76,60,35,55,62
Gpam,22,14,24,23,28,17,66,62,37,22,14,29,35,20,25,16,11,24,26,41,15,18,147,67,33,37,27,60,33,28,30,39,54,67,46,138,41,58,52,51,65,57,41,41,43,28
Gpank1,70,34,61,106,52,56,76,55,53,56,84,77,81,64,74,64,97,72,42,42,16,73,59,35,54,64,61,47,81,79,61,23,36,43,63,57,49,52,48,30,77,75,74,52,44,51
Gpat2,15,4,12,19,11,8,15,22,6,6,12,17,12,5,8,16,12,20,14,8,4,22,17,6,14,16,8,9,19,9,5,16,6,11,8,8,5,12,12,8,15,11,9,11,9,14
Gpatch1,68,36,60,77,50,62,61,46,53,52,62,78,60,40,40,61,62,72,38,32,17,81,52,40,50,43,28,41,60,54,46,24,24,37,38,41,31,32,43,21,62,35,37,38,36,29
Gpatch11,8,3,1,3,0,2,3,1,4,2,5,5,6,4,2,3,3,2,2,2,2,4,5,2,1,5,5,9,5,2,1,2,1,1,4,3,3,8,2,2,3,1,2,2,0,8
Gpatch2,29,10,32,29,30,27,45,38,38,16,32,47,23,23,28,27,25,43,31,31,7,26,29,18,28,22,20,23,27,40,18,24,17,19,11,12,12,21,24,16,27,24,24,20,17,13
Gpatch2l,10,7,9,17,6,10,6,14,12,8,12,11,8,13,7,6,13,15,13,7,4,16,14,4,7,8,7,10,7,14,7,4,11,11,9,10,7,10,10,4,15,11,8,6,3,9
Gpatch3,16,12,16,30,9,16,22,24,32,16,22,22,25,11,25,16,20,49,8,23,6,30,26,7,14,16,22,15,24,27,25,12,22,16,16,10,19,17,23,11,16,17,17,10,22,15
Gpatch4,80,78,79,100,106,60,96,91,96,66,106,124,107,56,74,83,118,209,75,96,28,181,100,52,49,75,73,81,85,81,95,50,49,61,75,43,69,58,74,33,93,67,59,62,67,46
Gpatch8,22,7,9,17,20,18,19,18,30,14,29,19,17,18,17,28,25,29,20,17,8,15,21,17,10,25,15,19,19,15,12,12,25,8,16,16,12,19,23,12,30,12,14,5,14,13
Gpbp1,56,23,56,91,49,54,73,51,67,69,64,77,68,60,69,50,62,63,66,47,13,58,81,45,64,54,40,46,67,88,41,39,54,26,37,48,34,45,56,32,41,39,52,34,36,52
Gpbp1l1,72,50,70,127,54,54,69,73,69,85,115,88,79,94,97,104,103,86,82,67,28,101,100,69,81,62,69,92,75,86,70,67,93,69,89,88,80,73,97,58,105,86,79,60,69,80
Gpc1,27,18,18,35,31,21,26,20,54,37,58,63,21,27,48,71,79,175,40,35,15,65,48,54,53,35,90,79,52,65,109,126,65,66,38,77,39,47,100,35,67,57,49,96,65,65
Gpc3,3,1,1,9,3,4,1,1,8,3,1,3,3,2,0,1,4,10,2,2,4,5,3,0,1,5,3,4,2,9,3,1,5,1,1,1,3,3,3,0,13,1,4,2,0,2
Gpc4,112,69,103,208,155,134,153,135,281,160,167,297,156,143,165,193,192,135,132,144,57,118,156,98,136,138,179,130,230,164,182,89,154,83,104,143,136,140,150,87,211,146,148,120,154,125
Gpcpd1,10,6,15,62,10,26,18,14,25,9,41,13,26,14,36,33,25,19,21,9,5,23,18,14,20,15,18,26,28,44,14,6,15,3,28,11,11,21,11,8,25,16,34,20,16,15
Gpd1,1170,561,1040,1489,695,1232,1294,1181,1022,1003,1800,1361,1262,1331,1569,1607,1794,1114,1456,1419,547,1082,1514,793,806,1219,1116,1499,1090,1545,1082,1354,1762,1241,1559,1589,981,1438,1732,996,2023,1600,1545,1313,1364,1255
Gpd1l,68,29,46,110,32,68,53,56,83,88,88,77,79,76,91,107,109,107,73,61,23,115,95,46,66,65,56,64,121,87,46,40,68,38,53,50,66,73,67,39,84,63,57,45,66,66
Gpd2,13,12,15,20,20,13,21,19,14,16,18,22,20,11,29,21,21,29,21,23,8,21,32,12,8,28,15,32,26,33,19,27,34,14,24,22,16,39,22,22,23,20,22,15,15,21
Gphn,245,86,205,305,177,243,244,218,228,196,285,251,231,185,235,228,277,156,227,177,99,190,251,168,207,223,148,199,269,241,211,163,232,172,208,220,146,226,185,132,299,225,189,170,178,156
Gpi1,359,199,310,574,377,264,639,511,524,306,417,406,420,440,482,520,605,580,346,386,116,586,615,318,401,429,257,399,425,410,442,293,387,296,448,477,315,534,436,379,566,499,440,359,386,371
Gpihbp1,124,60,72,113,74,75,138,122,227,115,138,153,191,113,140,210,147,230,135,102,45,227,153,56,126,136,119,131,180,216,122,64,121,86,118,77,83,127,105,68,149,96,126,69,84,174
Gpkow,43,20,40,52,16,36,33,21,53,42,40,64,57,54,33,43,55,18,40,42,8,27,51,37,41,54,34,50,48,33,20,35,40,16,35,26,35,28,45,23,61,31,41,18,30,30
Gpm6a,4,5,3,7,4,5,2,2,7,2,1,4,6,1,5,3,1,6,1,2,2,7,1,4,2,4,6,7,3,8,0,1,10,0,3,1,1,1,2,2,3,0,2,2,1,6
Gpn1,64,27,53,95,54,59,62,56,83,55,64,96,48,56,62,75,67,83,50,60,29,83,71,50,56,60,53,71,93,63,54,42,57,40,50,52,40,50,61,32,94,57,62,39,39,50
Gpn2,60,28,63,71,19,51,57,58,54,43,71,79,52,47,42,59,58,63,46,42,9,80,55,29,42,64,49,41,59,42,47,33,35,40,70,43,37,37,49,27,63,41,49,19,42,45
Gpn3,59,31,58,110,42,55,73,50,70,50,87,68,84,52,70,81,67,87,57,62,32,85,74,43,73,70,53,59,86,83,56,41,61,56,84,56,49,62,74,40,108,65,52,46,69,58
Gpr107,32,21,34,54,41,32,47,32,68,42,46,54,40,36,40,36,60,56,36,28,10,45,60,19,40,31,34,36,41,37,40,30,30,38,39,37,28,39,38,25,59,29,39,24,39,39
Gpr108,134,66,121,184,102,150,133,101,179,172,173,170,129,111,147,188,188,159,132,136,50,121,121,73,131,108,146,144,138,177,119,94,130,90,141,112,62,118,125,73,174,125,112,82,110,111
Gpr12,1,0,1,2,3,1,4,2,2,0,1,1,2,0,1,2,4,3,2,1,2,4,6,0,1,7,1,2,3,1,2,1,2,4,0,2,1,2,5,1,4,3,0,4,0,1
Gpr132,3,1,7,11,5,2,6,4,2,3,9,1,3,2,4,3,4,14,3,4,3,9,5,3,2,2,6,0,5,2,42,3,0,13,2,2,5,7,0,2,2,1,1,1,0,4
Gpr137,95,40,91,112,74,91,124,110,109,88,134,143,85,87,102,94,82,86,78,89,32,99,107,59,106,114,65,119,89,100,69,76,96,78,108,90,82,113,71,64,141,123,90,71,102,91
Gpr137b,2,0,4,7,3,3,2,2,3,2,4,6,1,1,2,4,2,13,1,3,2,11,4,1,6,1,5,0,2,5,4,0,0,6,2,2,4,0,7,1,3,1,3,2,2,0
Gpr137b-ps,1,0,2,5,3,3,3,2,1,2,5,1,1,3,3,1,7,6,3,2,2,8,3,1,6,4,2,1,0,4,5,2,4,1,3,1,0,4,2,1,0,2,3,1,3,1
Gpr146,174,74,140,265,179,148,290,241,317,174,266,271,161,165,177,219,201,180,195,200,55,152,233,112,279,174,227,310,343,356,100,117,168,119,152,129,152,208,149,88,213,174,179,120,153,165
Gpr153,2,0,3,5,1,1,2,4,7,4,9,2,3,1,3,2,3,5,0,2,2,8,4,4,2,5,1,4,4,3,0,3,3,3,3,1,2,5,2,4,5,4,2,1,2,0
Gpr155,108,38,91,133,143,134,121,135,264,132,115,211,126,120,121,133,122,84,113,128,49,132,163,109,130,114,162,137,236,150,82,89,119,73,135,116,109,107,129,82,184,136,149,83,98,106
Gpr157,2,1,1,2,0,2,5,2,1,2,3,2,3,2,2,3,4,6,4,6,1,4,3,0,2,2,3,3,2,1,0,2,0,2,4,4,1,1,0,2,3,1,1,2,0,0
Gpr160,1,0,3,4,1,7,3,2,3,3,3,3,1,2,5,3,3,1,2,3,0,8,1,0,4,2,1,1,2,2,6,1,0,0,2,1,1,2,1,0,1,2,3,1,2,1
Gpr162,1,3,1,2,3,1,4,3,0,1,6,2,4,1,4,1,0,1,3,1,1,0,7,2,11,9,4,2,3,5,1,2,3,1,2,1,1,2,7,1,2,2,3,2,1,2
Gpr18,0,1,2,1,3,2,7,3,0,2,7,3,1,0,2,1,2,3,3,0,0,4,3,1,3,0,4,2,3,3,9,1,1,1,0,3,6,1,2,1,3,0,2,0,0,3
Gpr180,19,11,28,41,37,36,26,34,50,32,36,46,44,17,45,29,26,42,24,40,12,37,32,20,28,29,12,43,35,49,31,30,28,17,31,33,26,32,21,16,35,23,24,20,17,28
Gpr182,80,42,77,59,55,62,67,79,121,74,75,83,117,99,79,128,79,89,79,74,30,100,82,38,68,75,79,68,115,100,74,37,52,52,76,65,59,86,69,51,83,58,68,49,55,94
Gpr19,15,8,25,35,12,23,22,20,19,19,14,23,16,14,17,24,22,33,17,22,4,31,28,14,21,26,11,28,17,27,8,9,19,17,20,17,16,20,18,10,32,11,20,11,17,15
Gpr35,0,1,0,2,2,5,2,0,2,0,0,0,1,1,1,0,0,2,0,1,0,5,1,0,1,1,3,0,0,2,10,0,3,2,0,0,2,3,0,0,0,0,1,0,2,0
Gpr39,21,13,32,50,37,15,26,38,31,21,38,40,38,22,33,30,29,60,25,32,17,44,36,28,33,36,27,31,32,24,44,24,31,27,38,42,23,33,21,23,38,36,30,36,27,21
Gpr4,10,2,4,8,4,6,5,5,8,8,12,11,23,11,14,18,13,11,7,5,3,12,14,7,5,3,14,8,14,18,7,1,6,4,9,13,3,9,11,1,12,8,11,6,2,14
Gpr84,2,0,1,1,1,0,2,1,2,1,3,0,1,0,1,1,3,1,0,0,1,3,0,0,0,0,0,1,2,0,13,0,1,2,0,0,2,0,1,0,0,1,0,0,2,0
Gpr89,107,47,86,134,88,97,128,133,144,142,138,162,124,79,123,139,142,147,146,109,30,111,133,80,126,124,99,128,145,136,114,92,106,97,111,96,113,131,138,94,172,154,138,104,122,115
Gprasp1,8,7,7,9,8,5,12,12,10,9,6,10,8,6,10,5,17,20,10,3,2,16,9,5,10,8,3,12,10,10,6,4,6,6,3,8,16,7,5,4,10,13,4,9,6,13
Gprc5b,2,1,2,3,1,7,7,5,4,5,6,5,4,1,3,5,3,8,6,1,5,4,4,2,1,2,2,7,3,2,12,16,24,23,9,15,30,8,3,1,4,2,4,3,3,9
Gprc5c,112,64,95,148,100,103,101,108,147,91,115,173,111,94,100,116,109,173,96,90,44,130,121,74,111,93,114,125,159,126,78,88,85,81,115,75,92,97,99,57,137,100,89,79,100,96
Gprin3,16,13,13,23,8,12,21,10,8,7,10,5,7,5,13,27,24,11,16,5,4,16,8,1,4,6,5,13,10,10,5,6,7,11,6,14,10,5,8,3,13,3,13,2,6,3
Gps1,18,9,13,26,17,11,37,27,31,45,43,44,15,9,33,23,25,29,33,25,12,20,28,14,27,30,27,36,23,26,16,19,19,32,18,26,23,25,23,19,35,26,27,35,22,17
Gps2,116,60,128,193,97,124,164,124,152,96,180,160,130,118,136,136,135,173,115,106,31,233,106,84,90,133,119,129,121,127,87,95,109,84,95,88,94,97,107,79,140,111,108,73,114,86
Gpsm1,9,4,11,13,9,10,15,14,11,6,22,11,10,7,13,11,14,14,15,9,4,18,14,3,9,9,5,9,9,14,12,7,9,5,7,6,6,9,5,11,9,1,11,7,5,9
Gpsm2,54,17,30,45,54,47,37,50,77,50,38,61,42,48,48,47,51,46,54,41,17,50,65,31,51,30,33,46,64,52,37,25,47,28,47,43,39,46,35,28,64,42,44,37,33,32
Gpsm3,18,13,18,50,24,37,46,31,11,26,28,27,21,13,28,23,26,35,27,18,4,39,24,8,28,12,25,12,24,22,73,10,11,32,7,16,18,15,15,8,22,16,21,14,16,18
Gpt,906,487,820,1376,610,764,872,911,1749,971,947,1295,1506,1223,1220,1128,872,1507,752,954,335,2103,1371,997,1373,1144,861,1133,1986,1144,921,891,926,917,1123,1037,1013,1002,1247,798,1749,1319,1228,854,1106,1154
Gpt2,1162,573,1049,1543,1070,1192,1312,1291,1504,1374,1380,1603,1802,1559,1467,1775,1612,4655,1541,1216,466,3371,2017,1517,1534,1581,1314,1380,2297,1583,1379,1345,1660,1564,1517,1677,1389,1598,1766,1099,2178,1706,1609,1112,1429,1466
Gpx1,18225,8117,15668,21941,15683,18660,16000,15853,21862,14849,23080,19057,16626,17196,19803,25971,25444,17527,18388,18745,9992,26053,18742,13911,19761,19711,17041,22009,25042,26413,23887,14576,16869,13319,21720,17680,16087,17699,18704,10890,26708,21186,18828,14861,16840,17131
Gpx2,1,1,1,0,4,0,0,1,1,0,2,0,2,1,0,1,2,6,1,1,1,2,1,0,0,2,0,0,0,0,3,0,1,0,1,1,0,0,0,0,1,1,0,0,0,0
Gpx3,51,21,24,57,31,43,37,26,80,35,81,82,48,28,45,54,30,141,37,37,16,115,47,15,43,53,44,40,48,55,64,34,38,36,9,30,19,35,37,21,69,32,35,25,35,21
Gpx4,692,328,396,991,451,481,653,562,420,538,1046,962,574,509,663,727,737,1369,797,526,238,1357,527,383,478,509,433,643,509,632,1030,444,822,547,554,600,413,493,528,326,647,490,396,523,518,501
Gpx6,2,1,4,2,4,6,0,2,4,4,2,10,0,2,7,1,3,3,1,1,3,2,1,3,5,2,2,2,9,5,0,2,1,0,4,4,3,3,6,1,10,4,5,2,6,1
Gpx7,24,7,13,38,13,18,37,37,17,12,38,34,27,12,18,29,39,63,13,19,8,47,21,8,24,24,18,25,36,31,28,9,20,13,21,14,27,26,19,9,28,17,12,10,19,16
Gramd1a,64,45,61,138,59,62,105,84,82,48,82,81,84,76,79,85,110,70,81,56,21,87,89,33,81,46,91,66,77,83,102,55,64,77,58,63,49,81,78,44,80,43,75,53,74,72
Gramd1b,3,0,2,2,1,0,2,0,0,1,6,1,1,2,2,0,3,1,2,3,0,1,1,1,2,1,1,1,3,1,3,2,2,1,2,4,1,0,0,0,2,1,1,1,0,0
Gramd1c,78,29,85,98,116,72,97,76,143,75,85,161,87,94,92,97,100,91,102,85,35,98,115,81,132,112,87,83,110,106,69,81,77,65,97,97,64,83,98,74,145,106,90,60,59,66
Gramd3,112,53,108,149,78,116,131,146,155,137,104,81,120,81,97,141,145,96,101,94,45,130,175,79,119,106,92,140,180,152,112,97,101,91,130,163,88,117,112,82,164,128,111,68,79,86
Gramd4,36,9,28,43,32,27,32,35,48,31,29,35,49,22,30,29,41,49,28,19,9,48,40,22,25,40,23,34,39,26,29,23,28,24,27,32,31,38,27,22,43,25,22,22,19,18
Grap,21,12,34,44,26,24,54,42,30,27,28,24,32,22,32,33,27,29,26,22,5,43,25,28,20,24,34,23,43,41,57,14,23,36,18,23,29,23,23,18,12,26,38,21,16,17
Grasp,7,2,5,3,0,5,4,7,13,7,9,6,6,7,7,5,8,7,4,8,3,11,7,6,7,7,8,7,9,8,2,9,5,2,7,5,2,4,3,3,8,8,8,1,5,7
Grb10,6,2,7,3,8,5,15,6,9,7,11,9,4,6,9,4,4,6,8,9,6,11,7,3,6,3,8,13,9,4,2,4,5,3,7,3,7,4,8,4,10,10,6,1,3,4
Grb14,214,93,169,318,215,217,227,151,276,153,206,236,257,185,233,292,268,172,195,144,87,182,248,127,271,256,176,203,241,268,94,130,199,103,185,189,159,182,207,141,343,233,181,175,149,164
Grb2,183,108,198,325,218,187,244,197,263,180,275,269,197,181,198,241,250,259,191,178,78,293,193,160,219,180,210,202,268,209,303,137,184,167,197,174,144,189,196,112,256,171,169,157,167,168
Grb7,555,173,279,547,269,417,332,387,691,485,453,468,351,202,368,741,568,312,437,416,84,416,521,355,318,427,352,552,581,334,195,359,349,431,382,506,293,403,435,354,639,464,407,278,330,309
Grcc10,773,349,642,920,475,741,751,730,997,798,996,923,813,747,932,1109,997,948,802,702,308,967,865,551,770,770,694,889,1038,939,612,563,747,549,775,744,617,735,834,472,1195,798,722,530,604,677
Grem2,21,7,8,66,50,12,44,21,66,26,42,57,12,15,10,51,51,41,24,13,10,65,23,10,38,19,30,30,40,35,3,9,17,8,10,16,26,20,23,17,23,15,32,14,27,23
Grhl1,2,5,3,19,6,3,4,3,7,0,5,8,6,3,2,0,7,10,2,1,0,14,10,0,0,0,3,5,4,3,5,2,3,2,1,2,3,1,2,0,2,4,1,2,4,1
Grhpr,1477,585,1293,1793,1529,2010,1444,1592,2355,1458,2198,2133,1694,1249,1957,2285,2304,1688,1521,1563,623,1385,1831,857,1807,1889,1918,1845,2254,2378,1740,1146,1798,1247,2120,1596,1370,1773,1957,1134,2712,1766,1772,1473,1553,1473
Gria3,0,0,1,2,1,1,2,2,0,1,1,1,0,0,2,0,2,6,4,0,1,2,2,0,0,1,5,0,1,1,0,1,1,0,1,1,0,2,1,0,1,0,0,0,0,0
Grid1,2,0,4,3,0,7,1,1,2,1,1,0,1,2,7,1,1,0,2,1,2,4,2,4,4,2,3,2,17,4,0,1,3,0,0,6,1,0,3,2,4,4,1,4,1,3
Grik5,30,6,27,35,5,19,14,14,14,11,30,23,8,14,24,25,35,9,16,19,5,9,15,14,16,12,9,20,22,12,17,15,22,13,16,20,10,18,19,10,33,21,18,17,17,10
Grin3b,1,1,1,0,1,0,2,3,0,0,2,5,1,1,4,3,6,1,2,2,0,1,0,1,3,1,1,2,0,1,2,4,4,2,2,1,1,2,0,1,5,0,2,0,1,0
Grina,1099,465,809,1527,861,910,1188,1082,1161,1024,1634,1433,993,737,1106,1379,1507,1348,1076,933,358,1154,1175,679,953,971,945,1187,1057,1100,1311,764,969,813,874,986,656,935,1029,704,1480,994,898,745,798,786
Grip1,1,0,0,1,1,0,1,0,1,1,0,0,4,0,0,2,3,6,0,2,1,0,1,1,2,2,0,1,2,1,3,1,0,0,0,0,1,0,1,0,4,1,2,1,3,0
Gripap1,44,22,47,46,31,27,48,34,52,41,52,81,45,35,57,61,49,51,56,52,13,42,47,28,31,34,34,70,44,28,34,29,21,25,40,33,27,37,37,20,55,37,23,34,27,45
Grk5,3,5,9,4,7,2,6,10,5,7,8,13,11,4,8,9,9,9,8,6,2,12,9,5,6,4,10,5,9,7,10,4,2,5,8,8,3,6,2,3,6,7,6,4,7,8
Grk6,43,43,44,84,31,36,52,47,59,53,50,81,57,39,51,53,80,88,43,57,15,81,53,42,41,32,60,47,55,37,61,49,39,42,46,51,41,43,54,24,57,62,51,27,38,61
Grm8,0,0,1,1,2,2,0,0,0,0,0,3,0,1,0,2,0,0,0,1,0,5,3,6,3,5,1,2,7,2,1,0,1,0,1,3,4,0,1,1,3,2,0,1,1,0
Grn,1145,615,1472,2010,1367,1434,1278,1524,3302,1174,1841,2487,1343,1529,1669,1712,1607,2586,941,990,425,2428,1437,978,1125,1613,1128,1175,1987,1699,1739,891,830,1104,1298,1222,895,1282,1223,782,1778,1308,1429,959,1001,1203
Grpel1,16,13,11,36,19,19,21,16,16,16,29,21,20,26,24,19,20,37,21,24,10,24,28,19,26,14,20,22,25,16,11,15,21,11,16,20,22,17,25,16,36,16,20,19,15,20
Grpel2,66,34,48,128,37,70,53,54,59,56,75,60,57,56,77,135,102,106,45,39,22,140,51,37,43,49,29,63,71,67,35,46,58,31,58,71,46,51,40,20,49,41,70,30,38,40
Grrp1,2,1,1,5,2,5,3,1,2,2,2,2,0,3,3,2,2,4,3,1,1,7,2,0,1,6,2,1,3,1,2,2,1,0,1,4,0,1,0,1,0,2,3,3,1,2
Grsf1,170,66,133,245,134,155,171,125,217,221,201,215,227,194,224,243,224,192,171,179,58,258,235,154,178,230,161,199,252,256,101,146,200,84,191,169,153,170,171,112,261,180,167,115,139,216
Grtp1,129,68,112,205,91,120,168,113,124,133,184,125,131,133,173,209,164,123,114,134,53,112,149,91,142,132,128,142,161,158,79,90,136,94,158,85,114,120,158,80,197,124,147,93,126,133
Grwd1,29,16,26,52,22,20,30,28,35,30,44,68,36,25,36,36,30,76,36,39,11,54,41,24,24,31,32,35,38,36,31,19,24,22,31,23,19,43,26,31,36,38,33,34,30,25
Gsap,34,12,17,38,37,25,41,55,51,27,28,49,33,22,26,27,25,60,41,32,9,32,37,26,45,38,34,28,51,30,70,18,39,19,25,25,27,33,34,22,60,35,26,24,25,24
Gsdmd,226,124,246,389,368,258,384,338,515,253,356,392,338,258,312,318,279,328,236,237,108,303,360,229,314,312,232,273,337,255,565,163,255,190,187,212,199,322,239,205,396,246,255,152,209,230
Gse1,73,66,134,173,92,109,153,115,53,77,97,131,97,102,135,82,78,90,121,93,29,77,168,83,139,70,99,48,114,86,102,64,137,59,110,56,79,100,81,34,150,58,89,52,74,79
Gsk3a,366,189,311,416,216,338,369,304,296,321,417,405,294,302,335,417,420,455,336,282,78,421,376,217,298,258,305,344,377,254,317,248,276,245,345,376,233,299,339,167,407,281,276,196,234,212
Gsk3b,2,4,3,15,6,3,7,5,5,9,7,5,13,0,5,10,6,3,4,8,2,6,5,9,4,5,4,10,2,13,1,7,11,1,10,6,2,7,8,5,11,8,10,8,5,5
Gskip,9,4,9,8,9,7,5,6,11,12,14,11,10,5,8,6,6,17,5,8,1,16,6,3,3,11,5,6,9,10,11,5,9,4,9,9,4,8,2,3,12,9,5,1,1,12
Gsn,84,49,63,166,49,92,101,113,51,89,138,87,119,68,94,78,109,136,110,62,27,131,123,50,94,103,68,119,117,95,84,78,83,92,50,81,78,130,74,68,125,71,92,64,72,100
Gspt1,83,31,47,103,80,73,78,66,98,90,106,95,82,83,97,97,92,105,85,67,51,101,90,56,89,92,82,96,113,94,76,52,84,46,71,87,85,68,67,48,110,86,84,72,80,63
Gspt2,1,0,0,2,0,0,1,2,2,0,1,3,2,1,0,0,0,8,0,0,0,1,1,0,0,0,0,1,0,1,0,0,0,0,0,0,2,1,0,0,0,0,1,0,0,0
Gsr,179,92,105,220,125,122,179,141,144,215,198,232,123,147,177,224,215,461,187,176,59,350,192,106,151,152,147,186,160,154,269,127,122,116,179,156,110,177,139,83,162,207,135,99,123,152
Gss,448,226,351,715,357,350,319,360,524,414,622,685,475,391,462,792,719,1102,447,421,151,1227,283,151,336,389,420,428,410,357,804,300,368,304,402,205,252,298,428,182,451,361,255,237,286,258
Gsta1,21,16,5,48,13,2,21,33,0,4,28,4,13,11,26,14,16,887,20,12,15,378,32,17,6,17,6,32,36,11,546,28,21,49,19,30,35,18,8,10,14,16,17,8,6,18
Gsta2,615,253,242,833,121,219,424,363,77,361,437,224,553,699,419,637,629,1885,442,331,182,3127,497,421,227,417,146,702,1122,364,1753,393,541,422,575,563,741,393,448,293,493,464,428,320,424,677
Gsta3,13451,5922,11734,16020,7935,11955,13222,13051,16792,14850,13149,16922,16607,14941,16425,17376,13739,8655,14576,13892,4967,12465,20440,10447,13471,13552,11654,16338,21293,16789,11466,10469,12514,10562,15396,13176,11750,14282,14955,8505,18972,14318,13476,8738,11796,12427
Gsta4,931,419,587,1373,370,397,874,825,355,704,651,679,885,953,979,1039,903,2263,719,616,242,2488,1002,581,652,816,374,1139,1150,685,1276,676,751,641,863,790,746,770,769,482,895,699,687,516,670,785
Gstk1,748,349,729,936,721,891,840,730,1077,767,869,917,1046,1020,964,941,911,772,806,802,418,1238,1211,834,1022,1017,706,1046,1466,1259,767,774,990,714,1031,1143,818,916,1092,666,1497,1105,970,803,911,946
Gstm1,21203,8525,10998,24034,13429,8559,23681,21367,9965,15750,16119,14850,18933,16432,17425,16364,24001,48513,16216,12225,7055,42444,19419,10463,9899,11922,9862,15633,19286,12751,58641,10058,14426,11707,15586,16042,12867,16693,12801,7624,14125,8791,12354,9335,10864,10220
Gstm2,91,46,70,185,107,93,174,171,138,105,58,132,159,145,144,103,85,611,62,102,24,320,159,81,110,102,85,115,257,153,377,115,91,122,124,213,99,167,129,78,114,108,131,96,95,86
Gstm3,187,124,86,576,473,71,481,508,149,205,105,190,304,230,271,233,156,7344,117,173,130,3988,298,154,110,205,89,174,351,183,5028,133,137,294,146,189,256,225,95,101,213,139,130,114,133,111
Gstm4,277,94,164,403,143,112,402,364,148,274,202,250,182,175,244,264,265,704,210,184,65,497,327,161,210,169,129,248,231,180,618,155,177,223,269,249,194,244,204,165,213,176,238,151,180,222
Gstm5,32,29,30,73,28,32,47,53,73,50,48,76,52,54,60,46,49,68,41,41,8,44,50,45,41,53,31,49,59,44,23,34,40,35,33,39,23,36,42,23,41,39,43,33,39,44
Gstm6,427,185,323,550,323,337,591,510,418,489,337,408,479,427,467,491,388,794,381,331,119,476,557,401,387,455,363,457,832,526,671,372,541,464,514,504,405,492,443,269,616,434,539,278,441,453
Gstm7,118,64,111,196,178,163,216,201,255,143,95,225,215,175,148,158,117,130,129,136,62,199,230,135,236,205,164,147,340,216,113,135,143,148,165,177,179,204,176,131,223,164,183,116,180,167
Gsto1,759,396,690,1128,636,738,769,646,1124,936,1072,1034,916,887,961,1157,1231,1425,924,818,328,2045,813,568,757,839,731,885,1137,931,612,540,814,459,841,777,706,750,722,486,1050,879,749,606,679,723
Gstp1,743,309,331,1037,596,361,875,685,509,622,1063,690,465,589,752,1103,913,817,952,568,245,770,883,428,1097,997,719,805,331,496,866,343,736,410,517,372,431,458,929,479,1711,1112,309,410,575,637
Gstt1,1446,739,1284,1736,1044,1460,2131,1398,1674,1451,1507,1398,1803,2070,1954,1402,1675,1036,1404,1181,564,1358,2553,1642,1320,1793,986,2093,2298,1931,1079,1702,1434,1339,1896,1932,1839,2181,2217,1197,2202,1804,1639,1323,1852,1964
Gstt2,413,228,325,530,84,237,301,221,130,304,344,220,371,314,282,513,526,522,320,273,95,713,290,229,189,226,156,394,402,305,213,212,293,253,383,325,176,284,366,125,261,217,341,239,247,285
Gstt3,288,139,268,350,196,307,386,385,549,408,219,350,755,700,562,288,276,237,256,287,166,625,601,614,301,528,259,660,904,604,381,426,603,402,486,459,482,550,547,358,778,500,505,417,719,691
Gstz1,2515,1227,2566,3350,1946,3113,3243,2802,3700,2649,3388,3396,3058,2956,3563,3280,3038,2513,2620,2626,1102,3289,4055,2733,3478,3089,2488,3227,4364,3819,2468,2588,3340,2458,3343,2972,2585,3150,3290,2040,4234,3331,3186,2442,2773,2659
Gt(ROSA)26Sor,21,12,22,39,24,19,31,17,24,22,27,33,13,13,21,25,22,35,24,21,16,38,18,8,10,17,21,26,24,16,5,22,12,7,24,13,17,10,20,9,25,22,16,17,25,14
Gtdc1,14,8,12,22,14,8,25,9,21,14,20,16,27,8,15,21,23,42,22,8,7,25,14,9,8,15,9,13,25,16,12,14,14,5,7,12,8,8,13,9,8,8,16,16,10,15
Gtf2a1,29,15,20,41,38,36,44,39,46,38,41,50,39,37,38,38,48,57,45,41,15,68,41,21,40,36,28,30,40,40,32,21,25,21,30,24,29,36,33,20,28,25,25,24,25,33
Gtf2a2,137,94,182,305,168,171,194,147,329,146,222,287,228,218,213,215,171,225,164,147,55,291,226,129,208,168,162,188,246,201,123,146,151,99,173,174,144,139,169,89,205,160,175,95,127,147
Gtf2b,129,54,116,276,117,112,176,138,126,100,179,156,142,96,145,178,182,161,136,105,59,158,138,73,120,100,79,121,101,163,117,90,111,63,111,95,109,117,110,66,167,139,129,91,94,88
Gtf2e1,36,16,38,37,32,42,23,33,54,31,35,45,35,38,64,42,40,28,38,27,14,49,49,18,43,35,51,29,48,32,25,22,30,11,40,29,30,29,29,21,44,34,51,35,27,40
Gtf2e2,16,8,13,15,13,12,14,13,32,14,17,33,22,13,14,10,12,18,9,11,5,21,16,11,11,9,17,19,22,16,11,11,12,11,18,17,16,16,17,13,14,16,23,11,11,13
Gtf2f1,126,67,92,139,157,104,118,149,154,102,142,241,130,126,137,136,144,186,107,121,58,142,134,84,117,128,129,126,123,129,162,87,141,101,127,86,113,125,132,79,181,117,117,106,100,113
Gtf2f2,61,36,48,83,58,66,63,76,85,60,75,118,89,74,79,84,79,111,69,74,28,120,97,57,53,60,63,61,74,76,72,38,48,51,59,67,55,71,77,38,84,83,64,50,61,75
Gtf2h1,163,96,132,233,136,162,154,109,181,131,174,174,145,138,174,196,219,238,138,114,43,228,143,78,121,125,124,154,139,180,123,91,141,93,179,111,126,118,147,75,183,120,128,102,112,122
Gtf2h2,14,10,19,24,20,16,28,12,24,17,25,27,12,19,23,16,19,35,16,16,14,34,32,11,15,19,12,17,21,14,13,12,28,11,16,15,15,14,22,13,26,17,12,11,13,7
Gtf2h3,48,21,37,36,41,54,53,48,66,30,45,82,48,41,41,34,44,61,46,40,12,49,66,37,40,44,35,42,43,39,40,25,34,26,29,26,33,24,31,23,58,39,39,27,25,38
Gtf2h4,85,39,99,132,76,80,114,98,108,86,135,129,86,96,118,104,116,142,100,66,43,113,105,59,104,69,100,90,125,103,104,73,83,54,111,96,82,84,70,43,128,73,121,81,87,67
Gtf2h5,297,136,275,420,228,346,398,321,402,301,374,369,337,343,373,370,386,451,299,310,134,410,489,288,347,355,279,324,398,377,313,319,412,285,408,446,305,356,427,211,499,343,361,304,356,316
Gtf2i,421,196,401,700,525,507,556,532,648,524,624,661,575,458,608,579,664,505,537,451,248,596,568,366,509,478,472,516,590,572,402,376,574,409,505,484,451,475,600,348,795,537,456,432,438,419
Gtf2ird1,42,30,66,102,40,56,63,44,39,46,72,63,42,51,70,92,93,41,58,36,17,68,61,29,56,73,42,40,43,60,38,30,47,27,48,42,47,32,33,15,54,43,28,33,28,26
Gtf2ird2,27,17,25,38,25,26,40,21,20,15,29,39,29,18,25,46,31,27,28,23,7,33,34,15,12,17,26,17,34,23,21,11,21,16,24,16,25,23,24,8,34,13,17,19,20,28
Gtf3a,78,41,51,78,43,62,68,73,89,79,107,120,81,63,79,70,83,87,78,60,24,92,73,40,74,59,59,80,89,77,68,34,76,56,76,46,55,68,90,31,85,60,76,50,71,73
Gtf3c1,79,24,71,137,46,72,100,87,74,80,112,120,83,62,84,117,95,107,80,70,21,78,76,55,83,55,72,76,89,78,52,45,54,59,62,69,49,71,59,38,101,66,70,63,49,61
Gtf3c2,54,39,46,90,47,54,65,60,79,57,87,110,59,53,60,89,74,102,69,52,20,104,81,24,58,62,72,80,74,71,38,40,48,27,62,47,55,56,61,26,69,47,66,38,36,58
Gtf3c3,6,1,3,6,6,1,4,4,6,5,2,10,4,4,8,7,8,8,10,3,4,7,5,6,4,0,6,8,7,2,4,4,0,0,2,3,5,2,5,1,6,5,5,0,2,1
Gtf3c4,24,8,17,49,32,38,23,44,42,29,32,27,28,45,31,39,34,35,28,17,15,47,46,21,30,30,34,17,32,30,20,18,34,29,24,16,31,28,27,11,34,24,29,26,26,29
Gtf3c5,30,13,24,48,31,23,40,49,46,35,49,58,32,34,33,36,41,58,30,37,17,37,46,26,40,29,29,48,47,43,60,29,29,31,33,23,29,27,40,30,69,33,31,18,31,28
Gtf3c6,152,63,126,141,129,121,142,138,121,139,166,161,133,104,157,149,136,165,128,123,44,124,147,73,126,125,127,151,127,114,122,104,124,67,116,151,108,115,118,87,140,130,123,100,123,103
Gtpbp1,56,21,60,78,37,65,69,56,74,60,95,74,51,55,63,58,78,87,58,35,17,64,66,39,82,74,54,83,70,67,43,55,56,65,62,27,38,74,36,31,64,43,72,37,58,65
Gtpbp10,22,13,19,36,17,36,31,28,30,32,38,36,32,31,33,24,42,34,32,15,9,40,20,19,38,18,16,33,36,23,21,16,24,23,15,18,19,18,41,12,37,26,23,19,24,23
Gtpbp2,83,46,77,158,113,89,114,124,151,96,160,85,82,76,81,149,145,239,117,81,37,215,96,60,104,90,75,87,115,86,136,65,112,69,69,101,73,86,88,46,141,81,102,67,79,85
Gtpbp3,19,13,12,27,18,21,25,19,40,22,29,45,27,15,19,23,31,31,32,14,8,32,35,21,30,25,27,22,22,27,10,11,17,17,24,13,20,17,21,12,30,17,23,19,21,12
Gtpbp4,67,53,59,85,61,48,103,57,79,50,91,137,81,77,61,64,55,105,58,69,31,115,86,37,54,38,61,52,88,98,45,61,44,25,45,28,46,57,42,36,47,48,56,37,59,43
Gtpbp6,59,29,52,96,27,42,62,51,48,47,84,58,49,50,54,63,59,96,59,39,14,95,40,26,53,38,34,68,52,59,39,41,41,49,56,31,37,53,36,28,54,52,47,42,46,37
Gtpbp8,20,5,16,21,24,23,22,27,36,26,27,47,19,23,22,21,33,30,31,18,8,25,30,18,30,21,16,24,44,23,15,16,25,16,22,18,27,34,26,19,42,31,20,16,19,28
Gtse1,1,1,4,6,3,4,3,7,1,1,3,0,1,4,2,3,2,25,0,1,2,10,6,2,8,3,4,1,5,3,13,2,4,11,1,2,18,3,4,4,3,5,6,2,7,0
Guca1a,40,19,32,54,59,31,57,50,42,30,63,64,37,29,34,43,46,61,45,29,15,32,47,24,42,51,20,28,17,21,40,18,38,36,26,42,22,36,20,38,53,30,29,30,31,27
Guca1b,2,3,3,1,2,6,0,2,4,2,3,6,2,2,1,0,4,6,2,1,0,5,6,0,3,0,2,2,7,4,2,1,2,2,3,2,1,2,4,2,3,1,4,2,4,4
Guca2b,0,0,0,0,0,0,0,0,1,0,0,0,0,0,0,0,0,0,0,0,0,0,0,0,0,0,0,0,0,0,6,0,0,0,0,0,0,0,0,0,0,0,0,0,0,0
Gucd1,503,219,345,714,416,441,564,498,713,450,587,652,521,446,543,755,697,673,424,431,198,654,566,346,476,489,448,638,568,515,384,412,548,404,461,535,384,513,540,323,698,539,497,324,394,400
Gucy1a3,1,2,3,6,2,2,8,1,0,4,5,4,1,2,0,2,3,1,2,1,1,7,6,1,1,0,3,1,3,2,2,0,2,2,1,1,1,3,2,1,2,1,4,1,1,3
Gucy1b3,30,17,27,40,17,21,34,38,19,20,26,34,16,20,27,15,38,37,18,16,12,28,22,21,27,18,17,12,25,26,17,7,22,10,5,19,12,26,18,13,24,19,13,11,17,17
Gucy2c,1,1,3,0,6,4,1,2,10,1,8,2,1,2,0,2,2,9,0,1,0,9,0,0,0,0,2,0,1,0,0,0,0,1,1,2,0,0,1,0,1,0,0,0,0,0
Guf1,9,5,6,19,13,12,15,13,15,7,19,13,12,9,9,13,2,18,18,8,0,26,12,7,14,10,6,10,11,10,6,11,13,6,13,12,13,11,6,7,10,7,7,8,6,12
Guk1,418,202,326,531,344,429,401,400,487,397,525,587,355,376,496,533,555,914,378,323,202,809,226,220,386,344,324,443,473,476,465,318,427,301,503,225,305,438,265,251,491,423,337,197,344,359
Gulo,1370,650,1410,2567,1718,1807,2455,2147,2142,1816,1603,2012,2176,1797,2183,1758,1766,1228,1550,1575,764,1154,2786,1305,2051,2238,1738,1887,2744,2649,1236,1051,1492,1035,1487,1180,1014,2023,2307,1122,2904,1768,1717,1461,1566,1427
Gusb,88,49,59,105,115,69,116,113,189,100,109,144,92,111,126,106,108,214,82,79,47,196,152,71,101,120,102,97,131,117,109,84,104,73,87,79,72,91,84,59,152,85,83,47,74,85
Gxylt1,34,23,32,54,53,33,37,27,48,26,62,31,36,43,43,60,62,60,30,39,19,80,33,27,29,40,35,43,41,57,33,37,43,21,37,32,31,25,42,16,46,24,26,23,31,29
Gyg,16,10,13,27,20,12,21,31,26,14,29,27,15,12,16,30,23,40,19,22,5,42,30,22,24,27,26,20,29,25,39,16,16,17,16,19,24,20,21,13,45,27,27,15,23,23
Gyk,89,42,62,161,68,75,92,71,102,120,127,109,102,116,136,145,145,179,83,80,37,201,107,45,78,84,72,82,133,94,56,80,79,35,104,70,86,82,68,44,95,100,76,65,58,97
Gyltl1b,3,2,1,6,1,3,4,6,4,0,1,6,5,2,1,5,0,12,6,1,0,11,3,2,1,4,3,2,1,1,0,2,2,0,0,1,2,1,2,2,6,1,3,1,1,2
Gypc,47,22,52,73,81,49,51,74,71,77,55,91,87,73,92,79,75,66,64,79,27,100,88,75,69,74,58,63,103,93,65,66,75,54,79,63,39,75,63,35,81,38,76,56,88,74
Gys1,16,3,8,12,7,11,11,13,14,13,14,22,15,7,16,15,19,13,11,17,4,11,12,8,8,12,11,17,16,8,16,10,9,8,7,9,2,3,6,17,11,14,8,12,18,9
Gys2,871,442,747,1653,606,803,1002,835,903,908,1211,968,898,926,1131,1779,1604,798,975,732,328,1092,1032,591,898,907,611,902,1036,1008,531,679,927,576,927,825,753,833,930,601,1367,1062,854,770,804,826
Gzf1,47,16,38,61,35,39,42,30,56,43,49,51,43,31,45,41,52,42,38,36,15,39,32,37,36,35,23,39,55,41,30,24,37,11,29,23,25,26,25,14,36,30,24,36,20,33
Gzma,2,0,4,13,14,1,14,8,0,3,6,4,5,1,13,5,2,4,3,5,7,8,6,2,3,4,8,3,4,4,49,6,4,9,2,6,13,11,1,1,1,6,9,2,0,3
Gzmb,1,1,1,7,4,1,1,1,1,1,0,3,3,0,1,1,4,3,0,0,1,4,0,1,2,2,3,2,4,1,11,1,0,3,0,3,1,3,0,2,2,0,1,2,0,0
H13,21,4,20,35,20,17,21,19,19,23,19,36,16,18,16,22,28,25,12,21,8,30,18,12,17,19,16,19,20,19,17,11,15,12,18,14,15,15,24,11,29,12,20,8,17,15
H19,0,2,0,1,2,0,1,2,29,3,0,7,3,1,1,0,3,8,1,0,1,3,1,0,1,1,3,5,7,1,0,1,1,1,0,0,1,1,0,1,2,0,2,2,0,1
H1f0,348,159,245,405,189,259,306,300,475,416,428,514,283,370,381,446,467,365,442,342,95,330,379,214,327,268,261,392,364,344,213,240,352,198,327,269,253,297,299,232,427,273,268,227,294,276
H1fx,1,0,0,2,1,0,3,2,0,1,2,1,0,0,2,1,1,6,2,1,0,3,0,0,3,0,1,0,2,1,0,2,1,0,1,1,6,1,1,0,4,0,1,0,0,2
H2-Aa,382,293,640,1677,670,463,1631,1303,273,425,1386,576,755,370,952,646,860,1256,554,441,408,1363,807,380,458,450,602,456,863,741,6619,432,373,889,264,424,542,827,375,148,331,350,731,311,312,363
H2-Ab1,197,164,278,906,247,204,892,625,160,257,697,338,455,162,498,412,371,480,277,264,179,496,344,155,237,273,348,257,339,349,2655,207,196,448,182,254,271,467,188,93,198,202,368,152,175,194
H2-Bl,3,1,3,5,3,1,6,7,2,1,3,3,3,1,3,1,2,11,2,2,0,2,3,7,11,5,4,4,2,6,6,0,5,4,2,2,1,4,2,3,5,0,5,4,2,2
H2-D1,2053,1350,3039,4802,1956,3143,3804,2317,4681,2317,4075,3966,3640,2893,3928,3746,3881,2645,2536,3312,954,2738,4190,2710,3746,3568,2877,3325,4020,3986,5861,2367,2589,2603,2893,3056,2218,3253,2959,1906,4144,3374,3731,2573,2621,2567
H2-DMa,35,25,58,157,74,51,153,110,44,61,128,67,81,27,100,42,90,113,45,49,47,113,52,40,54,50,47,43,69,76,854,37,52,81,30,42,58,87,43,19,40,33,72,38,32,33
H2-DMb1,22,20,36,99,43,23,80,55,22,29,93,55,49,22,33,44,36,73,24,27,13,56,51,18,34,17,33,43,63,42,376,37,13,57,19,21,31,45,16,15,21,23,56,11,22,26
H2-Eb1,173,194,364,1002,373,250,976,677,164,278,767,325,398,185,494,297,497,647,247,240,279,785,332,210,271,274,319,229,414,421,3414,188,177,518,162,200,268,532,149,106,209,241,441,171,215,228
H2-K1,6962,4483,6952,12284,7438,9158,11969,9997,11187,7643,11609,10332,10511,7906,10856,11373,10461,7640,7699,9670,3802,8725,12161,7609,10048,9058,8570,9277,12111,10958,16674,7746,8616,8509,8725,8961,7289,10061,9516,6360,11949,11040,9938,7361,8858,8587
H2-K2,94,33,54,93,57,56,88,117,93,76,61,105,45,43,73,87,112,60,55,90,33,65,104,107,56,66,40,67,137,77,81,79,59,87,56,88,54,74,75,55,72,107,116,81,85,67
H2-Ke6,363,150,303,463,222,380,408,317,434,366,492,473,345,375,465,470,533,377,404,291,141,428,445,257,302,367,313,409,428,410,312,260,339,279,373,313,230,344,339,275,444,348,325,236,268,293
H2-L,8,0,5,8,10,12,13,8,12,11,11,15,13,9,16,11,9,18,6,11,4,16,4,4,8,6,13,11,16,11,10,8,13,7,3,9,9,4,15,2,11,4,8,5,5,8
H2-M2,3,1,8,15,3,2,7,10,2,1,6,3,7,1,6,3,2,24,0,3,3,23,9,1,3,0,2,2,2,3,11,1,1,8,1,2,2,1,2,0,2,0,1,3,2,0
H2-M3,16,10,19,13,22,20,17,27,15,15,28,25,21,16,24,22,21,28,12,10,7,24,23,13,16,18,10,16,19,15,40,7,12,9,7,12,12,15,16,6,16,10,17,5,6,11
H2-Oa,4,4,7,10,3,3,6,4,0,5,8,2,10,2,4,3,4,6,5,5,1,23,2,3,4,0,7,3,9,4,19,1,3,8,3,4,5,5,3,2,2,3,3,0,5,5
H2-Q1,6,3,5,8,13,14,20,27,17,4,6,9,23,10,10,4,0,50,3,11,3,24,31,9,12,14,7,12,54,20,22,19,7,19,14,27,15,24,9,5,9,7,18,18,10,18
H2-Q10,7265,3618,7728,10419,9272,10201,10873,10168,12908,7862,8975,9901,8281,8723,11117,12131,9884,8118,9028,10611,4174,7679,13739,9086,12900,12705,11744,12966,16870,15626,12124,10696,11862,8744,13822,13922,12165,11981,13492,8973,18757,15788,13840,10624,13642,12883
H2-Q4,4,3,4,14,6,4,2,6,10,2,11,5,6,6,5,5,4,4,4,3,0,7,3,6,4,4,5,3,7,4,10,3,1,7,4,1,2,5,2,0,3,3,5,2,6,3
H2-Q5,8,4,1,5,3,2,7,3,6,6,10,3,9,6,4,10,7,0,5,5,2,5,5,4,3,2,2,3,3,5,24,3,7,6,2,4,5,6,3,1,5,2,3,6,5,6
H2-T23,903,468,890,1607,367,1157,1405,478,1613,907,1353,1392,1017,1195,1396,1394,1572,449,926,1041,152,482,1298,693,1402,1440,976,1282,2001,1247,976,661,844,881,1126,746,467,1375,1169,696,1228,1235,1146,758,950,1031
H2afj,19,12,18,31,10,13,11,25,16,19,22,27,14,11,23,18,11,24,16,13,6,19,21,14,23,12,12,18,10,13,17,16,14,20,14,17,12,16,13,9,21,14,16,8,14,13
H2afv,257,114,233,375,238,278,263,240,293,241,324,211,241,291,278,358,384,227,267,229,132,369,302,190,250,291,226,239,393,342,211,187,266,164,243,268,286,226,276,157,353,237,253,208,260,247
H2afx,71,59,100,121,82,122,119,86,93,57,111,214,96,75,90,85,103,125,68,78,25,108,89,65,70,64,91,67,73,68,108,47,89,60,89,70,65,81,75,39,94,85,84,61,58,75
H2afy,540,267,468,683,490,451,636,504,535,479,617,592,542,435,506,621,593,543,496,441,206,533,601,352,482,447,489,476,555,552,470,326,421,374,472,331,384,450,469,285,648,514,521,365,415,396
H2afy2,3,1,1,6,3,0,5,3,1,3,2,7,2,2,1,2,5,6,4,2,2,6,2,0,1,1,3,4,1,1,3,3,1,3,0,3,4,3,2,0,2,0,1,0,1,0
H2afz,95,41,59,119,100,66,119,107,115,81,91,86,105,105,120,148,132,134,85,74,57,150,111,54,95,77,80,89,100,108,85,83,84,64,100,80,103,78,65,52,110,101,86,58,78,83
H3f3a,276,158,287,499,317,420,418,433,532,394,452,560,434,427,437,452,468,513,431,296,154,530,485,304,459,423,386,406,492,409,306,251,461,329,413,343,321,361,442,251,556,476,353,269,283,350
H3f3b,218,97,172,293,254,174,272,314,334,270,273,383,256,197,277,266,251,543,202,216,144,473,345,169,300,315,214,311,407,317,333,173,257,150,207,215,219,247,196,154,363,206,277,182,201,243
H6pd,770,336,819,1254,604,892,756,570,1056,652,1212,820,674,678,887,1248,1095,663,668,737,180,598,663,406,639,576,852,807,803,842,600,475,637,465,802,634,424,646,648,355,877,615,634,454,507,559
Haao,1903,776,1693,2220,1286,1986,2367,1837,2803,1809,1669,1860,1991,2178,2215,1602,1368,542,1376,1846,611,990,2756,1664,2386,2504,1581,2458,2716,2870,1266,1527,2255,1830,2378,2135,1663,2553,2424,1640,3293,2505,2057,1851,2095,2151
Habp2,255,127,258,412,390,304,289,316,551,317,314,407,355,313,329,380,356,275,205,358,157,338,394,268,417,381,358,316,556,378,264,210,331,208,367,283,354,290,407,196,573,384,384,295,364,318
Habp4,410,246,379,636,471,426,540,532,638,455,585,721,430,395,515,666,674,631,446,500,151,737,621,341,545,534,498,506,618,503,547,343,483,344,518,459,378,472,515,301,762,529,426,300,467,425
Hacd1,46,27,55,74,44,64,72,60,81,60,68,78,63,66,79,88,74,91,65,78,29,109,71,44,69,48,60,91,105,83,59,57,62,43,89,75,55,74,79,38,92,65,76,46,60,52
Hacd2,21,18,21,39,33,30,43,37,47,45,34,48,37,36,46,45,39,66,38,35,17,75,48,25,37,29,41,55,45,45,53,31,40,40,43,41,43,42,62,21,48,38,38,23,54,35
Hacd3,310,195,348,559,449,393,355,373,478,338,423,472,495,304,398,617,499,543,360,300,166,583,410,202,303,353,320,360,517,411,500,269,350,204,413,340,306,296,337,189,443,327,442,276,343,342
Hace1,5,3,8,7,4,5,1,3,4,5,8,9,2,3,2,2,3,5,5,2,3,5,10,0,5,1,4,2,6,8,2,4,2,0,7,5,2,3,0,2,1,4,3,3,2,3
Hacl1,1534,697,1783,2100,1344,1710,1618,1406,2598,1983,1934,1620,1735,1880,1907,2476,2855,1123,1580,1593,795,2031,2230,1119,1398,1641,1615,1867,2808,2209,752,1052,1631,966,2061,2171,1956,1482,1817,980,1821,1758,2267,1514,1826,1901
Hadh,2001,1024,2032,2777,1835,2137,2098,1837,2405,2063,2721,2361,2389,2084,2372,2888,3429,2293,2242,2124,1003,2965,2368,1795,1983,1988,1716,2234,2717,2460,2355,1758,2302,1689,2211,2366,1785,1711,2394,1251,2944,2179,2307,1877,2024,1852
Hadhb,461,200,300,597,201,339,347,335,479,486,415,533,431,250,469,818,683,771,490,389,128,635,533,227,326,292,331,489,523,407,345,295,295,256,398,346,367,413,355,262,432,446,443,247,348,380
Hagh,2178,1040,1934,2816,1816,2689,2367,2079,2547,2429,2929,2979,2632,2194,2933,2980,2733,1432,2489,1977,1054,2295,2732,1760,2822,2545,2156,2601,3111,2975,1704,1921,2736,1737,2361,2281,2447,2256,2933,1440,3590,2630,2295,2126,2238,2189
Haghl,44,18,41,62,33,43,55,54,53,49,55,43,54,39,63,48,45,70,40,44,17,78,40,25,50,36,55,64,52,56,55,43,46,40,56,48,25,51,39,25,50,47,52,33,35,40
Hal,742,359,867,848,713,956,792,718,1587,856,695,1252,1019,1104,897,942,750,816,637,728,245,1706,1093,1002,1115,1038,927,854,1874,1072,431,666,782,653,968,926,1030,749,974,609,1304,1129,815,769,800,963
Hamp,5495,3272,9416,7687,1814,8014,5149,5023,2572,3587,6440,345,5064,7840,4146,1478,2706,8061,6670,2578,581,10005,6822,3990,2740,866,730,676,5931,1530,2099,1556,1067,1965,5193,3128,4037,5401,76,443,133,1594,2841,71,1136,4031
Hamp2,242,349,614,279,301,1069,1844,1140,1680,779,145,48,3102,2230,2198,100,138,448,288,178,88,2126,2301,4926,805,468,219,615,12892,1029,305,873,1084,2585,1603,3235,3769,2138,36,563,158,711,2663,44,1919,2892
Hand2,33,18,27,69,40,34,36,44,48,41,64,67,66,25,67,53,53,96,63,14,18,106,46,20,38,39,38,49,41,43,18,22,24,35,15,24,21,34,44,24,56,30,25,24,24,39
Hao1,556,233,468,875,534,543,796,740,753,683,835,963,627,676,879,948,798,365,736,576,256,406,844,349,767,771,669,895,760,1115,482,667,863,388,818,700,731,890,835,508,1077,929,777,485,676,727
Hao2,1,1,3,0,0,0,4,2,2,2,1,1,1,3,3,1,2,1,1,6,0,1,2,4,1,0,0,4,17,0,1,1,6,9,4,8,7,1,1,1,2,2,5,3,6,6
Hap1,14,4,9,25,16,11,15,18,7,10,19,15,6,5,17,12,14,23,21,7,1,15,10,4,12,7,18,12,14,12,21,9,12,4,4,7,5,15,6,3,15,6,16,4,9,2
Hapln4,14,3,18,16,18,7,22,15,72,19,21,68,12,22,22,20,26,25,16,31,5,19,23,20,27,16,18,25,18,13,9,14,21,21,22,18,13,13,14,23,32,32,14,17,16,15
Harbi1,46,15,37,56,43,59,66,50,60,61,55,74,52,50,46,78,81,68,51,46,17,63,52,33,50,68,38,51,65,69,40,50,62,41,45,33,30,50,46,26,66,58,38,38,30,36
Hars,145,59,118,175,126,129,130,136,199,157,144,226,147,127,146,205,166,235,128,148,62,234,160,69,115,169,133,131,135,135,135,82,126,94,156,114,120,115,126,63,191,122,126,113,94,93
Hars2,53,22,51,67,57,55,58,66,75,52,65,80,56,54,57,61,53,73,70,57,29,78,64,31,52,60,47,77,76,85,44,52,64,27,50,52,40,53,49,24,99,64,56,41,53,46
Hat1,11,6,8,8,5,10,18,9,8,3,12,5,11,14,10,4,5,26,22,10,4,14,13,4,8,3,9,6,8,8,6,6,9,6,8,2,7,7,4,4,12,6,5,1,7,3
Haus1,24,6,8,14,9,18,19,19,14,20,27,13,11,19,14,17,23,37,12,14,5,23,15,12,14,17,9,18,18,14,14,9,18,8,10,14,12,17,14,10,22,8,16,8,15,7
Haus2,33,27,26,53,37,36,43,43,38,32,45,46,21,36,28,35,27,54,26,30,12,48,47,33,38,40,42,36,58,36,34,24,24,27,31,33,36,30,40,16,41,33,34,30,39,33
Haus3,3,4,5,5,6,1,5,3,8,4,3,5,2,2,4,5,3,6,0,3,1,5,6,2,5,6,0,2,4,5,1,3,0,0,3,5,5,3,4,5,2,1,4,0,2,1
Haus4,71,46,77,101,80,75,110,87,83,69,116,75,92,101,96,150,130,121,93,80,39,137,86,59,84,88,70,87,112,94,80,64,92,78,105,98,70,70,88,60,126,85,107,91,86,67
Haus5,25,15,33,39,28,36,36,52,33,19,35,29,29,28,35,25,24,43,26,31,5,33,26,19,30,25,32,28,32,24,26,26,21,20,17,20,32,32,24,21,42,24,23,23,26,29
Haus7,85,44,78,129,66,70,111,86,82,63,106,96,100,49,71,95,110,114,95,85,32,104,122,76,84,96,61,64,112,90,83,65,79,77,72,102,75,80,84,46,108,82,79,76,66,81
Haus8,12,1,8,21,30,10,13,28,14,10,20,13,9,7,15,20,23,145,9,10,5,99,16,5,12,9,8,7,17,8,27,10,10,9,16,7,7,18,14,9,16,12,7,5,7,11
Havcr2,0,1,2,4,0,0,2,3,1,0,2,0,1,0,0,1,1,0,1,0,1,6,2,0,0,1,1,0,2,0,0,0,0,3,0,0,1,1,0,1,2,1,1,1,0,1
Hax1,57,3,5,77,6,29,19,34,34,61,73,56,49,6,52,86,71,6,29,39,15,69,41,18,36,35,47,36,8,32,6,4,26,51,17,22,27,60,23,14,69,8,8,8,23,41
Hbegf,4,0,0,11,6,6,5,7,9,5,5,7,6,4,5,2,8,12,3,5,5,23,6,6,4,8,5,4,8,3,9,0,4,4,5,3,2,1,2,3,8,2,6,2,6,4
Hbp1,318,134,256,544,280,296,329,316,461,358,433,288,391,299,356,492,421,474,299,304,137,478,374,240,323,386,274,341,400,380,294,257,309,198,431,394,355,287,339,242,520,323,350,271,291,335
Hbs1l,185,93,157,251,133,150,195,172,197,184,185,224,172,166,168,288,214,215,171,145,50,215,203,121,150,182,137,172,269,223,141,125,144,116,186,175,109,144,162,108,210,160,146,89,120,179
Hc,1812,893,2087,2535,3093,2178,2087,2028,4549,1793,2944,4082,1892,1875,2352,2531,2141,1451,1858,2353,833,1984,2270,1336,2826,2890,2860,2012,2367,2567,1634,1105,2227,1060,1857,1457,1459,1586,1805,1441,3666,2099,1754,1627,1516,1559
Hcar2,2,1,3,9,7,0,1,1,0,3,1,2,2,2,3,5,1,6,1,2,1,5,3,1,1,3,0,4,5,3,9,0,1,2,0,2,0,3,0,3,5,2,4,1,0,1
Hccs,19,14,7,19,14,24,25,25,24,19,18,44,12,24,26,22,14,31,23,15,12,43,26,15,17,22,21,21,32,22,21,12,20,10,11,21,26,24,7,14,20,23,18,21,17,25
Hcfc1,71,37,50,79,60,65,72,55,91,78,95,120,67,44,65,87,92,105,93,66,20,98,64,46,74,65,72,71,72,55,61,33,64,50,68,57,59,60,37,37,69,55,62,32,53,44
Hcfc1r1,447,217,496,696,427,641,666,660,607,548,627,513,630,586,654,589,695,535,543,435,206,713,790,438,637,622,490,614,879,751,600,492,580,438,687,681,526,631,695,354,858,656,624,548,539,535
Hcfc2,3,5,5,13,14,12,7,7,9,4,10,14,10,6,13,7,4,19,10,12,5,24,13,8,9,6,7,8,12,17,4,6,14,7,13,5,4,5,10,3,14,2,10,5,8,7
Hck,24,15,37,50,62,34,74,68,39,27,65,47,38,22,42,33,40,58,25,24,19,43,42,32,73,26,45,19,42,48,194,19,22,49,21,24,31,36,28,13,32,31,45,24,28,23
Hcls1,48,22,30,63,43,40,64,61,30,27,57,48,33,27,48,55,54,86,21,33,21,75,49,32,61,21,54,42,57,53,217,26,35,49,21,46,41,44,34,25,45,47,61,30,35,30
Hcn3,3,1,1,5,2,1,6,3,4,0,6,1,2,1,0,1,5,2,4,0,0,1,2,0,1,3,0,3,3,0,1,1,6,4,0,1,2,4,3,1,2,3,3,3,1,0
Hcst,7,6,12,30,9,8,20,16,6,12,22,18,10,9,18,10,18,19,10,15,5,32,10,11,21,8,14,12,15,13,20,5,7,10,8,14,15,12,9,5,9,11,6,10,11,8
Hdac1,74,40,57,86,72,56,83,71,76,57,87,105,62,52,62,92,94,82,81,60,30,84,80,61,58,77,72,67,80,71,80,49,63,57,62,60,50,55,69,33,87,60,79,37,61,70
Hdac10,56,26,42,67,50,55,77,65,77,49,72,76,43,39,70,58,69,65,38,58,17,78,60,39,58,52,46,63,63,72,43,50,34,48,52,41,40,51,49,48,86,55,54,34,54,48
Hdac11,154,71,135,241,109,130,164,144,198,137,224,169,161,156,181,234,219,160,197,168,56,238,179,83,136,174,94,156,211,150,118,114,159,131,173,160,117,147,168,101,230,139,139,129,139,130
Hdac2,44,17,34,57,44,48,42,36,53,35,66,75,44,52,50,45,56,78,42,41,20,68,66,40,29,43,30,64,65,45,31,40,41,26,39,48,47,58,54,31,45,54,45,31,49,50
Hdac3,48,19,43,47,35,31,53,50,53,26,55,50,38,31,47,43,53,58,38,33,16,36,48,32,24,40,37,47,43,48,31,38,47,35,38,36,32,36,41,37,45,40,37,25,32,27
Hdac4,43,38,38,84,37,24,49,43,62,35,71,54,40,32,53,79,70,51,56,37,12,31,45,33,33,38,50,43,56,48,38,55,50,34,37,41,21,34,35,25,53,25,42,28,36,43
Hdac5,208,116,176,330,175,205,271,289,212,197,309,289,216,193,216,283,297,236,230,172,85,263,272,176,236,235,183,229,252,228,194,175,223,220,226,213,161,266,204,125,299,208,209,152,203,206
Hdac6,88,39,51,105,66,54,91,100,102,79,69,92,58,84,73,91,101,102,82,75,26,102,81,43,57,67,61,84,97,88,57,63,63,62,68,68,67,80,77,51,108,75,70,60,65,65
Hdac7,53,28,52,86,47,60,74,63,59,44,80,78,72,49,58,71,65,74,57,41,20,64,53,36,51,59,48,58,79,68,52,40,50,47,33,42,44,52,45,27,78,39,46,41,47,47
Hdac8,21,4,16,26,16,15,23,19,19,7,12,30,22,11,18,18,19,24,13,10,2,28,20,14,14,10,13,15,16,7,15,13,13,10,12,20,16,6,10,9,18,15,18,16,10,11
Hdc,10,2,6,4,2,4,4,11,15,6,15,12,12,6,7,12,15,8,3,7,2,12,10,6,3,8,13,7,6,11,23,4,6,7,8,3,0,6,9,2,12,6,6,5,9,10
Hddc2,14,8,11,28,14,13,20,23,23,11,27,26,13,17,16,14,34,46,20,17,6,45,24,2,21,14,6,13,23,10,16,7,16,10,19,13,8,14,15,12,16,13,12,9,6,13
Hddc3,4,3,6,8,12,5,10,7,8,7,7,9,7,5,10,9,8,6,7,11,2,8,11,4,11,5,6,9,12,11,10,3,4,1,11,9,9,10,5,4,11,12,7,3,6,8
Hdgf,872,395,483,789,601,602,767,684,783,810,753,879,723,653,803,954,810,1038,831,742,257,1129,757,394,528,682,610,695,928,791,565,489,600,378,633,475,533,632,573,351,707,582,549,331,464,593
Hdgfrp2,112,40,107,162,113,123,154,154,199,117,150,221,138,109,138,142,147,160,107,128,44,161,159,95,130,141,107,127,148,139,131,99,151,122,126,123,114,144,141,96,202,131,133,110,137,109
Hdgfrp3,3,1,2,0,1,3,3,4,2,1,2,2,1,2,1,1,2,2,5,1,1,6,4,1,2,1,1,0,2,1,3,0,2,2,2,1,2,3,3,2,6,1,0,2,0,1
Hdhd2,77,55,83,107,104,77,125,104,122,79,126,133,99,91,120,110,122,116,102,110,42,135,106,78,118,100,93,104,157,124,97,72,137,69,105,112,88,83,114,55,139,134,96,104,96,79
Hdhd3,131,85,126,132,100,112,129,184,188,195,135,346,144,144,161,119,143,82,183,193,38,83,171,121,169,175,153,204,182,152,129,130,168,119,170,69,113,154,139,91,229,164,162,113,143,153
Hdlbp,447,209,372,558,334,356,432,417,609,399,491,689,393,320,496,595,537,602,469,472,143,583,493,278,380,412,426,461,437,432,449,382,353,258,398,356,288,367,404,226,562,389,399,248,313,318
Heatr1,121,67,119,149,130,142,165,124,237,97,167,202,123,158,160,137,137,144,110,113,42,195,139,112,185,131,153,122,183,150,130,86,116,110,67,102,109,120,104,118,212,158,127,91,132,115
Heatr3,71,39,61,82,66,77,85,66,110,50,98,94,79,48,74,68,78,84,79,70,29,125,62,51,80,68,72,71,97,88,57,56,77,60,59,59,71,72,64,29,101,57,66,50,49,52
Heatr5a,21,11,22,33,21,27,36,22,33,16,19,38,22,17,25,28,36,38,26,30,10,29,34,16,26,10,17,29,26,25,24,17,22,22,29,21,24,30,18,15,40,21,19,15,8,13
Heatr5b,30,19,36,45,33,29,39,31,38,30,35,67,28,22,32,30,43,44,33,26,15,39,29,21,26,38,33,32,37,33,21,27,42,32,25,28,19,28,29,24,42,41,34,20,23,27
Heatr6,8,6,4,18,11,8,9,8,10,8,8,15,8,6,9,14,14,11,15,7,2,14,11,6,4,12,11,11,11,6,1,6,7,6,2,6,8,8,11,11,17,7,8,10,11,3
Hebp1,821,361,834,1183,820,1124,1194,1088,1279,773,950,927,763,947,1111,1037,1210,851,1116,838,337,1257,1281,671,1022,795,791,984,1422,1269,793,588,850,589,834,784,599,997,969,526,1134,857,871,592,693,694
Hebp2,3,0,1,1,8,6,8,3,9,3,3,7,2,4,3,1,0,8,1,1,0,5,6,1,5,6,5,3,3,1,1,1,2,0,3,1,0,3,0,6,3,3,1,0,1,2
Heca,5,6,8,21,9,9,10,5,13,8,5,7,19,20,8,15,14,9,14,8,2,24,5,4,7,9,8,8,16,10,3,9,8,1,7,10,6,6,7,5,9,10,8,6,6,9
Hectd1,123,64,114,163,102,121,126,88,151,125,177,167,100,130,140,160,176,163,171,118,46,162,100,59,90,102,95,122,122,108,60,69,93,44,88,64,70,74,78,50,117,57,85,66,56,96
Hectd2,2,1,1,2,0,1,1,1,0,1,3,6,2,1,2,2,1,0,3,0,0,2,1,1,2,2,2,1,0,2,0,1,5,2,2,0,1,1,3,0,1,1,1,1,1,1
Hectd3,29,14,28,40,21,30,22,39,46,34,36,35,31,37,36,41,43,37,35,32,8,40,42,36,42,29,23,36,54,29,23,22,30,35,54,41,29,31,32,15,45,30,32,18,22,31
Heg1,10,4,4,7,5,6,9,11,7,6,7,4,8,8,8,6,6,20,6,2,4,12,3,6,5,5,9,4,8,6,12,3,4,8,4,3,4,5,6,5,3,6,8,2,7,5
Helb,40,22,36,44,35,36,37,32,56,27,47,47,20,29,27,49,34,55,35,38,15,52,42,18,32,29,26,34,41,41,37,37,29,24,55,44,30,36,22,23,53,39,33,31,29,30
Helq,10,4,7,25,2,9,16,7,16,13,17,29,10,13,12,9,7,13,15,9,7,15,15,10,9,9,10,13,15,7,8,7,5,8,14,8,3,7,6,6,17,10,8,12,11,13
Helz,40,14,28,62,27,31,44,32,57,40,33,51,33,16,39,63,47,43,35,26,10,43,36,28,41,27,28,27,34,37,39,17,35,19,27,35,17,23,31,15,51,16,29,26,12,24
Helz2,298,149,338,422,359,378,355,346,371,276,456,471,306,277,390,313,319,331,282,257,126,374,376,220,365,323,322,337,355,353,309,269,335,216,246,208,219,315,309,155,463,297,288,221,241,221
Hemk1,98,31,94,109,64,70,126,110,80,103,94,113,88,84,88,89,115,95,84,84,25,76,129,93,93,81,88,111,150,114,102,74,119,70,84,93,72,103,108,63,135,114,104,92,88,99
Herc1,82,36,76,125,64,79,74,90,86,65,101,115,86,61,96,83,96,144,92,58,27,164,95,52,70,58,96,76,83,73,91,52,60,55,80,63,52,85,53,47,103,59,75,46,46,66
Herc2,47,26,48,69,53,31,57,52,75,42,60,70,60,51,55,39,57,58,42,41,20,58,75,29,52,53,39,55,58,56,47,42,41,25,45,39,42,50,46,37,58,52,48,21,31,26
Herc3,10,6,5,13,3,5,9,11,6,8,14,7,9,10,6,14,10,17,7,12,2,20,8,5,6,7,7,10,10,8,8,15,12,5,6,5,12,7,12,2,9,4,6,7,4,5
Herc4,36,12,34,61,42,44,58,37,60,52,65,61,40,33,57,52,46,47,32,31,16,49,51,40,51,45,45,51,46,54,44,47,40,12,35,38,25,42,33,29,37,34,38,35,20,31
Herpud1,1527,823,1547,2579,1371,1638,1259,1064,2803,1360,1917,2993,1915,1819,1829,1972,2362,2024,1586,1343,522,3488,1615,735,1340,1388,1706,1502,2101,1549,1196,1456,1264,946,1435,1076,1234,1217,1520,986,2357,1539,1228,839,999,1408
Herpud2,80,37,55,116,66,70,115,65,105,78,87,74,73,66,100,93,90,123,76,69,43,130,107,47,70,79,73,75,116,109,60,48,66,40,73,73,67,62,59,47,111,71,69,48,63,72
Hes1,249,63,82,347,100,93,133,121,91,113,173,244,110,103,108,98,181,334,107,56,34,231,133,102,134,161,91,139,124,121,96,109,88,77,99,97,76,77,115,61,102,78,204,71,125,115
Hes6,340,162,245,313,266,249,428,404,319,377,286,467,293,244,312,429,274,108,339,379,105,145,629,299,480,558,366,447,374,409,168,304,409,274,375,380,347,467,431,345,736,479,363,299,413,370
Hexa,360,134,233,450,236,248,318,322,350,328,440,447,297,215,335,440,462,473,316,263,107,499,317,196,237,230,317,331,344,351,505,208,336,304,246,315,222,292,297,161,379,280,262,267,232,270
Hexb,39,29,54,96,60,77,85,68,135,57,62,105,81,62,69,33,62,100,52,46,23,105,76,34,61,48,80,45,135,99,78,34,31,45,38,51,47,63,33,33,40,41,51,30,40,30
Hexdc,52,20,33,64,46,23,60,41,50,30,65,57,45,37,41,50,53,59,35,40,11,61,41,25,42,43,42,52,51,40,46,20,50,28,38,40,22,35,34,24,52,31,39,41,31,33
Hexim1,2,3,6,3,2,2,4,1,5,4,2,6,11,5,3,2,5,4,2,3,1,6,6,1,6,8,6,3,3,7,0,2,2,3,3,4,3,7,0,3,3,7,7,1,2,4
Hexim2,9,10,5,20,7,20,12,7,14,8,17,20,13,12,13,14,17,10,6,10,8,11,16,11,12,9,13,18,12,15,14,6,21,16,8,13,9,12,21,2,9,18,13,14,11,6
Hey1,2,0,3,6,2,3,2,5,1,0,3,5,2,2,4,1,2,10,2,0,2,9,8,0,4,4,2,1,5,3,0,0,2,0,4,1,2,1,2,4,2,0,5,1,6,2
Heyl,6,2,5,9,5,3,12,8,5,5,3,4,9,5,3,8,4,6,7,2,2,4,9,7,3,7,2,2,9,6,2,2,7,4,5,8,3,7,3,6,3,5,8,6,1,2
Hfe,130,67,116,186,127,145,161,162,248,129,187,196,186,148,176,193,214,189,143,144,84,155,209,119,185,179,136,172,263,194,175,119,172,120,198,147,167,146,211,119,235,172,174,138,170,168
Hfe2,203,97,200,217,224,217,240,270,332,205,213,282,288,245,269,223,236,274,228,197,79,279,290,196,294,279,186,264,363,300,258,195,261,155,252,238,212,253,249,191,350,262,244,165,238,238
Hgd,1707,861,1562,2540,1889,2140,2675,2252,2997,2071,1934,1953,2460,2380,2684,2817,2008,1591,1808,2000,890,2428,3246,2009,2976,2846,2160,2367,4572,3179,2164,1985,2517,2030,2875,2845,2760,2539,3063,2086,4161,3318,2989,2316,2722,2616
Hgf,6,6,11,11,4,10,9,7,7,14,9,10,6,5,8,7,12,9,6,8,4,17,5,1,1,4,2,4,2,5,7,1,4,1,2,4,3,5,3,3,5,2,6,4,4,2
Hgfac,1470,792,1741,2101,2131,1698,2257,2070,3389,1688,2178,2498,1758,1863,2133,1979,2300,1078,1673,1737,574,1227,2230,1474,1876,1774,2283,1684,2539,2039,1201,1342,1860,1496,1806,1833,1546,1881,1785,1277,2301,1909,1754,1587,1964,1836
Hgh1,45,21,35,57,26,32,47,39,40,35,62,64,42,35,50,44,33,61,26,30,18,57,36,20,35,41,35,43,49,44,35,23,47,21,35,28,25,39,26,27,57,41,58,31,27,32
Hgs,238,146,209,370,189,206,235,245,266,185,288,367,269,212,276,367,327,339,269,162,68,345,187,173,231,206,184,253,269,239,265,214,254,177,238,217,205,213,216,141,328,217,219,209,180,191
Hgsnat,178,72,183,275,156,217,207,214,389,208,259,303,229,195,252,248,283,296,194,183,54,374,213,139,188,188,213,201,290,226,179,145,184,132,182,177,144,179,171,146,247,220,196,107,172,130
Hhex,510,166,392,579,446,445,699,389,488,414,679,523,654,578,795,538,352,387,646,318,206,566,635,202,754,394,630,458,667,756,224,161,508,206,537,354,473,573,357,125,663,311,286,235,206,410
Hhip,11,5,8,13,13,9,10,11,12,11,23,32,7,9,14,19,10,14,13,6,5,32,14,12,7,9,10,10,7,15,4,2,12,4,5,3,4,7,11,3,13,9,4,7,4,7
Hhipl2,4,0,3,9,4,0,4,3,5,4,5,1,4,2,4,4,9,21,1,4,0,12,7,1,4,4,6,3,12,10,6,2,5,4,0,6,2,3,2,1,5,3,3,0,1,4
Hiat1,74,30,59,105,56,61,52,44,114,61,72,109,70,53,79,66,76,72,64,65,28,74,94,37,60,67,58,68,76,57,43,45,56,34,53,49,53,45,62,26,68,74,55,37,47,53
Hiatl1,64,31,57,99,62,49,64,71,94,90,95,124,78,75,98,90,75,65,77,65,30,104,105,54,71,78,70,71,93,75,71,45,80,38,66,59,60,69,54,47,106,63,66,46,44,61
Hibadh,1058,456,955,1442,750,1219,1224,1146,1382,1206,1278,1169,1351,1322,1384,1365,1188,1000,1198,1129,447,1473,1642,995,1321,1161,966,1374,1930,1571,875,974,1328,826,1385,1181,1175,1202,1279,760,1503,1398,1332,837,1122,1281
Hibch,63,41,82,161,79,105,136,104,164,100,121,118,102,124,144,104,131,144,112,125,34,140,174,94,102,115,102,159,181,169,99,93,129,53,137,115,117,151,100,92,167,130,148,88,96,137
Hic1,22,15,19,31,22,33,35,49,27,22,31,47,25,15,29,35,35,41,19,16,8,34,35,15,37,29,12,16,37,35,42,15,26,25,22,20,13,23,26,11,21,17,21,26,13,21
Hic2,8,4,4,10,6,6,13,4,8,9,18,13,8,9,10,19,13,15,7,2,2,17,4,4,2,13,3,3,13,6,6,9,3,9,7,7,1,6,9,4,7,9,6,6,6,8
Hid1,8,6,7,9,2,5,10,10,12,11,7,14,8,7,7,15,15,69,14,6,1,16,8,2,7,7,5,11,8,8,6,4,10,11,8,6,3,11,4,4,11,3,7,7,4,9
Hif1a,34,12,28,36,18,33,36,26,34,38,32,41,25,27,33,20,30,37,35,19,7,26,41,24,29,21,22,21,39,28,23,18,23,7,22,15,9,27,25,23,18,24,24,9,14,17
Hif1an,39,33,45,72,29,38,41,49,64,50,52,51,39,36,51,66,60,49,34,53,18,48,53,30,45,45,55,43,53,37,37,26,32,27,57,45,35,44,27,27,58,48,32,29,41,37
Higd1a,17,7,10,13,13,18,24,26,42,16,16,43,30,19,21,19,14,31,20,23,12,13,33,16,30,24,27,36,29,35,21,23,8,21,24,20,13,28,25,22,37,19,20,18,11,20
Higd2a,485,265,472,728,386,644,590,594,986,591,697,741,633,686,693,698,723,571,608,562,192,789,728,466,716,619,575,683,851,685,557,492,608,408,666,578,553,619,644,423,978,697,580,442,507,523
Hilpda,20,7,12,40,17,17,24,24,35,16,37,42,23,22,22,25,27,93,20,21,4,66,27,22,17,26,10,26,29,30,34,26,19,14,7,17,26,26,26,11,24,22,25,17,16,15
Hinfp,9,6,6,11,13,10,4,11,11,6,8,12,4,10,15,9,8,12,3,6,7,13,11,7,4,6,8,8,12,7,9,4,10,1,5,8,11,12,14,3,13,7,3,5,6,6
Hint1,2766,1365,2307,4041,2643,2485,3113,3127,3595,2976,3717,3618,3145,3060,3493,3849,4216,6316,3011,2872,1398,6862,3489,2115,3130,3180,2555,3222,3962,3641,3026,2169,3166,1935,3220,2975,2989,3081,3098,2079,4235,3388,3136,2268,3006,3102
Hint2,1065,460,991,1438,506,859,1109,1014,1271,1036,1333,1431,1102,1120,1252,1360,1298,1005,1175,1069,279,1175,1278,760,1098,834,836,1162,1357,920,956,802,991,830,1107,966,759,1117,1164,788,1260,1143,1002,693,967,926
Hint3,174,103,200,262,204,192,238,244,285,208,241,248,282,226,262,258,251,330,198,218,129,395,317,216,247,238,164,225,322,307,224,165,293,207,270,309,260,239,304,188,382,289,229,216,247,221
Hip1,10,3,4,7,1,5,7,6,4,8,7,18,11,9,8,7,9,13,9,10,5,8,12,5,6,5,7,4,13,6,12,3,4,10,7,8,9,10,7,4,7,7,8,1,5,7
Hip1r,100,66,79,179,61,101,111,90,71,67,135,89,83,78,99,137,91,87,76,85,36,81,81,48,83,90,78,75,87,94,107,72,90,76,75,61,53,96,83,36,100,58,76,76,65,47
Hipk1,195,63,163,237,168,181,194,182,259,184,231,232,218,187,221,216,228,234,189,142,97,254,209,141,173,180,175,190,216,226,136,136,174,110,167,218,149,148,185,111,233,173,153,121,135,161
Hipk2,43,16,47,28,27,22,46,30,14,41,46,52,23,16,26,53,45,41,30,28,9,31,55,15,16,37,27,28,20,22,29,18,27,38,22,17,6,30,16,12,35,17,33,28,19,17
Hipk3,144,94,196,207,141,167,181,117,218,226,239,195,177,222,182,202,205,225,233,170,72,183,187,81,155,142,159,126,208,189,77,101,170,74,135,125,110,122,139,89,177,105,107,77,123,122
Hira,24,18,26,30,24,15,18,11,20,19,33,37,33,14,19,20,32,23,23,12,16,30,26,7,23,21,18,17,20,24,25,12,20,8,29,16,17,9,15,9,25,21,18,7,12,10
Hirip3,15,11,17,12,13,14,12,20,21,13,16,20,12,9,26,12,16,31,10,12,10,23,15,7,16,14,9,16,16,17,16,10,19,7,17,14,17,12,16,5,25,16,11,17,10,7
Hist1h1c,5,1,6,12,6,3,3,1,6,3,6,9,2,1,3,10,7,8,7,2,0,11,1,2,6,1,7,3,6,1,7,0,1,3,1,2,3,3,1,0,6,3,5,2,3,4
Hist1h1e,17,9,9,8,84,18,18,18,10,11,32,16,9,16,8,32,19,28,17,23,7,48,17,5,11,6,43,5,8,5,12,5,7,2,4,3,4,6,16,6,12,3,6,4,6,7
Hist1h2ae,2,1,3,6,2,4,3,6,3,8,2,5,2,2,4,3,3,2,1,1,0,2,3,3,1,1,2,5,1,5,3,4,4,3,1,6,4,4,1,4,7,4,6,2,1,1
Hist1h2bc,1686,718,1299,2157,1791,2421,1552,1635,2738,1860,2358,2366,1689,1736,2279,2272,2480,1283,1822,1811,987,1009,2308,1527,2445,2011,1937,2383,2729,2846,1643,1833,2364,1385,2457,2341,2033,2027,2365,1413,3549,2413,1961,1677,1965,1813
Hist1h2bj,1,2,0,1,1,1,0,0,1,3,2,3,2,0,3,1,2,10,3,1,0,4,0,0,0,0,0,0,1,1,1,0,0,0,1,0,0,1,0,0,1,1,0,0,0,0
Hist1h3a,0,0,1,1,5,2,1,0,1,5,7,3,1,1,1,1,5,3,3,2,3,2,3,1,1,0,0,5,2,0,2,3,2,2,3,0,4,2,1,2,1,2,4,1,0,2
Hist1h4b,3,0,4,4,3,2,1,8,6,4,14,5,1,2,1,8,7,3,12,2,3,11,6,4,7,2,2,10,5,1,3,2,10,2,2,3,2,3,2,4,3,0,1,2,3,0
Hist1h4c,5,3,4,6,2,11,3,6,7,6,19,17,1,4,11,19,27,8,9,2,0,13,3,4,4,5,5,8,12,0,3,5,7,0,8,5,5,3,8,4,8,4,6,1,1,3
Hist1h4d,6,2,5,6,4,5,4,6,7,5,10,9,1,3,5,11,13,5,5,12,1,10,7,2,2,8,2,6,5,5,4,5,7,4,1,3,6,7,0,0,1,0,2,5,2,1
Hist1h4h,10,6,5,8,5,17,8,5,13,7,22,12,3,2,8,14,17,5,12,8,1,9,10,7,12,11,12,11,18,13,9,5,11,7,16,8,7,4,10,12,24,14,10,9,12,6
Hist1h4i,3,1,4,9,2,8,2,5,7,5,4,9,2,7,3,5,8,4,13,2,2,5,11,3,7,7,9,8,7,5,11,2,5,11,3,6,15,6,6,4,8,8,5,6,5,9
Hist2h2ac,4,1,3,4,1,4,0,1,2,5,6,4,3,2,4,6,12,5,6,0,1,12,2,1,1,2,0,3,6,0,2,1,1,2,0,0,1,3,1,0,0,0,1,1,1,0
Hist2h2bb,1,0,6,0,0,0,0,1,0,1,1,1,0,0,1,0,0,2,1,0,0,2,0,0,1,0,1,0,1,0,0,0,0,0,0,0,0,0,0,0,0,0,0,0,0,0
Hist2h2be,4,4,10,5,3,2,6,8,6,11,5,14,1,4,9,5,9,5,4,4,1,6,7,4,12,7,3,9,15,5,2,5,9,2,8,7,6,9,5,2,5,5,3,0,8,8
Hist2h4,1,2,2,2,0,3,0,1,0,3,7,5,0,1,2,5,5,2,5,1,0,5,0,1,2,1,1,1,2,0,1,0,1,0,0,0,0,0,0,0,0,0,1,0,0,0
Hist3h2a,2,3,4,7,5,1,3,3,5,3,1,9,3,3,5,5,4,7,0,4,2,5,7,2,5,2,1,4,6,5,2,3,3,6,4,4,2,2,4,2,5,3,5,3,6,1
Hist4h4,1,2,3,2,0,3,0,0,2,2,5,6,0,2,3,3,8,3,4,0,0,3,0,3,1,1,2,3,2,1,2,1,2,2,0,2,1,2,1,0,2,2,0,1,4,1
Hivep1,37,12,25,60,42,40,48,36,43,44,62,43,57,29,45,50,52,70,47,44,10,48,44,24,53,34,33,49,59,77,44,25,31,25,28,48,36,40,41,35,45,48,41,29,41,40
Hivep2,28,18,20,33,21,24,35,38,42,36,33,31,36,22,30,39,35,28,32,30,14,43,37,18,32,30,29,32,38,40,39,17,23,20,26,26,22,16,28,12,49,34,20,21,17,21
Hjurp,40,16,20,59,26,40,36,30,32,23,40,36,25,48,31,43,50,19,33,28,9,15,46,28,26,48,33,31,41,34,21,29,28,23,35,29,28,43,37,20,56,23,34,30,12,27
Hk1,9,2,11,20,11,9,20,19,18,13,28,22,20,4,15,13,16,15,9,7,4,25,12,9,17,24,15,12,15,22,30,10,20,15,10,13,14,19,11,1,17,16,12,11,15,21
Hk2,3,0,6,10,6,9,7,7,6,4,7,2,2,0,2,3,4,8,4,3,1,7,6,4,4,1,1,7,10,3,31,1,3,8,2,3,4,1,3,2,5,5,2,3,2,2
Hk3,25,12,23,58,35,18,69,49,22,27,36,34,28,12,35,37,32,36,30,24,20,43,34,24,33,26,47,16,29,41,200,23,22,32,13,15,28,33,19,11,24,28,30,14,12,19
Hkdc1,3,0,0,3,5,3,7,4,3,4,7,2,2,1,2,1,1,6,3,1,2,0,2,1,1,2,2,6,0,1,4,2,3,3,0,2,0,6,1,3,9,1,1,0,4,3
Hlcs,27,12,26,49,33,34,39,52,49,22,42,65,41,29,34,39,42,59,41,48,13,43,44,32,37,30,29,34,65,44,30,39,31,31,35,39,38,34,33,23,33,26,33,23,42,35
Hlf,83,50,102,125,75,91,82,71,109,92,129,123,114,92,139,101,101,48,106,85,28,83,98,64,86,108,82,75,119,94,50,83,87,69,87,68,69,71,107,46,100,69,75,60,60,69
Hltf,24,8,19,20,25,35,42,36,37,22,36,39,27,18,29,22,42,36,14,27,8,36,37,18,26,15,22,33,43,29,35,22,37,27,23,25,22,36,20,22,37,21,24,31,20,20
Hlx,18,10,42,32,15,24,27,42,39,26,37,41,41,32,41,54,47,52,41,28,8,57,31,9,23,44,20,24,36,39,32,16,29,22,20,28,15,30,31,18,37,27,26,9,13,28
Hmbox1,2,1,2,3,3,3,2,2,2,2,6,4,3,0,4,5,4,2,1,2,1,1,1,2,2,3,2,1,0,1,3,0,2,2,1,1,2,4,4,0,4,3,0,0,1,1
Hmbs,122,53,88,166,97,94,128,113,131,114,122,138,125,85,121,145,108,121,115,134,59,150,116,95,110,111,86,129,119,139,128,82,124,84,101,95,112,102,103,63,163,97,116,95,101,95
Hmces,63,43,71,91,74,46,70,73,63,61,64,103,48,34,53,62,66,137,50,54,27,119,53,35,62,81,61,56,71,65,62,43,51,36,57,42,40,54,51,35,69,48,57,48,58,46
Hmg20a,30,15,28,49,29,36,43,32,38,38,46,43,30,30,33,43,49,48,26,35,12,39,37,13,35,38,31,36,47,39,36,22,33,21,34,25,27,34,33,15,42,32,29,19,31,24
Hmg20b,256,126,190,311,228,225,323,271,297,222,341,357,245,242,289,325,319,376,273,233,87,353,350,173,235,232,255,277,278,272,227,152,266,198,272,283,187,260,309,178,347,247,208,201,251,237
Hmga2-ps1,0,2,3,3,6,2,1,1,3,0,4,1,2,2,2,6,5,8,1,2,0,6,2,0,2,0,2,0,3,2,5,1,0,3,1,1,0,3,2,1,2,3,2,1,2,1
Hmgb1,14,5,11,17,4,12,15,13,16,17,25,22,15,9,10,17,21,12,19,12,8,5,11,6,14,16,15,19,24,23,8,10,15,4,15,19,11,10,9,8,20,21,12,11,12,14
Hmgb3,30,21,38,41,30,21,43,36,31,30,38,43,44,40,35,41,47,51,40,30,18,68,46,25,40,39,24,40,36,43,28,32,34,31,52,29,24,25,33,24,45,30,37,42,28,15
Hmgcl,1136,473,1003,1529,835,1319,1171,1011,1264,1059,1603,1247,1341,1166,1415,1822,2118,1485,1157,1076,634,1651,1487,896,1127,1098,946,1472,1639,1603,1095,1083,1627,1052,1561,1534,1139,1187,1612,714,1893,1264,1372,1163,1168,1131
Hmgcr,244,45,117,124,297,103,193,230,741,261,132,329,102,87,93,232,225,40,298,303,108,60,340,208,132,247,262,391,398,167,111,128,264,221,125,229,220,192,197,224,287,251,153,108,208,143
Hmgcs1,1540,386,861,1344,1456,972,1403,1199,2136,1319,1464,3043,819,432,968,1269,1708,322,1476,1593,509,334,1687,826,1037,1217,1238,1217,1610,1202,1025,749,1051,988,847,1446,986,1279,1123,659,1293,926,1113,928,868,792
Hmgcs2,1515,656,1334,2339,475,1691,1259,1057,1299,1279,2097,1222,1480,1972,2176,2880,2676,957,1387,1189,369,869,963,978,1057,1116,1245,1710,1531,1857,922,1445,1182,1096,1658,1492,932,1348,1585,1000,1945,1757,1526,832,1241,1336
Hmgn1,197,82,152,258,220,180,208,191,308,193,191,255,208,144,239,180,258,341,189,202,79,326,252,119,223,224,210,263,371,303,158,150,197,125,228,222,243,254,176,129,238,178,229,142,172,191
Hmgn2,3,4,4,9,1,6,15,2,1,1,8,7,2,0,4,4,1,23,1,0,4,2,2,4,7,2,4,0,10,5,14,1,11,0,0,0,7,1,10,0,0,2,0,1,9,3
Hmgn3,4,4,5,11,5,5,4,4,3,2,10,4,8,1,1,1,3,6,8,5,1,5,5,0,4,5,5,5,6,4,4,3,4,3,2,4,2,6,3,3,5,5,3,4,2,1
Hmgn5,145,62,111,206,128,117,167,137,191,136,140,178,179,182,188,185,130,128,108,143,69,212,189,92,155,175,117,148,210,165,103,116,141,91,165,153,167,110,147,88,217,137,135,102,127,123
Hmgxb3,48,19,47,66,38,39,78,50,54,37,59,81,38,37,51,38,52,49,56,51,14,71,34,33,53,35,44,40,48,51,33,25,38,41,36,49,27,44,51,27,53,35,44,34,41,38
Hmgxb4,18,6,6,13,4,7,15,16,16,16,13,18,15,7,14,9,11,18,10,9,5,13,11,3,7,13,12,14,10,20,10,10,12,6,17,15,10,9,11,9,12,11,9,3,5,9
Hmha1,26,17,29,69,35,25,62,46,35,38,48,42,53,23,43,53,51,41,40,27,11,41,46,19,41,28,44,25,33,36,56,27,29,41,29,32,38,34,21,13,35,29,34,21,38,31
Hmmr,0,0,0,0,1,0,6,6,0,0,0,1,0,0,3,0,0,14,0,0,1,2,2,0,0,3,0,0,3,0,2,0,0,5,2,1,2,0,0,1,1,0,5,0,0,1
Hmox1,32,21,41,173,61,42,39,68,46,37,86,80,111,26,63,80,43,68,27,25,22,133,26,46,37,25,42,37,40,22,122,40,32,52,81,117,66,22,23,22,56,51,62,52,41,40
Hmox2,246,126,176,387,195,195,293,221,450,250,273,368,274,214,283,334,317,275,198,236,62,279,277,159,265,232,233,227,260,230,232,137,205,143,181,164,150,234,207,161,266,207,215,132,164,199
Hn1,149,65,124,219,130,116,211,198,161,140,179,189,122,110,153,164,172,258,128,118,51,224,148,100,146,155,143,159,137,103,329,117,134,101,132,82,106,164,126,82,198,132,140,101,95,125
Hn1l,38,17,31,64,37,35,52,32,69,56,56,119,65,45,51,64,66,74,58,55,15,60,46,39,40,60,49,63,66,58,52,46,57,50,50,47,47,50,69,35,77,41,50,35,36,46
Hnf1a,122,76,116,197,143,179,195,157,260,181,261,276,201,175,217,220,205,161,146,154,65,177,216,131,225,198,179,170,213,217,119,152,205,132,177,176,173,197,194,126,245,187,198,186,175,160
Hnf1b,68,33,62,101,42,82,59,54,69,75,110,115,68,64,75,103,78,67,86,72,20,78,73,32,72,74,61,70,94,62,50,45,57,56,85,57,47,77,50,52,108,62,53,46,45,64
Hnf4a,2385,1653,2826,3722,2677,2607,2533,2345,4104,2370,3631,3260,3197,3193,3100,3675,3189,2658,2844,2250,988,4136,2820,1860,2568,2632,2744,2517,2916,2466,1923,1581,2557,1660,2682,2149,1995,2189,2325,1351,3615,2349,2262,1970,2113,2035
Hnf4aos,21,10,30,28,5,20,18,13,39,48,30,20,39,29,41,25,43,16,21,28,12,32,33,28,25,22,13,48,45,44,11,20,20,11,35,32,14,21,27,19,60,44,26,24,49,18
Hnrnpa0,12,8,7,19,11,16,12,15,15,24,9,8,13,18,17,19,17,25,23,12,8,17,25,10,9,7,14,12,25,27,11,10,9,8,8,8,11,13,13,3,19,4,8,8,9,8
Hnrnpa1,33,22,34,93,21,41,62,41,74,38,49,42,42,33,47,82,62,52,47,27,8,91,46,19,35,31,34,39,32,30,23,26,29,30,26,54,27,29,35,25,46,33,42,22,27,34
Hnrnpa2b1,347,155,321,563,428,378,385,389,616,376,453,577,471,365,441,498,495,954,400,348,216,767,566,302,482,419,385,374,675,530,418,293,404,223,410,397,469,415,423,252,592,434,445,312,397,404
Hnrnpa3,0,3,4,6,6,4,5,5,10,1,9,9,4,2,5,2,7,4,1,5,1,6,5,2,4,5,3,5,4,3,2,4,3,1,1,4,1,4,3,5,3,5,6,3,2,1
Hnrnpab,914,494,930,1229,983,954,1074,991,1097,810,1090,1373,1117,934,1092,1228,1330,1821,928,930,449,1776,1305,681,999,997,846,1082,1185,1188,1036,720,985,743,1019,874,836,905,1017,636,1399,999,882,771,829,836
Hnrnpc,47,26,52,59,50,68,47,49,74,71,59,89,68,63,77,65,66,77,56,58,15,63,65,49,59,51,63,79,82,78,39,39,49,39,63,53,46,61,51,40,89,56,60,40,60,62
Hnrnpd,13,9,4,13,10,9,15,12,10,14,16,16,15,7,16,10,13,8,11,7,12,15,16,8,11,7,6,15,25,11,5,10,11,6,10,7,15,11,13,5,15,9,20,9,11,15
Hnrnpdl,37,8,30,41,16,29,44,26,47,27,41,46,32,33,29,38,36,62,29,29,9,34,47,20,34,47,24,35,46,47,16,23,23,9,35,21,20,24,17,16,30,33,31,21,20,32
Hnrnpf,122,66,160,201,110,145,145,150,281,163,199,296,137,198,188,243,223,240,159,155,54,254,224,129,153,128,177,205,225,161,163,103,121,117,149,135,117,153,121,107,207,147,154,89,131,175
Hnrnph1,90,59,91,129,57,67,100,101,94,90,123,135,76,75,75,100,77,112,78,65,30,133,99,64,83,62,74,90,88,97,77,42,89,56,56,47,56,61,46,25,62,62,57,46,49,67
Hnrnph2,13,3,7,16,10,9,7,7,14,10,10,18,9,5,5,11,15,5,8,4,5,10,9,8,12,7,10,11,11,9,11,3,17,6,6,3,11,7,7,4,9,12,5,5,6,3
Hnrnph3,89,38,87,150,57,94,91,105,97,86,97,115,82,78,100,104,104,83,83,77,31,89,88,71,81,98,66,86,93,116,68,54,93,56,66,67,66,73,69,42,124,74,79,72,71,80
Hnrnpk,364,152,290,601,420,333,433,385,563,412,424,573,383,344,472,428,441,584,380,308,167,743,479,273,417,393,382,408,508,464,363,280,366,186,338,348,376,333,344,253,427,403,394,247,293,369
Hnrnpl,170,84,155,303,87,145,199,101,148,169,201,159,143,168,170,205,192,156,158,175,21,140,218,83,143,134,151,171,235,158,112,85,126,109,128,134,103,149,137,124,179,200,186,91,154,161
Hnrnpll,25,6,21,33,29,21,19,18,25,34,25,24,20,23,26,26,19,29,19,22,17,29,19,7,11,17,16,18,28,33,16,15,23,7,23,10,19,19,22,11,23,18,18,15,12,25
Hnrnpm,364,143,269,427,383,316,312,331,456,299,432,416,324,287,326,449,475,570,329,310,141,600,370,232,269,322,296,308,437,353,405,183,293,235,279,223,251,277,330,180,425,309,271,215,230,279
Hnrnpr,2,1,6,4,0,0,3,1,1,4,3,3,1,5,1,0,3,2,2,1,0,2,3,1,1,2,2,5,2,0,1,1,4,0,2,0,0,2,3,0,2,3,2,1,1,0
Hnrnpu,198,132,194,333,192,193,213,205,273,202,280,345,220,205,228,255,266,328,236,217,97,341,268,162,200,195,212,233,308,274,206,132,203,116,202,166,191,179,208,119,243,217,209,147,168,189
Hnrnpul1,12,7,8,15,14,5,13,10,14,6,10,20,6,6,6,17,8,10,11,10,7,7,10,7,6,9,7,14,5,6,8,4,7,4,10,3,6,7,14,6,10,6,11,3,2,5
Hnrnpul2,44,26,46,52,43,47,48,49,68,78,64,100,55,40,75,61,64,61,60,69,23,55,62,35,43,59,40,62,70,68,44,41,66,35,68,32,49,61,44,25,63,53,66,39,39,60
Hoga1,583,322,670,1136,553,695,802,644,1076,702,807,919,885,687,862,856,976,831,739,734,247,1264,999,558,719,971,627,821,1324,924,451,562,705,458,883,755,679,753,828,448,982,757,792,599,706,680
Homer1,5,1,4,5,4,4,5,10,11,2,6,8,2,3,6,4,4,1,7,6,4,1,5,1,3,6,2,5,2,6,4,0,3,5,3,1,6,2,6,0,3,0,0,1,5,1
Homer3,12,8,8,23,9,6,27,20,12,20,15,7,20,12,11,21,22,26,7,20,10,34,11,9,11,17,8,9,15,15,19,10,12,14,13,14,16,14,19,8,24,9,16,9,11,16
Hook1,11,2,16,9,15,10,12,12,15,10,19,10,14,13,11,16,15,20,14,15,5,26,17,4,5,6,9,15,8,13,7,10,19,0,13,7,7,15,9,3,12,11,7,7,6,14
Hook2,164,91,128,284,105,132,178,143,131,134,225,146,126,119,133,266,203,199,162,124,56,302,158,70,96,118,103,135,187,123,106,75,126,94,115,123,108,124,104,62,172,112,127,96,118,124
Hook3,75,48,78,118,53,86,85,90,100,82,99,119,96,61,97,88,102,85,113,67,43,115,103,57,81,78,63,103,109,74,63,68,87,37,67,86,68,87,66,52,112,90,86,58,65,93
Hopx,241,122,256,306,384,278,366,286,554,291,350,419,462,376,454,313,303,196,222,218,154,159,448,203,440,400,327,388,288,465,337,254,345,154,273,241,241,340,365,242,635,344,278,221,273,272
Hotairm1,6,6,1,21,4,4,16,6,6,12,10,10,11,5,6,10,9,10,8,5,3,14,9,4,2,12,12,4,8,13,11,4,7,4,6,7,7,6,1,2,9,8,6,5,7,10
Hoxa3,1,1,0,1,1,2,1,2,2,3,1,5,0,3,3,1,3,1,1,0,0,3,1,0,1,1,2,1,3,4,3,1,1,2,0,4,1,5,1,2,6,1,0,0,1,1
Hoxa4,0,0,3,1,0,6,0,4,1,3,5,3,2,2,1,2,0,7,2,1,0,1,2,2,1,0,1,0,2,4,2,3,1,2,1,1,0,0,3,1,2,0,4,3,0,1
Hoxa5,6,5,3,3,0,7,5,2,6,3,3,7,9,2,2,4,10,5,3,4,1,3,8,4,4,6,5,5,8,6,1,4,4,3,1,4,1,3,3,1,1,4,5,0,4,4
Hoxb2,2,2,1,4,2,5,5,2,4,1,9,7,7,7,4,7,6,11,9,3,2,10,7,5,4,2,6,3,4,8,2,3,1,4,5,6,3,2,8,4,3,4,6,2,8,1
Hoxb3,5,3,2,3,2,1,1,1,2,1,2,3,2,3,2,3,6,2,3,0,0,7,5,3,2,2,0,0,2,1,5,2,2,0,2,0,2,1,3,1,3,0,0,2,0,1
Hoxb4,5,5,6,13,5,9,12,7,11,10,10,17,8,9,13,16,11,12,7,4,1,14,14,3,11,15,7,10,15,17,7,9,9,5,6,7,5,7,6,4,8,6,5,2,5,3
Hoxb5,4,2,0,5,0,1,5,0,6,5,5,2,3,5,4,1,5,2,1,1,1,1,11,3,1,4,1,1,7,3,2,0,3,0,2,3,4,2,0,3,1,0,0,2,0,3
Hp,17555,8784,26857,33431,48570,28032,20726,29163,89568,16087,36968,74948,14129,16051,23074,23597,25614,24860,17703,24605,8612,22626,19363,11498,26621,20290,41735,18681,19965,21727,48669,14252,19422,13657,19574,15561,11843,16533,15134,13045,26993,18660,17457,14186,12944,11720
Hp1bp3,2,2,6,11,6,4,4,8,4,3,8,10,7,3,7,4,5,9,6,7,3,6,5,2,8,6,6,5,9,12,7,3,7,4,3,4,2,2,6,3,3,5,7,3,4,6
Hpcal1,40,15,33,66,45,44,60,53,81,58,39,69,63,54,67,56,68,59,33,40,13,69,43,51,50,48,42,48,68,42,47,27,30,39,38,40,34,50,40,18,67,39,50,31,31,50
Hpd,5702,3208,6116,8258,4405,7825,7586,6384,9913,6425,6829,6885,8657,8016,8640,7887,6470,3871,5988,5946,2174,7659,8394,6507,8123,7319,6465,7810,15981,9924,3893,4756,7258,5140,5198,7052,6968,6834,8887,5001,10227,8384,8242,6782,7872,6926
Hpgd,246,114,207,416,150,260,351,359,259,466,251,284,378,381,462,350,414,275,353,338,189,417,472,269,265,263,260,493,735,526,367,264,380,181,370,356,384,320,375,155,292,393,406,298,340,332
Hpn,961,348,933,1341,613,969,986,627,1321,675,919,935,1094,959,845,1249,1015,687,654,718,191,871,1268,830,1066,973,741,879,1345,974,646,651,766,562,1070,972,530,827,966,519,1381,928,1052,857,836,803
Hprt,204,100,165,315,195,212,245,230,202,233,273,260,220,216,273,263,226,376,235,190,100,388,322,173,232,246,163,267,300,247,291,207,286,153,243,263,213,216,249,140,333,270,241,141,194,252
Hps1,47,14,27,58,25,21,39,31,57,38,51,50,42,35,44,37,46,45,38,22,19,40,36,24,25,33,39,49,38,29,48,23,21,55,32,52,28,39,40,23,45,24,31,31,25,27
Hps3,12,9,18,17,18,17,17,18,25,18,20,35,19,21,24,9,33,20,17,9,7,33,25,16,22,16,13,19,23,17,10,13,19,9,19,17,22,18,15,10,30,13,14,11,13,16
Hps4,92,36,47,140,60,64,104,108,87,93,104,87,70,56,72,168,120,112,69,55,27,125,63,55,128,97,52,118,117,124,74,52,81,45,81,82,85,71,74,56,144,78,88,61,79,63
Hps5,36,17,36,53,45,43,38,39,50,29,42,62,43,36,34,55,54,48,40,21,13,48,50,24,31,32,31,30,62,47,42,30,34,21,37,35,26,28,36,15,47,39,44,33,52,29
Hps6,21,19,23,31,19,29,33,35,20,13,43,36,17,24,29,30,29,34,23,22,7,22,37,21,25,24,21,33,33,26,30,24,21,18,36,23,17,19,16,20,29,26,24,17,17,24
Hpse,7,6,6,16,12,12,17,12,14,15,21,19,17,13,17,15,21,20,17,7,7,33,17,13,12,14,10,6,10,20,27,7,11,7,13,4,9,8,14,3,15,12,10,7,7,10
Hpx,25897,15032,36221,49056,90792,33970,35963,43036,129130,23165,50122,104622,26584,24733,36230,35012,36001,47519,27147,37495,14950,49302,32276,22506,48116,44366,60691,28295,40862,4.00E+04,65664,23851,31282,28406,27242,21670,27528,29569,24419,22698,43595,29310,31931,22050,21509,21094
Hr,0,1,2,1,0,1,3,5,1,0,0,1,0,0,4,2,4,5,3,0,1,4,3,0,2,2,2,6,5,4,3,6,2,6,2,4,0,6,1,3,0,3,2,2,0,2
Hras,55,22,39,73,29,48,65,53,66,53,60,60,69,52,62,68,78,86,50,78,17,77,66,43,67,79,50,57,63,75,40,35,59,34,72,76,55,56,77,24,109,50,64,49,57,42
Hrct1,0,0,0,2,2,1,0,1,2,0,2,2,0,2,3,3,8,2,3,1,2,3,2,0,2,1,2,1,1,2,0,1,0,0,0,1,1,0,1,0,0,1,3,1,2,0
Hrg,5096,2887,6508,8337,8749,6741,5895,4871,14964,5666,9223,11715,6420,5789,6699,8857,8400,5880,5913,6384,2555,8475,7096,4993,7463,7655,8662,6288,9508,8122,4682,3794,6858,3413,6837,6282,4610,4843,6044,3742,9178,6402,6642,4915,5663,4980
Hrsp12,1928,891,1751,2735,1539,2175,2569,1968,2885,2381,2447,2335,2361,2696,3015,2513,2805,2262,2264,2123,907,3622,3010,2156,2283,2032,1940,2714,3467,2675,2236,2199,2706,1409,2706,2992,2560,2385,2225,1378,2835,2395,2187,1823,2129,2094
Hs1bp3,40,18,33,79,45,48,54,73,62,50,60,64,53,47,40,70,55,101,40,49,15,93,51,27,38,50,33,39,68,47,56,32,47,20,41,47,39,48,54,34,72,48,51,39,42,42
Hs2st1,22,7,21,17,19,16,24,12,27,15,16,25,19,15,17,29,17,31,13,20,7,34,25,11,14,15,21,17,22,27,16,18,15,13,14,12,12,20,16,6,16,6,17,10,21,11
Hs3st1,2,0,4,1,1,2,2,4,1,2,0,2,2,1,2,1,1,4,6,0,0,0,3,2,6,1,2,0,1,0,0,2,1,3,3,1,2,0,0,1,3,1,2,0,1,0
Hs3st3a1,1,1,1,3,1,0,1,2,1,0,2,1,3,0,1,2,0,6,2,1,2,5,4,1,1,3,1,3,5,2,0,1,0,0,1,0,1,1,1,0,0,4,3,1,2,0
Hs3st6,15,6,8,17,8,7,11,10,13,10,19,19,6,11,10,21,10,17,16,13,8,21,13,2,8,14,10,14,12,18,7,5,10,3,11,7,2,7,3,7,22,12,6,8,9,11
Hs6st1,380,262,435,626,442,423,569,479,790,465,581,734,662,560,513,493,464,389,430,496,182,487,629,447,537,482,539,480,659,501,365,387,442,394,510,528,399,468,564,361,722,524,594,515,488,504
Hsbp1,415,203,366,567,381,470,491,418,520,470,531,585,508,468,565,565,596,659,450,421,183,568,665,374,549,454,371,558,606,579,509,379,517,333,545,548,382,521,502,292,626,452,521,368,454,443
Hsbp1l1,13,8,13,17,25,6,28,24,34,11,8,18,10,11,10,8,25,10,15,15,7,7,26,9,13,17,15,15,11,17,8,9,13,11,11,28,8,14,14,13,10,10,15,12,12,16
Hscb,21,9,17,40,13,26,38,36,21,35,18,25,27,25,31,26,39,35,20,19,10,42,29,20,37,36,22,23,35,31,28,25,28,23,22,28,20,22,34,18,34,27,29,24,30,27
Hsd11b1,3432,1598,3156,5258,3241,3800,4091,3320,6635,4714,4274,5338,4259,4661,5500,4761,5254,2173,4320,3572,1528,4737,5195,3114,4188,3744,4393,4714,5760,5102,2518,2699,4349,2283,4096,3947,3396,3674,3920,2507,4981,4482,4016,2680,3975,4280
Hsd17b10,1125,609,1220,1828,1095,1904,1766,1515,1771,1091,2262,1598,1857,1691,1917,1605,1693,1338,1547,1264,680,2049,2437,1467,1970,1603,1129,1799,2066,2475,1239,1502,2140,1294,1814,1770,1307,1803,2282,1264,2557,2007,1845,1469,1636,1429
Hsd17b11,380,139,291,510,189,312,340,292,286,349,380,352,351,375,329,551,496,422,388,329,123,558,374,222,283,261,186,328,363,384,266,214,287,185,297,242,182,251,296,154,320,314,235,168,204,213
Hsd17b12,523,241,404,699,568,576,782,635,592,546,747,639,488,461,670,740,749,486,779,585,211,340,818,478,680,610,565,701,703,839,479,646,730,449,692,792,576,754,751,405,939,803,834,586,599,666
Hsd17b13,2823,1228,1612,3340,2903,2063,2264,2263,4473,2632,3216,3974,2831,2820,2686,3639,4687,7296,2593,2365,1036,8606,3100,1475,2152,2439,1913,2574,3365,2223,2403,1773,1944,1279,2073,2000,2356,2011,1928,1387,3213,2087,1761,1362,1553,2051
Hsd17b2,711,365,634,905,832,781,1198,1013,970,815,1061,983,679,617,890,872,817,615,867,844,306,582,1106,699,1054,963,892,988,864,1130,484,667,1115,479,974,758,732,1077,1060,706,1318,1090,942,697,794,790
Hsd17b4,1608,742,1518,2625,1364,2115,1976,1878,1888,1809,2626,2135,1897,1861,2282,2483,2551,2347,2173,1765,936,2727,2340,1425,1768,1673,1435,2070,1870,2316,1863,1830,2399,1464,2259,2139,1548,1898,2298,1120,2992,2186,2063,1485,1739,1744
Hsd17b6,453,284,413,925,426,308,295,220,955,689,480,713,401,513,415,938,1443,1931,532,425,138,3548,190,218,213,316,731,906,838,335,236,262,456,159,316,290,520,332,457,137,245,345,283,429,331,513
Hsd17b7,121,60,84,128,131,123,121,111,209,123,130,235,133,80,146,119,155,85,128,113,67,106,172,89,105,141,109,147,136,117,65,82,104,57,105,100,102,129,124,81,159,97,109,73,85,71
Hsd3b2,89,32,70,112,76,132,101,116,83,148,134,130,104,84,152,139,119,58,121,118,47,94,140,113,171,164,150,143,208,195,63,92,159,83,112,109,102,107,147,86,219,142,107,118,121,83
Hsd3b3,1013,379,875,1531,857,958,1539,1416,806,1012,1178,1043,1055,759,1170,1256,1069,620,1380,1065,429,676,1591,1049,1772,1422,1221,1414,2004,1767,792,897,1392,754,1215,1183,1145,1328,1591,982,2066,1609,1327,1028,1352,1149
Hsd3b5,113,28,50,128,52,269,368,251,12,168,182,115,69,35,94,201,60,3,330,111,50,4,568,110,834,583,220,412,78,423,4,102,385,15,272,90,139,475,660,466,968,658,327,123,298,174
Hsd3b7,1556,632,1311,2351,1413,1908,1952,1963,2047,1749,2160,2062,1768,1398,2148,2091,1837,1308,1819,1591,933,1238,2506,1489,2088,1980,1641,2314,2702,2636,1868,1594,2037,1393,1554,1384,1501,2007,2112,1237,3171,2066,2127,1373,1659,1626
Hsdl1,31,26,34,52,38,36,44,47,42,29,50,41,37,33,48,55,60,58,32,42,10,84,44,24,30,40,30,46,58,47,30,21,38,25,53,39,29,40,48,18,39,31,41,31,34,41
Hsdl2,434,187,346,646,265,457,388,382,387,459,553,446,440,475,576,620,798,660,456,397,183,738,491,272,331,368,281,469,447,465,354,334,454,349,444,505,394,399,452,205,513,429,461,355,355,360
Hsf1,53,46,94,144,60,53,104,59,104,93,134,146,98,93,100,102,88,105,86,85,24,108,101,66,83,84,91,81,95,86,77,41,69,71,90,86,58,99,95,61,108,81,80,52,83,71
Hsf2,7,4,8,6,6,8,4,9,9,8,6,7,9,7,6,11,8,7,11,10,1,6,6,3,3,4,9,5,3,8,1,6,5,1,3,3,1,4,4,3,9,8,5,5,4,6
Hsf4,24,6,10,20,10,11,29,14,7,13,15,21,14,13,22,19,15,19,16,12,2,26,15,16,11,15,15,13,18,18,11,10,14,15,12,6,10,6,13,11,22,17,14,12,18,13
Hsp90aa1,18,6,18,25,29,32,39,39,60,53,27,79,24,35,51,33,46,40,23,35,9,43,63,21,35,43,26,82,39,49,22,28,36,10,43,36,32,54,42,24,56,51,33,28,35,33
Hsp90ab1,1973,1033,1784,2389,1326,1961,2068,1734,2614,2040,2288,3142,2032,1768,2281,2980,2936,2836,2209,1783,561,2655,2592,1520,2227,1791,1995,2777,2479,1899,2307,1556,1669,1746,2164,1967,1814,2114,2246,1082,3168,2278,2065,1467,1915,1593
Hsp90b1,2247,1039,2179,2659,2027,2949,2341,2129,3957,2235,2810,5591,2277,1987,2865,2994,2718,2589,2236,2726,730,1960,2631,1281,2629,2068,2744,4182,2909,2688,2651,1676,2340,1572,2282,1394,1894,2472,1897,1445,3240,2196,2106,1357,1926,1950
Hspa12a,8,0,3,8,0,5,8,1,2,5,9,4,6,3,2,4,2,3,3,2,0,7,9,5,4,4,1,4,4,6,4,5,11,6,4,0,3,1,4,0,4,3,4,2,5,8
Hspa12b,5,2,3,3,1,1,3,4,3,1,5,5,5,1,1,2,2,1,1,1,3,2,1,0,4,1,3,2,4,1,0,5,5,2,3,1,4,1,4,0,3,6,3,1,1,2
Hspa13,43,21,18,28,45,36,37,44,63,39,37,100,38,38,59,57,37,64,33,37,14,43,53,25,28,28,37,58,41,49,29,29,34,13,41,35,23,19,42,20,53,31,31,27,27,31
Hspa14,66,29,42,86,75,64,93,78,83,58,95,103,60,61,71,82,86,113,66,63,32,115,94,67,77,69,72,74,100,103,85,60,68,46,86,59,55,56,66,50,116,58,79,48,57,46
Hspa1a,3,3,10,6,7,7,11,16,3,2,4,26,2,5,5,12,4,6,12,11,3,7,10,10,8,8,4,4,4,11,11,5,6,6,6,4,4,7,2,3,8,4,5,6,9,5
Hspa1b,56,68,110,86,81,103,89,99,49,42,94,278,44,60,77,97,138,42,109,97,47,29,97,67,58,71,55,55,55,64,84,92,49,49,51,51,53,61,89,37,108,69,63,49,65,73
Hspa2,10,10,10,27,13,2,8,14,15,8,13,21,14,8,9,9,18,11,19,9,3,13,12,11,5,10,12,10,17,6,12,4,9,4,7,5,5,13,7,4,11,7,8,5,5,9
Hspa4,44,16,39,57,73,61,58,82,116,63,54,105,64,58,66,62,67,55,64,63,27,53,91,63,74,62,74,102,94,89,57,57,68,45,66,75,43,41,76,44,96,82,55,67,38,33
Hspa4l,21,8,14,26,32,21,41,27,33,25,28,35,34,15,24,26,35,32,21,17,3,29,44,25,39,33,27,53,37,35,27,19,22,11,32,39,28,30,20,19,61,26,36,29,20,22
Hspa5,1205,643,1259,1233,1396,1685,1120,1231,3105,1351,1410,5551,1166,1156,1774,1571,1627,2114,1229,1646,730,1524,1538,836,1016,1299,1720,3469,1441,1747,1370,1398,1505,621,1381,997,1166,1087,1279,703,2167,1156,1018,810,687,962
Hspa8,2866,1794,3169,3144,2809,3426,3636,3417,5114,2729,3668,7065,3120,3283,3670,3866,4645,5151,3319,3355,1437,4126,4387,2638,2808,3278,3350,3695,3992,3844,3808,2332,3361,2615,2937,2923,2097,3089,4110,2259,4240,3440,2855,2547,2634,2561
Hspa9,1351,623,911,1654,1007,1040,1270,1129,1412,1311,1487,1467,1254,1281,1479,1971,2008,3023,1323,1211,517,3253,1468,772,1069,1198,1054,1268,1916,1489,1077,732,1149,599,1184,1044,1154,1214,1141,713,1614,1088,1162,861,949,1185
Hspb1,337,136,176,323,103,184,196,232,217,286,450,334,201,211,251,397,517,316,298,226,61,201,196,131,258,304,117,483,105,283,262,256,161,160,272,102,127,298,164,205,443,288,207,66,170,191
Hspb11,35,14,28,74,40,38,38,41,56,43,42,50,35,38,37,60,39,60,51,48,12,62,51,35,44,31,40,37,58,42,43,22,26,26,36,43,34,35,39,19,64,36,36,35,40,37
Hspb2,7,1,0,1,0,1,2,3,2,1,0,0,1,0,1,1,1,1,2,0,1,0,0,0,1,0,2,4,2,2,3,1,3,3,0,1,3,1,1,1,2,1,3,1,3,0
Hspb6,62,33,49,111,35,60,80,58,50,77,56,97,52,53,90,54,71,50,56,77,35,54,50,31,45,63,52,94,44,77,42,62,69,38,74,38,43,83,57,39,90,79,35,29,38,59
Hspb8,619,325,1156,989,743,1104,766,715,1415,524,1037,1287,1064,889,1009,575,598,854,454,626,295,1025,931,651,715,631,846,721,1149,915,902,486,623,522,817,652,629,625,605,430,941,724,764,523,539,619
Hspbp1,99,52,100,152,75,121,134,106,171,132,148,127,105,94,148,130,131,173,127,103,43,149,120,81,112,120,67,135,123,131,101,97,96,79,122,81,73,102,96,59,137,117,80,87,105,89
Hspd1,885,421,754,1299,804,987,973,865,1192,864,1049,1102,1178,974,974,1461,1481,1338,945,788,436,1590,1227,700,953,1088,829,1063,1481,1152,1044,664,862,640,1116,1019,883,947,1143,568,1539,1090,993,803,834,909
Hspe1,835,404,825,1240,858,935,1086,948,1234,1034,1103,1166,1246,967,1231,1074,1238,1466,1062,1049,443,1457,1436,896,1284,1062,828,1169,1538,1473,1061,778,1083,668,1007,1136,1226,1035,1099,690,1618,1371,1100,876,1110,1033
Hspg2,67,24,41,62,29,41,61,64,61,54,63,51,54,35,60,66,78,83,49,33,9,63,51,19,42,40,53,41,70,49,64,36,30,36,46,28,38,59,42,29,57,35,30,31,30,82
Hsph1,174,111,142,127,131,144,171,119,320,212,215,614,125,158,184,293,320,176,230,185,63,130,254,117,114,144,204,387,194,170,195,169,161,139,179,165,123,144,179,112,333,194,143,92,97,96
Htatip2,420,184,305,613,233,208,381,298,400,408,482,401,338,410,412,624,914,1277,440,379,196,1159,405,247,272,337,282,441,406,333,673,264,341,271,457,397,345,403,342,184,383,324,316,251,334,371
Htatsf1,61,44,54,72,78,55,82,74,93,80,76,109,67,76,81,96,113,131,59,70,41,144,98,65,74,92,65,70,110,91,60,55,83,40,70,63,67,69,63,33,83,59,65,38,62,69
Htra1,11,7,15,16,7,9,19,17,9,16,16,13,18,5,10,10,14,8,9,5,5,11,20,2,5,19,6,11,17,10,11,9,8,5,7,8,7,19,12,15,16,8,10,7,2,7
Htra2,89,37,72,150,61,99,115,106,118,94,124,129,108,76,132,113,135,185,91,87,48,135,102,66,66,86,85,98,103,84,111,82,107,70,65,93,81,94,88,54,107,69,88,71,70,75
Htra3,5,6,5,23,10,14,13,10,11,10,31,19,28,11,23,12,18,56,14,2,3,56,15,3,14,18,7,21,16,10,11,11,21,13,9,11,8,17,8,9,21,14,11,5,17,9
Htra4,0,1,1,3,1,1,3,3,3,1,1,1,0,4,0,2,2,1,0,3,0,0,2,1,8,3,6,2,3,8,0,2,0,1,2,2,1,4,4,2,1,4,0,1,3,1
Htt,42,25,46,55,39,40,48,71,63,49,49,63,45,36,58,38,47,76,45,50,14,63,50,31,51,37,31,40,47,49,60,35,35,44,45,36,29,58,47,33,52,46,38,32,46,31
Hunk,19,4,11,40,29,22,18,25,14,10,21,29,15,12,22,33,26,41,39,28,6,52,22,6,25,14,10,21,25,44,14,4,17,11,18,16,19,21,13,8,33,13,15,3,7,7
Hus1,3,2,1,6,8,9,2,5,11,4,7,11,10,4,6,4,3,7,9,9,2,4,3,2,4,1,4,0,4,7,1,2,6,2,4,3,4,4,1,2,5,5,5,4,2,1
Huwe1,86,37,61,114,86,75,111,88,96,88,109,130,86,71,84,107,99,178,90,85,40,131,98,55,72,72,75,98,102,98,62,58,76,25,73,63,64,88,54,42,85,66,85,45,60,67
Hvcn1,5,7,11,19,4,10,22,16,5,7,20,6,12,11,17,18,15,32,8,7,5,30,12,10,12,8,13,6,13,17,42,6,7,11,8,5,8,11,9,4,6,6,9,6,3,7
Hyal1,191,117,172,190,115,204,190,141,147,146,248,329,186,134,162,189,181,155,114,115,44,123,164,81,152,141,155,181,152,122,86,100,145,115,123,99,75,91,101,66,182,98,104,84,95,56
Hyal2,300,130,266,518,283,336,335,292,367,273,416,289,400,281,415,381,424,462,310,272,136,392,329,214,341,303,246,299,419,434,270,256,295,233,338,283,265,329,292,190,422,308,339,230,298,287
Hyal3,1,1,2,2,0,1,2,1,3,4,1,4,3,1,2,6,2,1,1,3,1,4,2,0,2,1,2,2,2,3,1,3,1,1,3,1,0,1,3,1,3,1,1,1,0,4
Hyi,335,158,310,485,152,317,387,374,281,331,389,270,322,281,400,363,345,207,315,305,86,286,420,287,305,344,291,372,514,428,317,317,510,386,410,457,288,353,433,221,453,333,422,296,349,352
Hykk,47,16,43,83,32,62,51,54,60,65,83,45,59,76,85,94,81,120,50,44,25,119,71,20,56,61,32,44,100,89,37,54,51,28,53,63,55,51,47,30,56,60,62,33,36,61
Hyou1,25,31,27,21,24,35,40,33,46,51,53,114,25,23,37,47,28,19,44,32,15,15,28,18,35,26,66,65,18,38,30,20,51,25,28,25,25,30,37,15,49,34,31,18,30,17
Hypk,446,218,419,618,441,520,587,452,607,434,651,608,507,431,516,520,560,740,463,441,178,656,570,321,563,504,446,523,600,598,469,482,559,372,551,425,353,433,453,283,698,519,486,409,448,412
I830077J02Rik,2,0,3,1,2,1,1,3,0,1,2,2,1,4,1,1,2,0,2,0,0,7,4,2,0,2,2,1,4,1,2,1,1,1,1,2,1,1,1,2,0,1,2,2,0,1
Iah1,761,403,715,1038,746,824,915,797,1513,881,925,1084,996,883,1014,1094,1094,602,838,789,254,1097,1253,651,985,834,817,922,1538,995,521,587,728,600,996,931,861,925,992,598,1147,884,951,701,708,755
Iars,72,52,74,145,114,92,110,90,148,98,116,165,103,85,114,126,188,213,111,99,45,212,133,74,98,109,89,132,101,130,92,83,102,69,82,81,96,92,98,58,135,97,98,86,93,94
Iars2,207,93,149,274,186,170,209,184,237,161,264,231,214,179,242,269,307,384,189,190,82,422,223,163,209,196,163,214,258,234,193,153,232,138,224,187,174,167,204,132,314,217,196,177,190,163
Iba57,7,4,11,17,13,13,15,10,10,5,18,14,6,15,10,20,17,14,8,9,3,16,13,9,14,10,8,16,13,19,13,10,12,8,9,10,9,13,9,6,15,10,8,7,10,13
Ibtk,112,57,140,212,104,156,136,82,240,104,176,201,144,109,152,226,215,184,105,139,55,165,150,95,130,142,116,160,142,192,118,95,110,72,139,111,112,133,128,95,207,139,138,84,104,107
Ica1,7,1,10,9,8,7,7,8,21,6,8,9,5,6,8,4,6,24,10,7,4,14,10,4,6,8,11,12,5,7,2,1,3,6,5,10,7,4,5,3,12,5,6,1,7,4
Icam1,108,63,94,173,137,80,104,123,200,85,153,212,101,56,97,108,108,139,85,66,35,186,74,55,80,52,87,62,100,79,302,59,70,75,62,67,54,67,46,35,72,55,67,47,47,38
Icam2,11,12,12,12,12,14,32,25,19,16,16,21,15,8,25,20,26,20,18,16,10,20,18,14,18,18,19,20,25,26,22,7,17,13,19,18,20,29,26,10,19,25,22,11,13,22
Icam4,4,1,4,7,2,1,5,7,4,8,6,6,7,7,7,8,4,0,10,4,0,9,11,4,8,5,3,5,3,3,2,3,5,3,5,2,6,2,3,6,4,6,3,2,5,6
Ice1,38,30,40,57,46,39,51,41,63,46,73,82,51,52,73,49,63,71,50,46,22,94,52,22,52,49,44,39,67,48,52,34,55,33,53,29,37,35,54,21,61,45,47,32,48,30
Ice2,13,4,3,6,17,11,17,11,11,9,14,20,12,8,11,21,8,13,10,16,4,17,12,4,3,10,9,7,5,9,2,1,5,5,9,8,4,13,3,2,5,10,6,2,5,1
Ick,14,4,6,10,3,8,12,5,13,6,10,26,2,11,7,11,18,23,5,5,0,12,14,7,11,7,7,10,11,13,6,15,11,3,9,6,3,9,15,4,16,9,10,2,6,6
Icmt,117,56,86,142,87,107,129,89,143,109,116,148,127,92,121,119,129,144,121,106,41,168,132,69,91,83,96,137,98,123,123,78,119,123,102,95,82,99,107,45,154,94,117,86,100,99
Ict1,299,154,300,396,199,273,342,322,349,331,326,373,333,287,364,359,356,565,308,332,98,459,426,197,341,310,304,379,464,371,272,231,310,253,332,281,276,341,344,206,404,370,374,227,355,308
Id1,205,131,126,997,56,99,160,106,47,80,209,63,126,83,97,50,171,1043,96,37,19,650,116,77,61,49,41,65,172,72,69,41,43,84,69,72,102,53,31,22,31,44,105,26,46,70
Id2,1879,1013,1616,3552,1268,1902,2071,1454,1132,1410,2787,1656,1707,1626,1701,1505,1881,2977,1388,1104,629,2935,1688,1055,1601,1297,1383,1132,1841,2208,1365,1122,1211,706,1595,1363,1437,1161,896,610,1255,1386,1593,683,1154,1180
Id3,1571,766,1278,3338,669,1318,1461,876,534,736,1951,1140,1145,928,991,518,720,1969,1062,650,300,1880,1573,866,1304,478,731,693,1088,1018,914,461,779,638,860,838,645,944,237,226,396,580,1168,217,768,615
Id4,4,3,5,5,4,1,3,1,5,6,4,4,4,1,5,5,6,6,4,4,0,9,4,3,8,2,0,5,0,3,8,4,3,2,2,0,2,4,5,1,3,1,3,3,0,2
Ide,113,54,83,123,90,121,126,100,146,141,125,149,94,112,132,156,137,146,116,117,37,131,170,76,109,99,111,136,136,154,111,83,109,67,134,107,90,123,120,93,179,124,109,54,87,94
Idh1,688,310,576,898,625,687,875,833,916,861,697,930,732,620,950,691,843,487,881,873,312,627,953,651,740,826,737,953,1299,1055,469,610,826,458,829,619,895,1043,780,676,1098,1136,1100,547,890,1013
Idh2,721,343,423,1059,363,384,569,536,639,675,674,834,719,488,678,938,1030,1096,638,624,274,1507,629,334,463,523,433,636,945,654,452,366,537,492,553,508,466,502,574,271,589,436,492,379,497,496
Idh3a,155,78,128,178,170,131,179,213,218,158,177,255,207,189,192,165,191,265,178,154,79,300,267,143,176,184,155,187,180,220,138,127,185,113,157,142,148,177,152,109,248,200,189,158,164,169
Idh3b,878,423,762,1250,624,871,1086,970,1057,874,1010,1064,1078,926,1106,1221,1241,1147,1035,887,355,1488,1272,775,1053,929,784,1084,1401,1145,657,819,985,694,891,1056,830,940,1137,632,1384,1024,966,702,893,923
Idh3g,244,97,215,340,163,198,293,239,305,244,235,303,297,239,278,265,298,418,228,216,86,413,284,182,265,251,180,299,321,277,229,163,233,192,294,246,190,271,270,160,275,300,258,153,200,253
Idi1,7,2,3,6,11,4,6,4,5,4,11,8,0,6,4,4,9,0,4,13,2,0,3,4,1,1,4,2,4,11,4,2,4,4,4,6,2,8,7,0,3,5,5,0,5,2
Idnk,214,109,173,265,162,178,267,293,308,221,279,308,245,223,293,286,254,241,209,227,58,212,300,188,232,179,226,285,312,256,340,186,203,216,249,208,181,231,231,156,260,219,260,141,211,222
Ido1,0,0,0,0,0,0,0,1,0,0,0,0,0,0,0,0,0,0,0,0,0,0,0,0,0,0,0,0,0,0,9,0,0,0,0,0,0,0,0,0,1,0,0,0,0,0
Ido2,380,121,304,492,472,356,506,469,800,459,623,648,500,365,490,398,426,239,418,402,184,231,659,426,626,502,437,561,696,583,378,364,504,366,401,476,484,440,527,387,784,589,494,454,484,445
Ids,10,5,9,9,6,8,9,3,12,12,23,16,6,6,9,9,13,13,9,3,2,15,8,8,8,15,5,7,15,12,3,6,8,3,9,3,4,10,6,1,5,5,10,2,6,14
Idua,17,12,15,18,9,12,16,6,16,13,26,19,16,16,10,14,26,31,7,14,4,23,16,2,18,7,11,11,15,18,11,6,12,6,9,7,3,11,13,7,24,6,12,5,11,18
Ier2,256,109,126,342,176,88,219,191,372,159,225,200,160,134,163,191,205,177,169,91,42,215,196,122,214,175,267,178,226,259,151,107,167,110,172,114,105,186,206,113,230,161,124,119,142,135
Ier3,20,20,24,58,21,17,24,23,27,20,38,33,21,16,21,30,42,41,20,13,6,44,12,7,12,15,12,19,9,8,49,7,14,18,14,17,11,6,12,7,16,11,9,19,9,17
Ier3ip1,83,54,82,151,146,113,124,93,127,66,135,119,100,78,133,81,120,153,86,111,52,136,128,82,111,113,99,100,118,151,111,75,120,75,122,120,111,108,99,68,116,83,90,91,80,74
Ier5,0,1,0,0,1,2,2,0,5,2,1,6,1,2,2,2,2,0,1,0,2,2,2,1,1,0,3,3,3,1,0,2,1,1,2,0,0,1,0,0,0,0,1,1,2,1
Ier5l,5,2,8,7,10,10,15,7,5,5,11,11,16,7,16,10,9,13,5,3,2,11,13,5,6,5,2,5,10,6,4,3,6,5,8,3,6,6,5,3,8,5,8,7,2,2
Iffo1,32,24,18,45,17,18,44,31,31,20,50,49,40,21,40,34,31,51,39,30,5,44,38,20,30,41,28,21,32,27,23,32,33,27,26,20,18,26,26,10,37,19,33,16,17,28
Iffo2,115,89,145,156,137,118,133,131,132,112,128,157,136,110,132,77,135,115,104,105,41,115,168,92,135,127,123,78,170,161,118,66,112,63,111,82,95,100,110,56,166,89,119,96,106,75
Ifi203,11,16,13,31,13,19,32,25,17,23,37,21,20,18,34,23,30,18,23,8,4,34,28,11,15,16,13,18,34,23,23,14,19,21,13,14,14,26,17,12,14,23,15,5,16,16
Ifi204,5,3,5,10,15,8,10,14,11,8,26,11,4,12,13,5,4,24,8,9,1,17,8,5,6,13,9,13,9,20,28,4,12,4,3,7,5,8,10,3,8,9,5,5,3,4
Ifi27,1110,656,983,1460,887,926,952,878,1987,997,1718,1557,1695,1300,1644,1335,1742,943,1356,1590,378,1032,2250,1297,2322,2106,1277,1823,1556,2116,2062,870,1248,1028,695,488,1018,1528,1085,1213,1745,1971,1171,1138,915,1101
Ifi27l2a,75,62,70,143,98,84,101,214,77,70,138,92,91,38,175,93,86,81,98,70,34,89,119,90,141,88,104,104,84,125,395,44,83,118,54,55,59,90,70,53,129,98,96,49,47,79
Ifi27l2b,136,105,173,327,497,92,298,297,688,82,238,311,164,134,183,175,242,936,209,247,94,308,426,200,428,351,224,221,287,336,582,195,255,265,131,242,179,297,279,245,252,243,234,239,167,154
Ifi30,172,76,209,335,318,212,337,415,286,169,311,302,208,158,243,214,235,471,179,169,117,501,289,169,345,211,248,169,317,272,894,153,178,224,126,184,229,244,173,114,298,221,269,125,149,173
Ifi35,151,83,140,191,185,177,209,205,267,149,228,266,219,138,211,225,216,217,174,186,83,224,223,154,226,180,201,207,199,246,338,142,177,169,187,145,130,213,204,136,274,203,194,163,161,153
Ifi44,7,2,0,4,2,2,0,1,6,7,6,3,4,5,13,3,4,1,8,5,0,2,8,5,6,4,3,4,3,6,16,4,8,1,3,3,5,4,1,1,1,4,2,2,1,3
Ifi47,57,20,53,181,99,92,106,137,105,95,120,101,81,37,128,82,99,97,77,95,68,82,113,58,95,96,102,87,128,102,471,77,97,78,57,44,100,139,72,42,65,87,103,58,42,69
Ifih1,12,1,6,11,10,11,7,12,12,7,6,18,11,6,5,8,14,22,13,11,6,11,13,11,10,7,7,14,20,16,17,2,13,2,6,8,9,8,13,3,9,11,8,7,7,7
Ifit1,12,4,15,10,11,11,5,13,10,10,24,13,20,14,33,9,16,7,11,21,3,11,25,12,19,27,23,33,31,26,39,13,20,3,4,11,13,21,16,14,20,20,10,3,9,14
Ifit2,6,6,7,10,11,5,12,4,7,9,10,8,12,2,9,8,12,12,15,8,3,15,20,3,15,12,10,10,9,9,61,5,7,10,6,4,12,10,8,2,4,7,9,3,6,5
Ifit3,24,16,20,68,29,26,51,45,34,34,64,34,53,33,88,33,63,38,28,48,8,53,53,40,44,47,36,50,82,55,200,38,34,58,21,23,32,50,51,41,39,46,36,24,28,42
Ifit3b,5,1,5,7,8,2,3,8,5,7,7,5,7,2,16,3,11,5,4,11,3,8,5,12,7,11,5,7,12,6,35,5,9,8,4,2,5,7,3,3,4,6,4,6,1,4
Ifitm1,70,30,35,108,40,58,61,87,54,50,76,87,75,55,76,58,72,92,56,34,25,92,56,33,55,56,54,57,70,70,67,34,47,57,27,37,42,54,54,21,69,54,43,24,36,46
Ifitm2,520,293,576,839,656,482,629,464,2125,514,684,1198,678,606,723,724,612,446,496,615,117,477,625,384,597,524,707,604,779,737,504,327,419,434,553,522,423,523,568,332,739,538,519,391,496,457
Ifitm3,1078,614,1631,2093,957,1342,1934,1519,2547,881,1360,1722,1702,1537,1837,2352,1536,1060,1410,1614,289,759,2543,1379,2151,1244,1615,1848,1947,1525,1987,886,1163,980,1778,1879,944,1671,2047,1056,2575,1741,2129,1202,1580,1362
Ifitm5,6,2,3,9,7,3,4,1,13,7,3,6,3,1,2,3,3,5,0,3,3,6,3,1,3,2,3,2,4,2,0,2,2,5,2,1,3,1,0,2,8,2,4,1,5,5
Ifitm6,3,0,2,2,12,2,1,5,6,2,2,9,4,1,4,2,2,4,1,2,1,4,4,4,4,2,2,1,2,6,11,3,0,1,3,7,1,3,0,2,2,0,1,0,5,1
Ifnar1,28,15,31,57,35,33,54,38,66,21,49,56,27,27,30,52,55,52,40,33,11,38,39,29,49,37,43,27,59,50,31,28,38,21,41,37,31,31,37,26,39,32,26,27,29,25
Ifnar2,407,199,388,652,441,428,465,469,807,462,633,650,418,373,527,581,686,549,415,454,181,657,430,303,448,412,503,500,591,473,525,290,397,266,413,372,325,458,395,220,541,409,479,338,382,378
Ifng,0,1,2,2,6,0,5,3,1,2,3,0,0,0,0,0,1,0,0,0,1,1,2,0,0,0,0,1,0,0,27,0,0,0,0,0,0,0,0,0,0,1,0,0,1,0
Ifngr1,103,60,94,191,148,79,171,146,146,114,145,177,109,93,99,121,168,298,108,86,52,264,122,60,104,74,117,94,108,114,170,72,78,104,75,95,89,84,97,54,128,86,103,99,75,91
Ifngr2,69,37,55,129,59,79,94,57,103,55,101,98,85,52,73,153,126,118,58,77,30,107,79,44,56,74,45,69,97,85,130,32,60,57,67,53,45,48,79,48,87,71,60,42,41,59
Ifnlr1,1,0,1,3,1,1,2,1,4,0,4,3,4,1,1,1,3,7,2,0,0,2,1,1,2,0,0,1,2,0,0,2,1,2,0,3,2,0,0,1,5,0,1,1,2,0
Ifrd1,57,22,36,69,55,36,63,30,72,30,75,101,38,42,46,78,63,192,53,45,30,167,70,27,39,42,30,48,43,30,53,28,51,18,30,23,33,27,51,23,53,24,30,27,27,28
Ifrd2,139,75,117,185,131,124,142,128,155,111,152,183,124,129,166,187,185,285,127,123,66,271,131,95,137,120,113,162,160,131,112,97,133,108,148,137,101,148,137,80,191,123,108,90,110,90
Ift122,17,9,15,21,23,14,16,28,18,15,23,28,20,12,20,26,19,30,15,11,2,15,15,11,16,22,16,19,26,14,12,8,10,18,13,20,20,22,12,15,41,9,10,7,18,8
Ift140,31,6,16,27,16,14,37,42,33,26,31,44,26,20,28,29,39,31,19,31,8,22,26,18,36,20,30,34,48,41,33,20,35,15,33,26,20,19,27,29,37,25,27,24,25,25
Ift172,51,20,49,87,43,53,66,53,78,56,77,66,59,55,63,63,80,71,34,54,21,66,56,44,54,58,56,54,66,69,64,40,48,38,60,54,57,45,53,27,78,59,56,33,57,42
Ift20,638,326,716,956,720,880,881,746,1146,730,1021,1216,924,748,944,977,955,1029,770,764,244,883,999,573,913,824,871,858,919,906,582,560,830,533,939,883,765,831,1003,538,1222,841,762,774,730,721
Ift22,19,17,15,29,18,16,18,19,24,19,26,39,23,15,28,17,15,37,18,12,14,31,15,16,26,16,23,26,21,29,25,12,19,16,22,8,12,22,22,13,23,18,22,20,20,18
Ift27,87,51,118,166,79,101,128,121,152,104,136,161,125,111,137,131,112,158,114,108,46,139,153,95,141,127,126,114,182,128,93,83,134,83,137,99,105,120,123,92,188,135,148,91,128,116
Ift43,25,17,27,36,30,32,38,31,32,27,34,39,28,20,30,32,21,61,27,28,15,36,30,29,38,27,23,30,28,35,29,22,21,18,19,30,19,41,33,21,32,24,37,21,25,21
Ift52,70,34,79,91,70,75,91,85,95,74,101,110,86,75,86,100,86,122,79,72,37,121,133,73,86,80,94,83,107,103,93,78,99,76,86,81,68,85,100,50,146,103,100,76,70,76
Ift74,14,7,8,13,8,7,10,10,23,10,6,15,6,10,5,16,12,13,10,13,6,18,22,4,7,7,3,8,9,6,7,5,8,9,12,11,1,4,6,4,12,11,14,3,4,8
Ift80,7,8,8,17,15,8,9,13,19,12,13,23,8,6,7,9,20,13,8,12,3,6,7,12,9,8,9,9,16,15,8,6,10,16,11,13,13,8,3,7,16,7,13,7,10,12
Ift81,10,7,5,13,14,10,10,9,9,9,17,14,13,8,10,15,6,18,10,9,4,26,9,3,20,12,6,10,28,11,8,3,13,8,10,10,9,8,11,7,17,4,7,7,1,9
Ift88,15,6,19,27,21,22,29,30,31,14,35,38,13,17,16,16,32,41,26,23,3,46,19,17,25,28,27,29,32,23,17,14,19,11,10,22,16,18,28,11,31,15,31,15,14,19
Igbp1,316,175,296,503,363,383,376,341,543,345,548,439,461,395,429,480,599,529,428,328,167,715,424,266,344,384,329,367,460,459,314,243,407,243,359,372,305,365,404,247,498,436,353,308,324,350
Igdcc4,2,1,1,2,0,1,0,0,9,2,1,0,0,0,1,0,2,3,0,0,0,0,0,0,0,1,0,0,0,2,0,1,2,0,1,0,1,1,0,0,1,0,0,0,0,0
Igf1,1130,632,944,1676,1076,1425,1721,1339,2042,1413,1856,1869,1131,1220,1457,1524,1738,745,1550,1446,460,1150,1763,1034,1646,1293,1716,1561,1557,1718,713,1240,1456,921,1027,1246,1162,1489,1752,921,1599,1629,1376,997,1184,1081
Igf1r,15,2,6,11,5,5,16,5,5,4,10,8,12,4,10,4,7,13,10,8,4,16,6,4,6,7,5,7,10,10,1,5,3,7,2,4,3,10,8,3,5,6,6,1,5,8
Igf2,0,5,1,2,1,4,1,3,1,1,3,2,1,5,1,2,0,1,2,1,0,2,1,2,1,3,0,4,3,5,0,2,1,1,3,0,0,2,1,4,3,2,3,0,4,7
Igf2bp2,8,2,6,16,6,5,7,5,10,7,8,5,4,4,12,5,11,8,4,3,1,8,4,2,3,5,7,3,4,5,9,1,3,6,10,5,1,2,5,2,3,3,4,5,4,10
Igf2r,90,52,91,140,81,90,102,105,119,108,122,121,121,95,84,109,130,189,102,91,32,164,137,82,116,98,85,100,110,95,111,70,102,76,96,85,69,91,115,64,160,95,100,81,84,77
Igfals,680,342,707,715,508,737,783,588,1023,870,995,1543,686,810,781,1020,1037,300,784,758,235,499,870,600,876,795,1113,871,1131,1147,403,590,704,530,659,698,655,809,1013,458,947,1003,745,650,649,718
Igfbp1,70,26,71,852,426,358,57,121,2227,117,138,51,84,139,47,3089,2792,2778,304,181,199,2505,48,36,39,281,108,359,290,66,198,162,58,202,70,346,168,70,125,114,230,255,75,97,44,139
Igfbp2,2854,916,1927,4610,610,1552,1477,802,1461,2371,1783,2499,2246,1794,1600,4077,5589,4827,2221,1809,384,7072,1725,901,1286,1336,2642,1872,3871,2161,230,475,830,707,1398,824,1065,1415,2189,699,1500,1524,1343,1271,1680,1700
Igfbp3,63,52,71,195,50,79,108,121,59,83,123,153,146,77,93,98,134,139,93,52,25,175,104,64,52,91,58,109,112,76,24,62,50,81,28,65,68,79,81,50,92,67,66,48,64,83
Igfbp4,7236,3471,6973,9201,6924,9446,7360,7555,13526,8033,10411,12510,7735,6686,9907,7747,10158,8041,8547,7426,3287,8989,9455,5683,8632,8178,10121,8557,12248,10210,5870,5526,7963,5398,7381,5757,6140,7987,9297,5008,12161,6677,7620,5156,7368,6897
Igfbp5,48,15,25,34,16,20,20,13,24,27,18,22,28,19,29,31,23,28,14,24,19,44,52,27,23,23,19,28,42,61,19,11,28,15,25,24,26,24,35,8,57,14,25,16,8,19
Igfbp6,12,3,4,11,7,6,8,6,21,5,2,6,15,5,9,13,7,17,6,9,6,14,20,1,9,7,4,36,18,23,7,5,8,8,6,6,12,13,14,5,17,7,9,9,3,18
Igfbp7,622,349,518,1281,591,717,1091,1071,749,677,1138,961,1149,642,834,687,893,1195,849,458,306,1285,1124,438,785,894,620,851,1111,1021,681,483,669,695,448,574,667,756,741,461,1114,557,679,496,568,792
Igflr1,27,14,19,41,14,18,20,21,16,19,37,18,30,26,31,22,29,26,21,18,10,31,15,21,15,17,19,14,16,22,33,11,26,19,17,20,20,22,18,5,35,15,23,14,20,19
Igip,15,10,18,23,18,19,9,11,31,18,24,29,11,19,19,23,20,12,30,18,11,24,19,12,17,20,17,13,20,12,6,18,11,7,19,18,14,18,14,11,24,27,13,15,16,24
Iglon5,1,3,1,2,1,0,3,3,2,3,1,0,0,0,1,5,0,0,1,2,1,1,1,0,0,1,6,0,0,2,1,1,1,2,0,0,0,5,2,1,0,3,2,0,1,2
Igsf1,3,3,1,5,2,2,8,0,0,0,3,7,2,1,0,3,5,2,2,2,0,3,5,1,6,0,0,2,1,0,2,2,1,2,2,2,2,1,1,0,2,3,0,1,0,1
Igsf11,12,9,14,25,15,13,17,12,22,10,23,20,24,11,16,22,23,47,16,12,8,39,17,14,19,14,7,15,15,14,19,14,19,8,20,21,11,17,12,11,16,17,23,13,5,19
Igsf23,8,4,7,19,5,1,2,6,3,4,14,2,5,5,11,4,10,14,4,5,2,24,3,4,2,5,3,3,1,6,5,1,0,1,4,0,9,3,2,0,5,0,2,0,7,2
Igsf3,1,1,1,3,3,2,1,3,4,3,4,3,2,2,1,4,2,7,2,0,1,5,4,2,1,2,5,2,1,5,1,2,3,0,3,0,0,2,0,3,2,1,2,2,3,3
Igsf5,142,86,143,249,151,155,176,157,223,143,188,174,176,132,190,179,199,281,162,134,72,267,217,104,158,173,170,206,180,191,169,133,188,115,179,179,144,166,180,100,219,174,153,110,159,172
Igsf6,12,1,8,17,10,7,19,31,14,8,26,18,9,6,11,13,20,14,5,13,4,17,14,4,16,5,16,6,7,12,44,4,8,9,1,8,6,9,4,1,6,8,11,6,5,11
Igsf8,74,52,71,169,80,68,94,89,104,85,114,100,88,70,67,116,119,123,109,72,24,157,64,47,73,80,66,70,113,81,100,46,47,68,63,43,72,64,53,36,94,64,79,54,63,68
Igtp,214,150,270,671,416,249,469,464,304,472,478,399,515,307,664,341,535,253,260,297,329,284,315,216,254,267,380,303,377,250,5624,376,447,684,221,240,324,552,314,115,225,218,320,272,216,238
Ihh,10,10,8,25,8,7,20,10,5,11,13,9,6,4,4,8,2,29,12,2,3,19,4,3,19,6,16,12,9,4,2,5,9,3,4,4,4,10,6,2,21,5,7,4,10,11
Iigp1,201,96,190,462,304,201,316,301,258,259,276,296,251,196,374,234,339,142,184,212,179,191,256,145,194,216,300,280,281,271,1358,193,261,118,186,150,218,306,167,124,209,209,205,117,161,179
Ik,256,147,229,374,243,269,260,290,440,277,323,482,264,280,308,363,360,302,254,276,120,380,321,200,248,247,258,319,367,318,261,207,296,169,289,255,234,294,223,166,380,264,236,200,228,273
Ikbip,26,14,22,26,21,28,45,17,40,23,29,40,25,19,26,32,34,49,19,23,10,44,31,7,19,15,22,27,21,30,23,10,13,14,20,8,14,24,17,13,23,14,16,15,12,21
Ikbkb,67,38,65,124,68,64,94,80,140,81,100,130,98,68,106,84,61,119,96,65,30,130,103,60,100,76,85,79,127,95,84,56,79,77,79,73,75,78,72,48,102,80,70,51,49,64
Ikbke,51,28,59,90,86,69,96,107,175,61,81,170,77,43,92,76,55,140,60,79,36,131,85,49,86,73,98,54,79,95,248,43,84,88,71,41,56,75,74,35,98,49,54,51,40,59
Ikbkg,8,2,2,3,3,3,2,2,3,3,6,2,3,9,4,8,5,5,3,2,0,5,4,0,1,1,3,5,5,1,1,0,4,1,4,1,2,4,4,5,3,3,3,2,1,2
Ikzf1,1,2,2,8,4,9,11,3,4,3,5,4,3,1,6,4,3,3,3,1,1,4,3,6,8,1,3,3,8,6,7,0,2,4,2,2,4,2,3,0,0,1,2,1,1,3
Ikzf3,1,0,1,4,2,1,4,1,0,0,1,0,0,1,4,0,1,3,2,1,1,2,2,0,5,1,2,0,2,0,2,2,3,3,0,4,6,1,0,0,0,1,1,0,0,0
Ikzf4,9,4,2,14,1,5,20,4,6,2,18,7,5,4,5,8,11,0,8,5,2,4,14,0,9,3,5,13,3,19,2,3,5,3,0,2,3,3,11,0,8,4,3,2,4,4
Ikzf5,28,11,17,28,16,16,22,19,24,18,24,27,29,16,18,24,23,20,18,16,6,19,15,11,10,18,16,25,16,25,19,11,12,12,20,13,11,11,14,12,22,13,20,13,10,19
Il10ra,14,9,17,37,19,9,32,32,15,17,30,29,24,10,26,22,29,30,12,18,13,41,27,17,30,10,22,15,24,27,103,12,14,30,14,10,17,18,7,15,13,22,17,10,16,25
Il10rb,50,24,48,81,57,39,60,70,51,48,74,67,47,32,66,73,78,107,58,37,18,95,60,36,55,54,45,56,59,53,74,35,26,25,40,39,38,49,35,28,47,53,56,33,31,49
Il11ra1,208,76,166,213,228,204,250,236,305,236,244,266,225,221,231,221,242,286,184,208,89,280,334,250,272,256,216,261,424,269,170,145,261,169,247,253,271,275,234,177,339,247,291,195,255,232
Il12rb1,6,5,7,7,6,3,14,8,12,8,9,17,3,7,16,9,10,2,4,3,1,9,16,11,5,11,12,5,5,11,23,7,7,11,7,4,5,9,10,3,5,11,9,6,10,7
Il13ra1,12,6,12,12,35,19,13,13,53,16,19,24,10,16,22,14,13,10,13,14,5,11,17,12,17,15,22,9,23,26,15,6,18,1,6,10,4,10,11,6,8,12,24,7,12,6
Il15,7,6,6,15,8,5,15,11,13,13,12,19,8,8,11,7,18,10,12,9,3,11,7,3,11,11,8,7,22,10,19,5,9,5,7,3,7,12,8,5,9,3,9,5,7,14
Il15ra,145,65,135,252,144,171,179,123,178,126,238,131,137,110,172,183,215,166,105,100,44,203,123,76,141,127,121,100,145,188,138,93,137,68,147,138,108,112,152,67,160,124,147,107,93,115
Il16,15,6,18,19,17,19,31,33,23,10,23,34,26,20,21,30,26,30,14,8,4,49,22,14,27,16,27,12,24,27,33,18,10,17,14,19,18,19,16,8,17,13,17,13,12,18
Il17ra,98,63,129,158,130,119,146,102,137,90,147,166,86,100,102,135,112,144,80,82,35,170,117,81,113,90,111,74,121,110,141,80,97,77,115,66,76,75,77,55,131,103,78,66,94,87
Il17rb,53,25,34,94,44,29,54,63,52,44,41,53,35,34,51,68,83,75,66,42,14,80,46,19,38,49,37,42,67,44,42,19,40,26,37,26,36,44,21,16,62,36,41,27,26,34
Il17rc,212,108,180,249,171,147,247,199,230,189,259,206,176,153,232,235,260,276,213,189,59,238,198,143,200,183,174,205,189,199,240,151,175,177,201,198,124,209,187,123,258,161,163,117,143,140
Il17rd,0,1,2,5,3,3,4,1,2,1,3,3,6,4,2,1,2,7,2,4,3,9,3,0,2,4,1,1,6,3,2,2,1,1,2,3,0,1,3,2,2,1,2,1,2,1
Il17re,10,4,1,10,15,8,6,10,9,4,20,4,8,8,0,7,11,12,9,8,1,8,10,4,4,11,8,6,6,10,4,5,10,9,7,1,5,11,3,2,9,7,9,5,3,3
Il18,55,31,60,118,73,61,82,82,124,88,69,85,103,91,109,62,66,64,81,74,34,90,127,71,93,99,65,93,138,93,73,58,88,57,65,92,81,104,74,70,127,88,95,66,98,97
Il18bp,39,34,74,108,101,50,123,124,166,47,77,127,73,56,73,66,72,97,47,78,34,117,90,48,89,48,99,42,81,88,434,51,54,80,40,46,51,69,54,32,58,55,110,39,38,53
Il18rap,0,1,2,1,0,0,3,3,0,0,4,3,1,1,3,2,3,0,4,0,0,0,3,1,0,2,2,1,1,1,8,0,1,2,1,0,0,0,0,2,1,0,1,0,1,1
Il1b,7,8,16,19,11,16,21,18,9,6,28,27,9,15,18,12,10,10,17,14,8,14,10,9,27,8,20,9,12,15,39,7,8,8,2,5,9,5,11,4,10,5,13,8,3,8
Il1r1,68,51,114,137,129,96,80,48,349,67,172,189,102,101,87,79,80,107,61,53,17,114,77,43,73,78,105,79,54,63,50,31,70,53,88,46,27,58,56,41,117,58,60,51,38,61
Il1rap,542,244,437,788,402,497,584,477,766,724,746,760,661,667,881,701,771,332,695,581,242,533,828,480,607,583,546,736,926,787,356,493,690,329,553,611,529,575,607,391,793,643,608,441,539,590
Il1rn,4,6,13,27,46,14,15,10,129,2,25,6,18,7,11,7,9,55,6,4,3,24,13,5,8,2,10,8,18,21,88,7,3,16,6,11,17,5,7,3,6,5,4,4,9,3
Il20rb,4,1,3,9,3,5,8,0,4,3,10,8,4,4,6,7,5,10,4,1,2,12,3,2,3,1,5,4,3,3,2,2,3,6,1,0,3,4,2,1,3,3,0,4,2,2
Il21r,2,0,5,7,1,3,7,8,1,1,9,4,1,2,4,3,5,1,1,0,2,1,5,2,5,1,8,3,5,3,22,3,4,5,0,2,3,3,2,1,0,2,1,3,1,1
Il22ra1,30,19,29,57,29,20,24,23,63,18,44,29,52,55,24,23,25,56,18,15,8,81,21,6,17,26,16,16,12,14,31,9,21,12,19,14,6,10,11,12,28,8,10,15,13,16
Il23a,1,0,0,0,1,0,0,0,0,0,0,0,0,3,0,0,1,6,0,0,0,2,1,1,1,1,0,0,0,0,3,0,1,0,0,3,1,0,0,0,2,0,0,0,0,0
Il27ra,4,2,7,9,2,2,6,3,5,1,4,2,3,0,6,6,6,0,6,0,2,3,2,2,3,4,1,4,7,5,5,0,2,5,1,2,2,7,4,2,3,3,5,1,6,7
Il2rb,4,9,11,11,10,7,15,7,2,6,8,9,11,2,11,3,4,10,2,6,6,18,6,5,6,4,3,3,11,8,29,4,4,10,2,8,2,3,7,5,2,6,6,5,6,9
Il2rg,20,10,25,30,29,17,41,57,16,21,53,31,22,13,36,26,29,37,16,16,17,34,24,11,21,14,33,19,28,27,141,13,16,24,8,21,25,22,15,9,11,16,40,13,6,26
Il33,0,3,4,8,5,2,3,6,9,6,3,7,3,2,4,4,7,9,3,3,1,12,2,1,8,7,3,7,8,7,5,0,9,2,5,2,10,3,7,3,7,5,7,5,7,3
Il34,3,5,5,15,7,10,5,5,9,8,11,13,16,6,5,10,9,7,5,4,2,7,3,9,8,6,5,7,12,5,7,5,6,3,1,2,4,5,2,4,14,5,9,3,10,6
Il3ra,32,12,14,30,10,9,34,17,22,17,25,27,14,16,13,27,29,67,21,24,5,33,17,9,7,12,15,28,16,26,40,8,9,11,25,15,10,13,14,10,11,14,15,7,15,12
Il4ra,6,6,12,15,7,6,6,6,12,6,10,8,9,8,11,11,9,15,10,6,4,8,14,4,3,11,14,15,12,8,28,3,6,6,7,4,4,13,11,7,9,8,5,4,6,7
Il6ra,206,90,149,265,97,132,95,65,115,99,155,136,186,125,101,220,153,135,121,60,35,175,58,30,78,92,100,59,123,60,78,47,54,59,104,56,49,46,83,49,102,41,76,72,46,45
Il6st,233,109,190,302,228,220,270,241,274,198,323,289,262,184,247,304,269,269,194,183,93,273,232,122,201,172,217,191,258,243,292,123,231,162,197,184,134,185,180,91,263,177,195,136,179,213
Ildr2,84,31,99,100,85,77,51,58,135,68,84,128,84,105,79,100,92,141,55,70,43,167,47,47,55,50,75,55,103,114,57,24,54,23,53,49,33,38,42,15,70,43,38,42,60,57
Ilf2,28,22,19,38,16,12,25,22,19,16,23,32,27,15,11,27,22,41,19,21,7,30,29,21,23,29,28,22,29,34,17,26,20,23,19,18,12,33,20,12,31,22,30,8,27,22
Ilf3,57,26,35,90,62,57,71,56,87,64,83,87,61,40,63,89,105,89,72,54,27,132,76,43,72,49,49,71,93,80,53,39,77,47,71,57,64,57,58,34,91,53,71,45,62,44
Ilk,246,106,200,357,169,246,252,259,257,271,308,259,270,256,265,276,292,327,198,213,75,314,203,159,268,251,230,263,297,287,161,187,240,196,200,183,201,212,241,139,336,249,262,171,200,188
Ilkap,101,38,85,122,46,79,97,102,91,81,122,119,76,75,97,120,105,97,70,77,28,93,85,56,78,66,70,114,88,78,55,47,76,70,65,65,82,79,79,45,87,77,79,51,60,70
Ilvbl,119,67,107,228,82,120,136,134,175,146,177,168,139,131,136,170,213,274,120,133,43,245,169,88,118,96,124,149,203,168,101,95,125,78,140,105,120,112,125,75,125,130,137,97,91,116
Immp1l,52,33,56,73,69,54,84,58,95,58,71,83,84,60,76,79,69,86,67,69,33,85,100,52,67,66,59,61,94,75,47,41,67,33,76,76,76,65,52,44,96,71,64,54,56,61
Immp2l,211,149,304,429,289,294,445,313,402,282,339,307,346,371,381,320,359,344,318,279,158,401,483,319,409,349,271,353,467,489,367,325,417,294,420,471,294,360,460,274,501,469,419,342,405,354
Immt,314,150,250,433,239,303,316,334,323,372,406,462,397,312,445,411,479,532,303,282,154,564,450,232,323,377,315,372,430,457,291,249,355,279,359,356,299,375,387,230,457,426,352,222,323,348
Imp3,367,204,351,545,325,378,396,355,515,344,449,471,446,351,392,542,579,648,355,352,172,700,427,248,398,395,319,394,539,482,330,261,397,235,360,338,341,347,425,238,501,364,385,331,343,404
Imp4,100,48,65,140,81,95,96,109,151,91,144,156,104,81,114,141,153,213,84,88,34,240,124,67,106,106,80,115,148,105,102,67,93,54,125,90,108,89,97,59,150,95,84,56,102,120
Impa1,165,86,154,245,189,177,212,218,232,215,235,285,172,165,201,244,217,188,204,172,84,198,235,105,184,188,154,195,257,209,169,130,191,87,168,162,175,152,207,101,271,197,183,107,145,145
Impa2,31,13,17,34,22,17,41,31,24,20,30,43,35,29,29,42,58,58,38,25,10,54,34,24,27,34,17,29,19,15,33,23,30,25,30,29,18,34,31,18,25,15,41,26,21,35
Impact,52,18,41,64,31,16,35,41,39,39,60,73,40,35,46,44,41,66,28,32,20,83,29,23,37,30,33,31,41,35,34,32,47,23,31,31,35,28,34,18,54,24,23,29,22,30
Impad1,56,40,36,58,75,69,48,54,60,40,67,83,48,33,46,75,52,107,68,38,38,105,40,30,43,34,40,38,48,53,56,30,54,35,47,37,37,37,41,18,48,43,36,23,25,21
Impdh1,19,7,15,31,22,15,26,22,30,20,17,35,24,13,13,29,20,116,25,18,6,42,20,14,15,16,14,16,14,14,38,10,13,21,14,10,14,15,22,14,21,14,11,9,21,19
Impdh2,99,66,94,126,110,107,123,111,167,111,146,175,165,95,115,134,139,213,92,108,0,180,119,77,122,90,136,122,150,111,87,68,91,77,44,91,111,118,144,70,149,129,120,71,125,112
Impg2,2,0,5,4,0,1,2,2,2,4,1,2,4,1,3,0,2,4,2,1,2,6,8,1,3,5,1,3,2,3,1,4,2,0,1,2,3,3,2,3,1,2,8,0,5,1
Inadl,7,8,8,12,7,5,3,12,10,7,8,12,9,8,7,4,9,13,4,3,3,9,13,6,8,7,4,6,16,9,6,6,14,7,3,9,11,7,7,7,6,5,10,4,4,7
Inafm1,36,26,47,64,36,27,56,67,59,49,61,63,50,46,51,53,56,79,43,36,21,89,50,33,42,44,48,45,51,44,42,36,54,37,48,36,45,38,37,29,61,28,41,26,29,47
Inafm2,46,29,48,56,48,36,50,35,63,45,44,50,54,48,40,58,68,83,38,37,13,62,57,34,35,35,56,53,40,44,41,29,53,22,59,42,37,42,42,31,50,41,40,35,40,36
Inca1,58,27,65,103,67,68,80,76,113,66,79,82,73,63,64,83,113,91,64,78,32,124,78,73,83,110,62,74,109,97,79,48,65,48,79,75,57,79,82,65,130,87,99,68,73,53
Incenp,6,8,8,16,19,4,21,27,11,7,12,21,12,11,6,8,10,26,7,9,6,19,12,7,19,9,10,10,10,8,35,4,10,9,6,12,13,10,7,5,9,9,17,7,6,10
Inf2,164,81,164,246,140,174,170,182,269,202,218,312,199,136,200,215,181,214,161,148,52,208,160,136,158,162,218,189,236,146,188,120,176,123,193,130,153,147,167,104,242,169,150,114,154,133
Ing1,52,19,44,48,53,44,54,50,50,44,47,79,45,38,45,74,54,59,34,43,22,86,41,25,38,36,40,47,58,33,30,16,29,31,34,25,27,27,33,20,45,26,38,23,36,25
Ing2,4,2,1,2,2,3,6,3,2,3,2,3,2,0,6,2,3,5,2,1,1,3,4,2,3,3,4,3,9,3,1,3,1,0,1,1,1,6,1,0,3,0,5,1,0,2
Ing4,115,56,99,161,98,126,114,127,120,113,164,119,121,77,143,171,169,132,109,106,35,148,147,86,139,133,89,157,195,138,144,99,126,99,145,103,103,116,102,71,173,129,115,88,110,118
Ing5,21,12,13,31,20,22,39,14,34,20,30,24,23,24,28,35,32,42,17,19,6,30,23,13,25,12,15,25,12,29,25,13,21,11,21,20,23,21,26,17,24,14,20,16,18,26
Inhba,185,139,184,175,168,87,321,151,87,70,218,343,159,110,123,92,105,68,127,131,66,33,208,48,128,110,186,99,45,164,40,64,123,86,76,61,56,135,83,26,79,39,79,65,63,75
Inhbb,3,4,1,5,6,0,1,1,4,3,0,7,3,3,0,3,6,7,5,4,1,9,3,3,3,4,2,4,2,5,6,3,2,1,4,3,2,6,11,0,2,0,7,4,4,5
Inhbc,376,175,266,336,226,391,289,231,401,439,445,558,303,360,500,577,514,211,444,398,137,268,389,184,241,386,369,394,354,352,290,343,471,225,432,311,285,377,366,183,441,330,293,225,262,307
Inhbe,225,155,209,449,83,229,191,166,65,168,388,295,212,168,308,111,144,213,91,130,40,96,234,151,242,156,164,169,162,280,160,149,217,125,206,146,94,138,220,83,192,175,339,149,289,124
Inip,9,12,16,20,9,13,20,17,14,7,19,22,19,11,17,17,23,18,14,15,6,20,25,10,15,11,6,14,24,16,19,15,10,13,9,10,16,14,9,3,15,12,7,16,12,17
Inmt,10326,4779,8918,15703,6517,8280,16347,16043,7837,9884,7122,5927,9512,9854,14175,12465,10141,3267,8590,9649,4010,7094,12903,8807,10333,11094,8772,13107,22022,13231,5289,7785,12099,8466,14643,11358,14282,15167,10281,6305,11261,9558,13073,9243,13733,13091
Ino80,40,31,53,65,38,41,40,43,52,57,63,67,54,57,60,62,63,54,59,34,18,78,54,38,42,34,34,56,55,42,38,36,43,41,49,31,42,45,41,21,63,56,39,30,39,38
Ino80b,94,52,65,106,51,85,119,72,84,77,84,108,97,70,88,66,109,61,72,91,24,86,87,62,95,61,92,83,122,95,67,58,70,59,88,69,53,71,85,52,95,79,80,59,66,70
Ino80c,24,21,34,50,31,41,48,52,48,48,59,51,35,42,36,34,50,61,34,34,20,76,45,34,47,54,20,48,84,65,57,35,45,29,50,37,58,34,35,19,53,50,41,32,38,42
Ino80d,46,27,61,89,54,46,57,44,39,50,71,59,52,52,56,73,78,65,44,43,17,76,50,47,51,52,47,51,59,54,37,34,40,39,52,47,34,41,46,28,75,53,31,48,29,47
Ino80e,37,28,33,47,29,29,42,32,30,38,53,69,34,42,47,39,48,53,36,26,12,47,57,27,53,35,31,39,49,41,57,27,36,31,41,57,27,39,42,16,54,37,46,40,26,33
Inpp1,27,10,25,47,28,27,46,23,40,25,40,17,32,31,24,38,42,35,33,15,17,27,41,17,21,33,27,22,29,38,50,21,33,16,26,35,25,36,29,24,42,32,32,21,34,15
Inpp4a,43,20,52,62,50,55,55,27,71,48,69,67,77,42,48,55,58,47,39,19,12,48,48,24,54,48,51,25,46,43,35,22,27,24,41,26,34,32,45,29,55,35,21,30,35,38
Inpp5a,92,32,62,107,44,65,70,64,102,71,101,105,107,82,84,105,103,101,62,77,29,86,99,61,80,77,81,83,103,75,75,66,73,63,96,66,64,76,90,50,85,83,82,55,57,73
Inpp5b,104,45,88,106,85,105,94,106,147,104,135,145,106,108,142,121,145,146,120,93,29,156,140,92,99,98,105,82,148,94,101,81,98,70,92,82,86,97,92,46,117,79,73,71,87,69
Inpp5d,18,16,19,41,20,22,30,35,20,12,39,34,30,11,26,22,24,45,18,10,9,42,17,15,22,27,21,10,21,19,69,12,15,25,6,11,21,31,16,10,17,21,25,14,11,17
Inpp5e,22,9,13,41,25,11,25,22,29,23,25,48,31,14,23,17,37,10,18,18,11,19,18,11,26,18,22,31,18,25,8,14,17,16,12,14,16,21,17,13,21,13,14,14,15,8
Inpp5f,41,33,63,69,79,45,62,81,86,70,65,105,63,54,71,80,76,103,68,69,32,116,75,38,57,72,46,62,83,65,52,42,62,29,50,42,56,64,64,40,105,63,59,51,58,77
Inpp5k,46,15,52,95,47,63,65,46,63,40,80,57,45,53,53,81,61,88,52,33,15,96,55,44,63,54,35,52,73,58,59,38,56,40,48,46,36,47,37,28,93,40,66,38,33,35
Inppl1,115,52,131,176,124,112,175,158,103,115,182,156,125,130,133,175,162,152,125,90,36,159,124,103,124,118,124,113,135,151,147,95,112,74,113,126,96,109,122,79,194,115,126,82,99,112
Insc,76,26,65,70,134,97,92,99,156,68,80,171,100,67,96,72,56,120,90,120,55,78,174,96,129,97,112,104,132,92,90,73,119,99,114,92,101,107,111,91,186,118,98,86,78,77
Insig1,302,122,168,255,475,237,305,379,942,625,246,757,196,205,305,399,341,75,410,548,109,87,518,294,330,498,611,708,683,478,204,284,552,327,324,398,410,435,395,448,731,720,413,271,493,417
Insig2,237,106,229,460,363,241,430,346,481,245,344,283,530,418,528,326,341,791,229,198,160,736,516,341,335,400,221,496,332,519,555,467,479,331,473,557,357,390,392,262,659,465,463,311,279,291
Insl6,6,2,3,4,3,1,3,3,5,2,2,2,1,5,3,2,2,3,4,1,3,2,3,3,3,5,3,3,4,4,6,4,2,2,0,5,1,3,4,3,1,1,8,0,4,3
Insr,29,19,48,22,16,48,46,17,45,28,27,33,40,30,23,26,24,28,62,29,8,20,36,11,15,9,17,15,26,21,14,4,12,4,12,4,5,16,13,9,20,7,5,4,7,3
Ints1,60,35,60,87,65,61,68,57,87,61,75,84,66,41,62,80,71,73,44,66,21,73,72,46,52,63,69,71,72,72,75,50,56,53,58,55,71,93,69,47,106,80,78,78,58,55
Ints10,0,0,2,1,2,0,2,2,4,2,2,1,4,2,2,1,5,2,2,2,1,3,3,2,6,3,4,4,5,4,2,3,4,2,1,2,2,5,3,4,6,6,2,1,1,2
Ints12,3,1,1,6,3,3,2,1,5,5,6,7,5,2,5,2,4,6,0,4,3,5,2,2,4,5,3,5,5,1,3,4,2,1,7,1,4,2,1,2,1,0,3,0,2,2
Ints2,8,4,9,3,10,8,11,13,13,11,11,32,10,14,12,7,7,9,8,11,4,4,11,9,9,7,7,10,11,12,9,7,5,10,9,10,9,13,8,7,9,12,12,5,6,7
Ints3,97,70,97,131,125,106,130,105,118,72,125,161,91,102,119,134,164,147,107,126,47,115,121,81,113,124,101,139,134,146,147,102,140,115,114,118,82,100,125,68,218,92,98,105,107,97
Ints4,123,47,100,147,110,98,121,114,128,99,117,124,86,85,104,123,129,177,103,74,46,166,139,72,112,122,95,102,135,121,116,82,98,71,88,95,80,107,122,77,160,87,105,89,86,85
Ints5,69,47,72,112,69,66,81,78,94,67,89,143,90,71,61,84,73,83,64,51,33,102,63,48,62,59,66,46,74,65,63,49,60,28,52,54,45,66,72,41,99,64,55,46,41,61
Ints7,6,2,4,8,8,6,16,5,12,8,9,9,8,9,6,10,9,8,12,15,7,6,8,6,7,7,10,7,7,5,7,4,1,3,7,4,7,8,8,4,6,9,8,2,2,4
Ints8,19,5,15,16,9,10,12,9,13,23,29,43,15,11,14,15,10,6,12,10,5,18,18,6,11,10,18,17,17,14,11,15,8,5,17,17,8,9,15,11,12,19,13,5,12,6
Ints9,36,18,25,42,38,36,33,40,48,42,38,54,27,29,49,36,37,53,31,28,5,45,31,27,36,36,36,35,52,31,30,15,23,24,31,34,25,29,30,23,45,33,21,25,23,25
Intu,2,2,1,3,1,0,2,1,2,1,4,6,2,1,2,3,3,4,2,0,1,4,6,2,2,0,2,0,2,4,2,1,7,0,3,3,1,3,1,3,3,3,1,0,1,0
Invs,32,11,21,43,40,39,27,39,58,25,30,68,35,28,47,28,29,46,31,30,19,40,38,40,36,36,39,42,38,38,37,28,42,27,51,32,32,38,43,19,43,48,22,17,26,27
Ip6k1,188,82,150,259,123,136,167,152,220,133,230,204,153,107,189,151,180,167,145,132,41,188,145,105,135,140,159,124,193,183,80,84,135,122,141,125,108,127,133,88,213,135,119,98,126,132
Ip6k2,34,9,25,50,42,50,14,35,108,32,45,22,44,22,28,144,80,72,67,30,15,109,31,22,23,37,33,38,36,29,27,37,35,40,42,39,21,22,36,32,86,53,28,24,16,51
Ipmk,127,45,88,161,85,106,113,65,186,124,115,97,150,103,112,186,155,81,115,97,32,153,116,99,114,119,97,134,141,150,38,82,104,54,101,107,98,101,106,56,155,121,94,56,67,91
Ipo11,44,28,56,86,71,56,99,73,83,60,77,82,69,60,78,68,66,107,88,69,25,83,91,54,88,76,54,82,94,97,89,52,80,59,87,89,65,74,82,47,96,87,63,42,80,73
Ipo13,37,18,51,51,30,47,66,42,57,30,60,70,53,73,45,40,43,42,38,38,11,43,60,32,51,54,49,51,40,59,46,32,39,46,36,33,28,43,36,28,70,24,48,30,39,34
Ipo4,159,67,126,188,101,137,161,161,133,134,192,245,162,116,142,186,198,431,130,106,52,323,158,91,147,117,151,142,168,142,129,95,125,99,129,110,120,106,151,76,226,143,145,102,123,106
Ipo5,188,83,166,274,140,174,163,164,228,160,239,194,187,170,202,244,278,296,147,198,63,344,253,141,181,191,137,176,247,232,186,114,194,122,177,155,145,194,198,117,244,171,187,126,131,146
Ipo7,0,0,0,3,1,2,1,1,3,1,1,0,0,0,0,2,2,2,2,0,1,6,0,1,3,2,0,0,3,4,2,2,4,1,0,1,2,1,2,1,2,1,1,0,4,0
Ipo8,54,24,40,76,51,34,58,66,42,61,60,68,36,38,57,60,48,75,46,54,17,50,60,30,40,52,47,72,74,55,42,43,51,21,68,43,42,59,55,31,60,56,45,29,46,38
Ipo9,30,15,34,43,28,22,28,38,38,35,29,42,25,23,38,46,49,49,35,37,10,47,46,14,27,35,30,30,46,36,35,12,37,28,33,30,26,27,49,24,43,36,39,23,28,24
Ipp,12,9,8,22,17,18,22,15,31,18,17,36,17,16,24,26,24,23,22,20,13,23,25,11,26,18,15,26,18,21,20,15,28,16,24,28,19,25,15,8,32,19,15,11,21,19
Ippk,26,19,26,29,41,26,40,20,32,28,29,32,21,33,37,34,54,51,17,33,6,49,34,13,32,33,30,25,31,34,49,28,30,29,35,24,26,30,32,21,45,31,31,29,24,23
Iqcb1,15,5,12,24,17,14,17,17,19,12,14,14,14,10,10,12,19,12,19,12,6,20,16,14,7,8,15,15,15,17,13,7,13,14,12,12,16,15,15,6,17,7,12,8,11,8
Iqcc,16,5,15,33,24,13,29,25,28,15,23,21,29,19,32,23,24,39,26,13,7,16,35,19,26,26,22,16,21,22,25,17,15,17,10,18,16,14,26,12,22,19,31,22,19,12
Iqce,11,9,17,21,19,22,29,23,20,24,34,27,26,23,26,30,31,30,14,17,5,41,20,17,20,13,13,16,27,21,24,12,30,17,29,16,14,20,14,12,38,11,21,20,18,15
Iqgap1,34,30,36,83,61,59,93,67,47,49,90,70,55,29,55,71,65,133,54,38,36,103,58,33,58,47,53,44,61,50,133,34,45,54,28,37,35,36,48,30,71,45,51,27,24,46
Iqgap2,677,321,634,1038,673,738,832,585,994,757,939,890,809,732,859,787,1006,696,775,701,283,671,799,517,704,685,624,712,765,795,532,488,797,431,626,729,558,660,721,394,953,689,654,668,609,542
Iqgap3,0,2,0,3,2,1,5,3,0,1,0,2,0,1,0,0,1,7,0,2,1,2,1,0,1,0,0,1,1,2,4,1,1,3,2,1,0,1,0,1,2,0,1,2,0,0
Iqsec1,41,34,43,58,26,30,57,37,71,39,57,53,48,41,45,58,43,62,45,49,15,43,45,32,58,39,36,60,52,53,34,33,38,44,47,46,39,47,51,37,64,39,40,35,33,46
Iqsec2,19,12,12,34,23,20,38,22,35,18,29,39,23,16,18,30,31,26,30,25,3,28,19,21,23,20,17,23,30,26,24,9,16,19,25,20,22,23,17,11,23,19,29,24,18,24
Irak1,168,89,181,280,239,179,240,232,218,181,268,280,218,159,251,256,237,403,195,189,84,352,227,141,215,196,169,185,212,247,189,159,208,129,187,175,198,196,223,105,274,190,174,155,147,150
Irak1bp1,19,1,19,30,17,14,15,20,25,12,18,32,11,14,11,19,19,22,18,7,11,39,10,7,15,15,10,22,23,17,10,5,15,2,13,7,14,16,3,3,18,12,14,3,14,10
Irak2,65,24,41,59,32,58,42,39,45,54,68,102,74,41,67,52,53,77,50,40,16,112,53,34,48,33,43,51,63,46,54,32,39,32,47,33,51,52,54,27,94,45,45,38,47,32
Irak3,5,0,5,7,8,3,1,6,8,1,8,12,2,1,5,3,1,5,1,7,1,2,6,2,4,3,7,3,1,2,10,1,1,3,1,1,1,1,2,0,8,1,5,2,3,5
Irak4,29,18,20,34,37,27,26,32,43,26,25,45,17,25,32,35,32,17,26,30,11,21,33,23,23,36,27,29,23,22,27,24,29,24,22,27,17,24,25,15,28,23,20,19,27,18
Ireb2,3,1,4,6,3,7,7,3,10,5,7,9,5,2,7,13,6,2,6,6,2,8,5,6,2,2,4,5,4,7,0,3,5,1,4,4,5,6,3,9,2,5,5,4,7,4
Irf1,155,81,178,351,191,239,246,250,301,229,286,297,185,150,237,202,231,172,154,150,84,210,174,154,176,209,143,123,242,178,825,147,178,210,167,134,172,185,160,89,161,137,165,149,125,128
Irf2,142,81,177,196,103,155,197,154,241,163,197,217,154,164,166,197,159,117,109,91,47,138,232,134,154,135,172,176,163,131,116,98,125,113,143,125,100,152,138,131,251,161,143,97,115,160
Irf2bp1,83,42,63,117,56,72,102,58,78,65,90,96,77,81,70,74,89,81,77,67,24,110,79,45,66,65,78,84,72,83,43,44,58,43,71,50,46,73,61,46,91,73,68,53,58,76
Irf2bp2,97,38,48,134,80,62,80,47,178,70,102,80,90,65,65,219,162,195,100,66,25,142,67,46,42,76,87,86,59,42,70,64,51,64,58,82,52,63,71,79,124,78,85,35,67,83
Irf2bpl,62,33,48,100,60,57,71,37,105,56,67,61,81,50,66,78,96,91,78,50,29,71,109,38,73,60,73,74,83,86,61,45,72,39,55,72,47,59,48,33,104,43,66,47,47,51
Irf3,327,181,398,504,358,399,473,448,598,425,542,570,353,378,440,451,533,463,405,329,141,447,418,271,430,398,423,425,524,466,418,283,445,308,419,291,313,423,344,289,588,391,426,261,392,382
Irf4,1,1,4,5,3,1,3,4,3,2,3,3,1,1,1,1,1,2,2,2,0,1,0,0,1,2,2,1,7,3,8,2,3,5,3,4,1,0,1,2,2,2,3,2,3,2
Irf5,52,36,75,110,110,74,126,119,61,80,105,102,53,56,82,79,115,108,73,81,39,111,83,52,117,74,124,78,111,108,177,30,43,51,39,42,62,39,61,55,81,94,74,48,64,71
Irf6,18,5,19,31,22,18,32,16,29,28,29,24,16,16,17,34,27,13,23,15,3,22,26,7,22,28,14,33,29,26,7,15,21,3,23,23,27,24,18,12,19,11,24,9,16,18
Irf7,249,170,273,498,320,273,297,357,368,214,500,311,450,267,585,351,416,224,280,359,93,379,403,291,434,389,303,241,303,392,1249,194,335,303,195,198,195,285,260,183,340,342,247,251,246,268
Irf8,39,22,44,99,59,42,80,74,46,44,76,70,46,28,49,63,58,82,48,30,15,80,39,37,45,38,54,37,54,59,221,34,38,49,35,35,53,46,34,23,47,25,33,23,26,30
Irf9,146,78,158,249,183,194,171,172,198,182,250,236,198,162,207,194,232,132,133,139,63,172,172,133,184,178,145,171,221,176,197,111,182,163,145,70,136,159,140,89,304,162,140,104,126,132
Irg1,0,0,2,1,6,2,5,9,0,2,5,1,1,1,1,2,2,1,2,3,6,1,1,2,1,0,4,0,1,2,101,2,2,4,0,0,2,2,2,0,1,2,2,3,1,7
Irgm1,110,71,134,241,233,157,184,194,263,198,219,266,242,172,309,148,182,167,153,212,121,229,237,152,187,179,201,197,258,208,1107,186,227,168,140,133,121,217,143,99,198,181,175,129,117,138
Irgm2,121,69,125,217,137,104,205,144,174,207,212,147,170,124,233,193,208,141,120,104,81,140,132,84,135,102,157,133,159,136,567,83,143,165,92,98,122,165,116,44,106,78,104,88,70,98
Irgq,34,40,32,53,44,52,46,65,67,47,80,93,51,54,63,64,54,68,49,38,12,63,70,37,47,46,38,51,68,53,59,31,42,37,52,44,35,43,43,44,77,45,57,35,45,53
Irs1,30,20,21,48,22,24,25,34,28,26,19,25,37,29,38,39,26,37,23,17,7,40,22,15,26,9,21,19,25,20,18,8,17,14,34,13,23,22,19,7,20,20,14,15,10,17
Irs2,46,12,13,110,18,79,21,19,31,24,50,36,13,16,8,189,158,121,24,39,12,122,16,5,9,31,18,27,28,18,13,19,8,18,18,20,18,15,19,18,8,26,12,11,9,6
Irx1,13,7,8,15,9,12,12,1,9,14,9,11,8,7,5,12,12,3,9,4,2,13,18,10,15,10,20,4,8,15,6,1,8,1,5,4,5,5,14,3,17,11,3,2,7,3
Irx3,7,3,2,1,1,2,2,0,4,2,4,4,3,3,2,10,19,15,5,6,1,7,5,1,3,3,4,9,6,5,0,3,2,4,2,6,5,3,2,1,4,2,1,0,1,2
Isca1,69,30,58,82,54,72,71,48,98,64,77,82,59,60,75,55,58,94,57,71,26,117,76,41,60,55,32,78,78,98,51,51,57,40,56,56,57,51,56,56,73,48,57,42,55,55
Isca2,175,80,172,250,196,208,203,239,341,236,258,274,286,201,239,291,272,188,234,219,94,303,182,188,250,223,204,246,343,304,226,130,223,154,216,211,211,221,228,165,317,209,217,135,186,227
Iscu,134,78,132,213,115,130,164,127,156,131,235,220,137,134,178,166,176,160,170,138,66,201,153,105,156,133,144,149,163,164,133,119,192,128,141,170,121,133,165,82,203,162,131,103,143,147
Isg15,72,44,66,114,92,69,77,95,98,73,118,157,115,49,137,95,108,60,71,98,35,63,94,81,95,94,91,118,117,96,441,86,109,125,59,80,53,97,90,70,90,101,75,63,70,62
Isg20,25,30,27,25,45,46,44,36,66,28,30,72,28,33,32,47,33,46,27,21,21,22,41,35,45,43,31,46,45,60,59,37,41,31,34,45,37,28,45,24,62,31,36,39,28,25
Isg20l2,51,37,50,98,43,51,58,43,77,30,64,90,72,58,58,71,66,65,46,41,20,87,40,32,47,48,58,52,64,75,24,28,48,33,42,48,45,41,46,24,74,50,37,32,35,41
Islr,18,16,15,49,15,12,24,25,18,32,31,18,31,24,26,19,19,28,18,20,4,29,33,7,13,31,9,30,37,30,5,27,12,20,8,15,10,20,14,13,25,17,15,12,17,12
Isoc1,29,14,26,35,32,21,44,33,49,44,35,47,38,34,50,37,43,29,44,30,20,50,46,28,46,43,37,45,46,43,22,33,42,20,28,51,35,30,48,25,62,51,36,28,30,46
Isoc2a,79,20,59,96,61,78,87,81,88,65,84,78,85,68,97,89,84,45,75,66,29,65,66,58,87,91,50,77,91,129,57,65,94,45,81,79,69,60,81,44,86,70,87,85,62,54
Isoc2b,77,29,62,119,25,49,88,71,59,75,69,78,69,67,77,79,84,68,44,50,13,63,120,74,86,55,51,92,99,62,70,79,71,63,93,113,64,82,107,70,120,102,100,54,68,58
Ispd,3,1,1,8,2,2,4,4,5,1,6,4,5,3,2,6,4,10,3,1,2,4,0,2,5,4,3,2,8,8,10,2,3,3,4,2,0,1,4,0,3,2,6,9,4,3
Ist1,144,84,153,205,167,128,195,139,217,134,188,173,165,139,159,215,162,230,179,147,60,285,214,104,159,146,129,152,211,189,122,80,123,71,130,121,106,134,119,77,165,133,127,110,106,131
Isy1,97,41,70,114,77,74,103,85,136,94,91,105,92,69,112,115,87,156,82,84,38,146,106,74,95,94,74,99,111,108,79,59,100,71,109,92,83,78,90,60,108,110,91,69,78,74
Isyna1,59,34,147,103,373,57,62,91,678,64,127,301,57,39,52,69,74,97,55,89,24,84,42,32,41,62,158,47,39,47,87,21,33,41,72,51,22,54,31,29,88,47,40,39,33,24
Itch,70,21,53,91,51,48,62,59,104,65,62,62,72,92,58,80,70,69,67,40,19,85,62,53,59,64,65,61,70,79,46,52,54,32,50,50,44,48,52,44,103,69,54,33,51,64
Itfg1,5,5,6,10,4,6,10,11,9,6,7,23,11,3,11,8,4,11,7,9,4,12,18,2,5,11,8,16,13,15,12,9,9,4,12,6,9,12,7,4,16,11,9,6,8,11
Itfg2,40,30,40,44,22,24,45,46,41,40,51,67,35,40,51,44,42,63,45,39,11,58,35,24,33,36,45,41,41,32,30,32,27,20,32,34,27,36,36,18,42,34,38,22,24,26
Itfg3,226,125,182,307,255,233,243,252,319,261,328,283,294,242,290,317,332,329,237,199,87,325,303,202,260,288,234,265,310,332,251,195,288,127,272,250,236,260,246,156,401,263,245,204,237,256
Itga1,2,0,0,4,1,0,3,2,2,2,0,4,2,2,4,1,3,2,2,2,1,4,4,2,2,2,2,0,6,1,2,1,0,0,1,2,3,5,1,1,1,0,1,3,3,2
Itga10,5,3,7,9,6,2,7,5,3,0,10,13,8,2,9,6,7,6,2,5,2,0,3,1,7,7,4,8,6,12,5,6,8,1,3,6,3,3,7,6,9,9,7,4,6,4
Itga2b,29,15,30,47,12,10,25,24,39,16,31,30,16,19,22,38,36,24,17,21,9,16,27,13,20,25,25,21,37,28,25,19,9,16,15,22,19,29,19,10,27,13,23,17,18,14
Itga3,8,7,16,26,11,21,29,23,23,24,23,30,24,26,21,26,25,26,17,19,3,18,23,16,10,34,15,20,26,27,7,16,26,14,26,23,20,15,27,14,26,16,22,20,16,17
Itga4,2,0,1,11,4,4,5,2,4,3,4,7,2,1,4,4,4,5,5,2,0,8,4,1,3,2,3,0,1,3,12,2,1,2,1,0,2,3,1,0,1,4,3,2,1,1
Itga5,14,9,6,18,8,5,16,14,6,11,11,17,11,9,17,2,5,13,22,10,1,10,10,6,6,12,16,16,13,13,15,8,11,20,8,5,14,8,1,5,6,5,6,5,4,2
Itga6,5,2,13,16,6,9,15,11,11,16,14,15,9,7,5,16,17,32,11,4,1,19,12,10,5,10,7,10,17,5,10,5,13,8,8,11,10,11,7,4,10,9,8,12,11,12
Itga7,19,14,30,15,21,19,20,25,59,22,27,42,37,23,33,29,26,22,25,19,11,24,14,21,27,20,21,22,32,33,17,13,25,18,23,16,14,17,12,13,28,24,21,16,18,18
Itga8,8,4,6,11,11,11,14,14,9,11,4,9,14,10,11,14,11,22,16,4,6,11,24,6,5,22,6,10,22,12,4,10,8,6,7,14,16,21,17,3,19,8,10,11,8,11
Itga9,22,22,33,31,20,16,46,34,26,24,47,29,27,24,34,37,39,29,28,25,7,33,35,17,26,29,28,29,32,53,30,16,21,18,23,27,32,33,34,17,32,23,37,17,23,32
Itgae,4,4,4,6,1,3,4,4,6,6,6,7,5,6,4,3,3,3,4,3,2,3,8,2,5,7,3,3,3,5,1,4,8,3,5,4,7,2,5,2,11,3,6,2,2,4
Itgal,25,17,20,55,44,39,60,71,29,25,48,46,19,18,41,21,35,44,32,26,20,35,36,18,55,19,58,28,47,38,70,22,9,35,22,29,30,42,18,19,21,31,36,11,19,22
Itgam,3,1,13,8,18,10,7,7,10,3,15,17,7,2,6,9,9,5,8,4,4,17,10,8,13,3,8,2,7,7,17,2,3,5,8,3,3,4,6,1,6,7,7,5,1,8
Itgav,6,3,2,12,8,5,7,11,8,10,11,16,8,4,10,10,9,11,11,11,4,16,13,7,7,9,7,6,10,6,6,3,4,2,5,4,3,12,11,4,7,7,2,4,3,6
Itgax,2,4,2,12,10,8,9,14,3,6,18,3,6,3,7,7,13,31,8,4,1,28,8,1,19,5,5,4,10,3,35,6,3,11,4,4,7,4,4,2,0,1,1,2,1,4
Itgb1,321,165,235,404,242,232,321,258,305,292,364,353,316,252,307,427,336,391,351,266,87,369,266,182,285,251,259,289,333,323,242,230,359,198,247,263,240,309,315,202,385,258,290,208,234,271
Itgb1bp1,51,15,43,49,73,29,49,51,96,40,45,57,66,56,67,58,64,87,52,48,22,99,84,30,43,50,64,47,79,66,58,29,53,33,62,48,49,40,36,28,72,44,50,37,36,47
Itgb2,30,15,29,77,58,39,78,71,40,28,77,71,41,16,58,23,63,80,28,22,25,97,49,23,88,25,60,21,35,62,215,22,29,45,20,27,28,27,22,23,24,27,43,27,26,21
Itgb3,15,7,17,27,20,8,19,17,25,13,26,24,31,26,24,25,23,38,10,11,7,49,13,9,17,19,16,19,14,29,23,12,11,10,11,10,18,18,10,7,16,8,8,11,7,12
Itgb4,6,3,5,12,5,7,7,3,6,7,7,10,6,3,6,2,8,6,6,6,3,5,2,2,3,6,7,5,7,6,2,6,3,4,5,2,5,7,5,0,7,2,2,5,1,5
Itgb5,238,128,240,401,147,206,377,289,340,292,390,414,249,269,326,364,277,360,334,260,77,303,340,213,257,230,294,247,408,239,276,234,231,304,292,336,217,316,282,186,421,282,290,190,241,275
Itgb7,15,4,17,35,12,8,23,18,7,17,28,16,12,8,12,15,19,20,9,10,9,9,15,8,8,3,27,8,16,17,63,12,9,13,15,7,14,15,11,2,6,3,14,8,11,2
Itih1,1961,1044,2282,3325,2557,2179,2391,2427,4966,2278,3121,4043,2140,2402,2855,3109,3171,1882,2068,2307,882,2402,2537,1635,2646,2483,3089,2355,3626,2640,1800,1627,2201,1431,2279,1938,2060,2029,2084,1302,2884,1961,2364,1797,2017,2047
Itih2,3793,1814,2701,5479,4176,3533,3769,3737,6659,4285,5273,6278,3804,3455,4475,5344,6239,8611,3943,3968,1636,9238,4311,2399,3940,3879,4566,3709,6694,4340,2523,2238,3822,2404,3316,2973,4029,3543,3744,2306,4955,3456,3258,3013,3363,3365
Itih3,3247,1804,4829,4805,7555,4309,2860,3150,16040,3059,5688,10977,3286,3127,3606,4726,4361,3953,2803,4625,1385,5421,3173,2013,5188,4505,6680,2867,4556,4230,3665,1938,3028,1941,3247,2344,1908,2425,2526,2126,4869,3182,3268,2475,2226,2127
Itih4,6912,3725,10635,10077,14683,9107,7137,7227,27819,6964,11544,18617,7150,8354,8895,10411,9439,4324,6204,9654,3212,5034,8193,5621,10248,10105,12264,7547,9674,9884,7270,4930,7773,5206,9370,7828,6128,6432,6387,4498,11501,7652,8902,7368,6651,6421
Itih5,19,13,8,36,45,12,30,34,29,35,18,32,34,10,29,23,30,41,24,17,10,40,21,13,31,39,22,20,29,22,7,7,21,12,12,9,26,28,11,9,30,15,16,10,6,21
Itm2a,0,2,2,5,1,0,7,2,2,4,4,2,5,2,3,5,4,5,5,2,3,6,4,1,1,3,4,4,4,2,2,4,4,2,2,2,2,6,0,1,7,1,3,5,1,2
Itm2b,4776,2406,4221,7603,3644,5144,5287,4658,6680,5159,6448,6853,6215,5401,6775,6618,6784,4731,5243,4562,2247,6727,7287,4217,5649,6146,4687,6545,7569,7007,5078,4533,5697,3313,5868,5316,4580,4984,5300,3329,7229,6007,5520,3829,4314,4723
Itm2c,366,199,302,591,492,274,486,441,551,353,544,540,468,242,401,474,460,718,400,325,179,541,446,211,402,401,394,300,489,486,601,202,344,325,351,311,296,420,358,219,470,313,324,229,232,303
Itpa,139,93,132,156,159,170,158,172,213,155,162,266,158,123,187,207,192,206,138,156,111,199,216,129,171,165,154,203,175,211,157,132,203,144,157,180,151,161,216,103,245,181,145,125,123,156
Itpk1,85,20,59,115,70,85,68,86,106,75,91,108,102,81,100,116,137,108,74,77,35,117,88,65,97,100,87,96,92,110,160,81,101,70,107,79,74,95,89,76,135,106,96,85,89,84
Itpka,11,4,9,12,14,5,18,16,15,10,11,5,16,8,5,20,18,34,15,7,1,27,10,3,7,15,15,4,18,12,9,7,4,8,11,3,4,7,12,5,14,9,5,8,8,17
Itpkc,27,23,17,56,37,18,42,31,50,46,33,65,22,18,26,42,41,63,25,27,6,70,41,20,24,33,36,40,36,34,21,21,32,22,25,30,16,28,20,19,40,25,35,17,36,24
Itpr1,71,40,71,106,100,84,110,77,132,81,108,131,83,105,113,122,102,112,91,75,36,158,131,71,79,99,76,100,113,95,79,77,80,56,85,103,84,80,67,53,128,99,94,64,55,73
Itpr2,43,12,46,39,39,46,46,34,66,61,52,77,48,48,67,67,40,39,37,34,13,42,47,29,32,42,44,50,46,41,25,27,33,29,36,37,39,39,44,28,64,40,38,26,27,43
Itpr3,17,4,8,18,7,4,16,9,5,11,18,10,14,12,15,15,19,30,13,4,4,22,16,7,7,6,8,10,18,9,20,7,10,18,6,7,4,7,6,7,6,5,5,4,6,10
Itprip,2,3,3,9,4,8,7,7,11,5,4,5,9,8,3,4,5,10,1,3,3,15,8,1,7,10,5,4,4,7,14,6,7,11,6,1,3,5,11,5,8,3,4,2,4,3
Itpripl1,36,15,24,25,32,23,28,27,46,28,35,45,26,35,27,25,31,36,24,18,10,53,21,20,16,26,18,19,41,26,13,19,21,17,18,15,24,31,21,23,32,18,33,19,24,21
Itpripl2,9,5,8,15,7,7,27,14,8,10,24,14,11,10,12,17,13,36,20,9,3,21,12,6,15,7,15,12,6,14,16,2,19,5,5,12,6,10,12,1,11,6,8,6,4,7
Itsn1,42,17,36,52,47,41,67,43,53,45,80,83,46,26,54,71,58,68,41,44,15,71,59,35,57,36,41,43,56,41,60,32,42,38,27,42,35,50,32,24,61,35,44,31,30,33
Itsn2,50,30,60,85,71,48,78,59,72,50,63,86,61,48,51,73,90,86,62,48,22,105,46,41,57,50,49,61,57,69,44,40,51,33,42,59,37,32,53,21,57,43,41,33,42,29
Ivd,350,177,365,490,223,405,350,366,499,415,504,419,411,440,457,538,522,314,450,331,137,543,458,292,457,421,352,467,688,484,393,293,441,329,433,427,406,445,497,288,626,467,485,368,467,429
Ivns1abp,125,60,118,185,87,105,128,83,181,137,191,248,149,141,122,171,162,174,138,126,33,153,126,63,84,91,106,141,174,124,42,93,102,44,114,76,113,87,73,56,128,102,143,70,82,108
Iws1,23,14,9,36,23,14,20,20,21,20,16,18,23,15,14,25,19,26,21,13,4,36,22,10,27,23,21,18,21,27,17,15,21,3,10,17,18,17,8,8,20,16,14,16,8,16
Iyd,371,206,383,584,352,462,519,403,761,398,510,649,539,532,564,515,551,415,469,436,159,676,582,388,518,546,409,451,841,572,377,330,473,349,579,474,486,491,472,275,742,496,505,340,456,447
Izumo4,29,11,51,57,27,47,57,32,69,30,49,36,32,31,49,46,44,28,48,39,7,40,62,37,48,40,47,57,100,41,33,36,56,60,52,54,37,48,53,28,75,42,54,27,48,35
Jade1,85,35,78,135,83,85,82,69,117,79,113,120,87,75,100,121,108,126,91,54,31,144,82,52,76,87,58,99,103,101,56,50,73,34,79,56,63,64,60,30,88,59,54,52,46,62
Jade2,28,16,28,41,40,20,57,36,51,23,45,43,55,57,37,28,39,60,40,25,8,66,50,25,38,22,32,31,38,48,51,13,43,31,41,22,19,32,33,15,49,31,34,22,29,37
Jade3,2,1,1,5,4,6,5,1,4,1,4,5,5,2,5,7,3,3,3,1,2,6,8,6,3,1,2,5,5,3,2,2,3,1,4,1,2,2,3,0,7,5,8,1,2,0
Jag1,4,5,2,10,6,2,10,3,5,4,16,6,2,7,7,6,0,5,5,6,5,3,4,5,14,4,4,8,8,8,5,3,8,4,3,5,2,8,4,4,5,6,3,5,2,6
Jagn1,137,86,137,180,133,141,154,135,218,127,141,231,177,178,142,201,191,229,162,142,51,245,218,99,145,159,148,203,192,200,148,119,134,72,142,125,117,133,135,70,210,154,121,92,132,135
Jak1,255,119,225,330,340,231,304,286,438,231,333,378,262,272,272,279,336,448,327,246,136,458,331,169,278,273,301,239,378,314,329,174,249,174,267,210,219,261,248,145,417,243,246,191,210,278
Jak2,51,21,38,73,32,39,70,43,69,46,65,53,66,50,46,54,49,48,62,37,18,66,48,31,36,44,46,43,47,58,49,30,43,46,37,44,39,42,36,27,57,33,28,35,32,38
Jak3,23,12,49,41,21,32,33,31,45,12,43,49,32,19,27,28,27,22,22,36,7,17,24,14,19,17,20,37,21,20,48,17,23,20,41,16,22,31,33,15,42,16,36,23,20,13
Jam2,10,9,9,20,10,23,14,20,25,13,19,25,18,11,16,14,19,17,11,15,4,9,25,13,11,6,13,13,18,21,12,7,17,8,12,12,8,22,12,7,30,16,12,10,13,7
Jam3,8,0,5,11,6,6,7,5,9,3,8,4,8,6,5,5,6,12,9,2,3,14,5,4,5,3,5,7,4,3,3,3,1,3,2,5,5,7,4,4,7,4,6,3,2,2
Jarid2,34,13,35,31,19,29,26,36,45,32,33,39,29,27,23,36,44,38,33,27,9,41,33,13,30,28,32,25,33,29,25,21,21,20,29,19,25,27,23,16,45,29,16,15,17,25
Jdp2,11,9,4,16,6,7,12,6,11,6,9,6,12,7,7,10,13,2,9,4,7,19,8,4,11,8,5,4,8,12,9,6,12,8,8,5,8,7,7,2,4,2,7,0,3,5
Jkamp,118,46,99,152,99,112,135,99,147,108,162,142,145,131,129,138,136,174,133,121,54,145,143,87,101,129,105,119,156,151,98,98,114,77,118,107,106,123,108,80,163,104,109,85,117,104
Jmjd1c,31,15,23,46,40,30,28,33,41,43,20,41,38,19,39,29,49,31,30,32,10,65,47,21,30,39,16,40,30,24,19,14,25,14,28,23,26,23,18,13,36,34,16,16,16,19
Jmjd6,70,50,83,117,50,72,99,61,92,72,95,138,57,67,89,88,64,96,65,52,14,97,84,50,75,60,75,69,73,65,76,56,62,56,59,61,43,56,62,35,87,58,73,53,54,53
Jmjd7,21,10,12,26,29,17,28,28,37,24,29,34,36,35,33,43,42,51,23,24,9,46,25,12,19,17,15,25,22,32,31,16,20,18,23,28,19,26,28,16,38,25,25,23,23,17
Jmjd8,166,89,224,266,159,209,242,206,268,202,225,266,196,186,230,216,223,152,193,173,78,162,241,170,235,206,212,191,252,228,180,139,178,145,202,179,156,224,212,133,347,218,202,143,190,167
Jmy,13,5,8,24,10,8,6,4,11,21,10,15,11,13,10,26,18,14,15,10,1,18,9,4,14,14,7,14,16,9,9,4,10,9,14,1,6,8,4,7,25,15,10,3,7,18
Josd1,166,74,198,248,129,156,196,154,197,146,234,146,127,151,167,220,251,212,175,147,56,300,196,82,125,127,137,192,181,180,141,87,149,108,150,137,108,153,155,84,192,138,173,115,122,128
Josd2,127,69,113,180,84,143,176,195,218,137,156,239,152,79,167,166,151,174,155,134,35,132,163,96,157,144,137,174,176,162,77,123,124,141,116,97,127,169,118,86,177,166,153,99,113,125
Jph1,8,3,1,9,4,5,7,3,7,3,8,5,2,7,5,11,3,2,7,4,1,5,2,5,4,7,2,6,5,7,4,3,8,5,6,6,7,1,4,6,11,8,5,5,2,6
Jtb,440,173,391,519,395,518,427,424,677,431,545,532,497,454,525,624,630,687,422,452,173,746,615,333,502,474,364,511,606,542,388,273,436,295,504,445,404,415,465,261,637,486,409,298,375,416
Jun,94,59,60,277,86,44,94,92,101,63,117,153,106,68,61,64,94,247,66,54,31,201,80,36,45,50,39,72,70,83,91,73,46,64,30,34,52,66,59,33,79,41,67,41,55,48
Junb,291,82,145,308,270,440,185,136,903,102,284,191,81,90,160,266,324,229,134,92,60,249,92,81,138,156,188,126,127,143,269,113,117,115,193,97,92,119,74,84,244,92,103,96,48,98
Jund,264,175,222,428,260,249,314,260,337,222,308,303,270,216,218,283,296,423,286,237,84,475,250,119,208,182,236,263,230,221,277,160,224,177,215,246,204,186,191,145,336,197,196,178,165,178
Kank1,131,46,110,144,144,164,127,158,240,179,152,236,139,101,122,224,244,149,148,155,69,182,187,99,149,162,132,160,222,180,144,132,155,104,139,133,134,127,131,108,230,173,124,115,116,113
Kank2,163,96,165,173,160,117,177,162,208,147,168,228,179,128,143,155,186,165,201,182,49,196,206,137,131,147,122,148,242,138,105,94,163,135,132,118,134,141,141,77,207,134,133,94,146,130
Kank3,37,16,25,34,23,21,21,29,51,31,37,45,38,23,39,31,38,46,28,31,9,47,30,11,22,32,28,27,41,36,27,14,24,23,24,24,22,39,32,11,33,22,25,22,15,27
Kansl1,49,22,45,78,65,41,55,42,69,70,70,76,72,50,62,81,58,83,65,43,20,72,76,41,51,59,62,55,51,62,45,37,33,30,49,47,37,49,48,30,65,53,44,30,39,47
Kansl1l,17,3,9,21,16,23,16,18,25,19,23,20,9,8,11,10,20,12,15,11,7,16,15,7,10,14,17,12,28,13,7,17,10,2,10,8,8,10,8,12,17,10,17,10,12,17
Kansl2,9,1,5,9,5,9,4,5,6,7,11,11,7,3,11,13,9,7,7,4,3,11,5,6,7,11,6,8,7,3,12,6,8,4,7,10,7,3,7,3,11,12,4,8,8,6
Kansl3,202,78,159,330,179,178,239,184,248,189,273,200,192,163,182,314,256,226,164,149,81,309,184,117,177,213,162,160,224,196,134,138,183,127,170,145,160,167,167,99,243,159,160,136,126,146
Kantr,3,3,0,8,3,3,3,7,7,7,3,7,0,1,3,3,3,0,7,3,2,3,3,0,1,5,1,3,1,3,5,2,5,1,1,2,3,3,2,0,1,4,3,2,3,1
Kars,187,114,200,315,184,236,304,156,286,209,279,298,232,219,235,253,301,343,175,165,77,317,248,150,202,209,217,226,247,267,289,122,191,175,212,145,154,223,162,115,286,198,200,142,151,190
Kat2a,47,28,29,51,28,35,51,33,56,47,68,87,51,32,45,45,48,61,52,34,4,59,47,34,38,35,52,43,42,32,40,31,30,39,24,45,25,34,38,24,63,56,48,24,41,27
Kat2b,36,11,29,49,21,31,34,25,34,49,45,23,28,30,38,48,43,40,47,30,15,58,37,18,31,29,22,28,41,29,27,20,28,6,42,23,25,18,19,16,14,19,25,19,22,27
Kat5,46,18,45,48,39,46,67,64,61,48,55,87,66,47,57,70,54,61,44,49,14,58,66,23,49,52,47,44,79,51,68,26,48,57,62,69,50,54,55,35,64,59,44,60,35,44
Kat6a,36,16,22,40,14,27,38,17,26,23,38,29,43,18,28,33,27,26,38,28,8,23,33,9,24,19,18,18,29,27,18,16,27,16,19,21,13,15,27,14,41,22,26,16,15,11
Kat6b,26,12,12,44,25,17,32,23,36,26,43,34,27,19,27,35,32,33,28,18,8,39,22,15,16,30,21,25,23,28,16,24,41,18,21,26,21,15,35,21,38,22,22,14,20,28
Kat8,71,35,55,93,75,103,72,86,112,91,78,119,66,89,89,113,98,109,86,62,31,120,79,59,79,68,64,102,97,88,63,48,75,43,93,75,66,73,73,48,114,77,74,57,69,63
Katna1,76,34,42,91,59,47,81,59,73,57,71,80,63,53,66,69,76,90,69,68,31,94,91,44,62,62,62,69,89,75,83,48,68,37,61,55,48,53,51,37,73,62,57,40,54,42
Katnal1,11,3,7,11,9,4,9,12,8,13,21,12,17,13,11,11,14,11,18,9,2,12,11,16,15,13,6,3,15,10,6,9,16,8,11,9,13,6,13,10,11,12,15,7,9,14
Katnb1,3,2,5,4,4,6,7,6,10,3,10,10,5,6,3,6,11,9,7,5,1,7,5,7,5,7,8,9,14,6,9,5,5,7,7,4,3,9,7,3,7,5,5,5,5,9
Katnbl1,4,1,4,13,11,5,8,8,10,3,10,8,2,5,10,4,7,6,3,2,1,16,7,8,8,3,7,9,6,3,7,4,5,1,8,11,5,8,2,2,10,5,6,6,5,5
Kazald1,10,11,13,15,7,6,12,12,15,14,12,8,9,17,15,13,9,20,10,9,4,15,10,6,15,13,4,8,19,13,7,10,17,12,8,12,11,13,13,7,17,12,10,9,14,11
Kazn,5,2,2,2,2,2,5,1,8,2,7,3,3,1,1,3,5,4,6,2,0,4,3,1,4,3,2,2,3,7,2,5,4,1,3,1,5,3,1,5,0,0,2,1,1,1
Kbtbd11,4,4,5,6,3,6,3,7,1,3,12,2,3,0,5,8,5,9,3,3,2,4,11,3,9,0,5,11,6,3,11,11,13,10,9,6,3,14,6,3,7,8,13,9,3,7
Kbtbd2,58,21,38,86,68,48,56,40,51,55,86,72,51,39,65,77,79,80,61,51,20,85,53,26,39,52,65,73,76,75,36,24,70,37,42,56,51,50,43,27,67,63,38,38,26,33
Kbtbd4,39,29,54,80,46,40,56,49,76,63,65,85,68,65,70,45,59,62,39,43,16,55,65,43,52,70,47,79,62,58,26,37,53,40,56,47,38,35,62,36,79,50,47,25,43,55
Kbtbd7,2,2,3,4,4,4,3,5,12,7,7,7,6,0,5,5,7,2,5,1,2,4,4,3,3,4,4,7,5,5,0,3,3,0,4,3,4,4,4,1,1,1,8,6,2,1
Kcmf1,59,26,44,68,38,62,57,38,60,55,55,49,65,44,54,78,67,61,65,29,22,60,58,35,45,34,76,52,68,81,28,34,41,43,52,53,30,45,73,24,81,45,57,35,45,49
Kcna2,8,6,16,20,11,6,26,17,4,9,15,14,9,12,18,18,14,12,6,9,3,10,16,9,10,12,10,8,9,6,29,8,7,14,8,14,10,5,5,6,8,14,7,9,3,5
Kcnab2,4,1,5,9,6,0,8,15,3,3,3,3,3,5,7,4,4,9,3,1,3,8,7,3,8,3,6,2,3,1,16,3,1,2,5,2,11,5,3,7,1,2,3,3,3,3
Kcnab3,2,0,7,3,2,1,1,1,2,2,3,1,1,4,1,3,1,2,5,1,0,1,0,0,0,1,1,0,1,0,0,1,0,0,0,0,0,3,0,0,2,0,0,1,0,1
Kcnb1,6,3,9,4,1,6,5,4,8,4,3,3,4,7,9,11,8,4,2,6,6,15,5,5,3,3,6,1,5,11,2,5,1,2,4,1,5,2,3,2,1,4,4,2,1,6
Kcnc3,1,2,2,2,0,2,2,1,4,1,1,6,5,0,3,1,3,6,4,4,0,3,3,1,2,1,4,3,0,0,1,1,0,1,0,2,5,0,3,2,2,4,2,1,0,2
Kcne3,10,9,6,10,10,10,12,8,2,9,16,17,13,6,8,6,9,11,11,8,1,9,15,3,7,8,3,7,5,7,6,3,9,13,2,5,4,12,8,3,12,9,5,6,3,10
Kcng2,0,0,3,1,3,1,3,6,0,1,4,1,0,3,3,1,3,4,0,4,2,2,0,2,3,1,1,0,1,2,4,1,0,0,4,1,0,1,2,0,4,5,1,0,0,2
Kcnip3,3,1,6,9,5,3,7,3,3,1,7,4,9,3,3,1,5,9,3,2,0,10,2,0,4,4,2,3,3,5,8,6,3,4,1,0,2,4,5,2,4,5,3,3,4,4
Kcnj10,4,0,2,6,7,3,3,9,3,2,7,7,6,1,2,2,3,3,3,3,2,8,7,3,4,1,5,2,2,4,16,5,3,3,2,3,3,3,3,2,3,1,4,4,0,0
Kcnj16,0,0,0,3,0,3,0,1,1,0,2,3,0,1,0,2,0,0,1,1,0,4,1,1,3,1,2,0,1,2,0,0,1,2,0,0,1,3,0,0,7,4,0,2,2,0
Kcnj2,1,1,0,3,2,0,2,0,3,2,1,5,1,2,0,0,2,0,3,0,1,2,7,0,6,3,3,5,4,4,1,0,4,1,0,2,2,3,1,3,0,1,2,3,1,1
Kcnj8,17,4,14,27,21,19,21,23,11,27,22,29,21,19,23,29,16,46,19,11,10,68,16,10,17,20,13,20,29,22,9,4,13,20,11,14,26,8,20,9,25,12,22,17,19,18
Kcnk1,4,0,1,4,5,1,8,3,4,3,4,3,6,3,1,5,3,6,3,1,0,2,0,0,4,4,1,1,1,2,0,3,5,3,3,1,2,5,0,2,4,4,2,1,5,2
Kcnk13,1,1,5,7,1,1,0,3,2,1,3,8,4,0,5,1,4,5,0,1,4,12,8,4,2,0,0,4,0,4,6,0,3,1,2,5,0,3,0,1,6,2,1,1,2,2
Kcnk5,88,68,115,145,68,83,104,111,156,108,66,172,108,179,147,104,94,127,128,85,34,114,142,95,136,134,110,115,161,87,71,100,185,133,109,117,94,114,141,90,399,96,149,146,119,145
Kcnk6,3,2,4,17,11,5,11,3,5,3,9,3,7,1,10,19,12,12,4,7,3,17,7,7,8,5,4,4,7,11,5,4,4,4,3,2,2,3,2,1,5,8,14,5,3,7
Kcnma1,0,0,2,3,1,0,2,2,1,1,2,2,2,0,1,2,1,0,2,1,0,7,2,2,1,3,1,2,0,1,1,2,1,0,0,2,1,1,1,0,2,0,0,1,0,1
Kcnn2,65,30,47,77,49,70,64,57,91,87,66,89,94,100,60,103,78,99,90,53,19,157,87,65,77,47,63,59,102,73,38,49,74,47,81,53,55,62,63,49,115,72,73,42,69,70
Kcnn4,5,3,3,13,4,10,12,5,2,3,11,6,11,4,3,3,9,19,1,3,2,7,7,2,8,6,8,7,6,13,18,5,6,6,4,5,4,5,7,4,13,1,4,2,10,6
Kcnq1,6,1,3,5,3,9,10,5,10,2,9,4,12,8,4,7,9,13,8,4,3,5,6,3,5,11,4,15,5,4,3,4,6,8,3,7,0,7,5,1,17,3,6,4,2,5
Kcnt2,6,6,9,7,11,4,6,6,15,4,8,5,1,0,1,6,6,2,3,5,2,2,2,0,6,2,5,5,6,9,4,2,5,2,1,1,2,4,1,1,5,0,5,3,1,0
Kcp,32,21,33,51,51,27,53,55,40,47,46,75,35,21,33,34,38,31,31,37,14,20,40,20,34,43,48,35,37,36,19,25,34,22,16,23,16,40,34,30,57,30,24,21,29,28
Kctd1,3,3,2,3,3,6,3,3,2,1,1,4,3,5,6,4,3,1,6,2,0,1,4,1,6,2,3,3,3,2,2,1,1,2,3,5,4,6,3,3,4,5,3,2,2,1
Kctd10,82,40,65,104,76,85,112,85,99,69,78,107,77,58,72,71,102,99,85,60,37,80,87,50,89,81,51,62,83,76,65,51,70,65,49,57,57,66,71,45,81,62,56,56,47,58
Kctd11,8,3,3,13,13,8,16,7,7,7,8,21,8,4,11,10,7,18,10,5,2,7,12,2,13,6,8,9,10,8,12,5,2,9,4,9,12,7,4,2,2,6,6,2,5,8
Kctd12,1,1,2,3,3,4,8,4,7,5,9,12,4,4,15,6,7,13,5,5,1,10,3,2,7,4,6,7,9,3,6,1,7,1,2,2,3,9,2,1,1,3,2,4,3,4
Kctd13,8,10,10,15,7,13,19,17,8,8,17,21,19,6,9,14,9,27,14,13,4,17,13,7,14,11,6,9,15,7,9,10,12,8,11,15,9,10,6,6,15,8,8,14,6,10
Kctd15,30,17,30,65,26,52,42,31,51,30,58,34,36,34,39,53,50,92,36,36,12,108,52,26,52,45,31,64,33,57,30,22,32,23,40,32,13,32,22,28,82,32,49,30,34,31
Kctd17,47,21,22,47,53,31,45,51,54,37,51,92,51,29,66,42,50,208,47,52,9,80,55,27,36,46,37,67,42,28,96,50,33,41,30,26,46,36,47,27,71,29,40,19,35,37
Kctd18,11,11,27,30,11,8,24,12,22,14,16,18,10,11,17,23,20,19,15,14,4,34,15,17,20,15,13,17,18,19,12,12,24,13,12,21,14,15,17,18,19,13,19,10,9,17
Kctd2,99,44,104,130,79,115,119,99,100,98,104,121,86,117,108,100,133,152,86,117,33,133,138,57,84,101,78,96,143,113,84,86,99,95,106,92,98,121,109,66,118,100,99,91,110,103
Kctd20,31,17,35,51,43,38,43,54,46,26,27,54,29,32,44,45,42,52,32,40,18,78,53,20,50,32,37,32,56,33,37,24,29,30,36,34,37,43,42,27,61,43,30,27,37,48
Kctd21,24,15,30,66,47,43,37,40,63,48,48,45,45,38,47,48,56,51,40,33,12,51,43,29,53,35,41,57,57,64,40,33,55,21,52,40,42,37,46,19,79,36,36,25,39,39
Kctd3,27,16,31,51,51,38,55,41,39,25,45,43,43,35,34,51,36,77,33,28,19,56,44,18,32,36,28,33,39,38,43,29,35,21,31,27,28,27,21,25,55,29,28,26,22,32
Kctd5,11,7,21,31,17,18,32,20,17,13,21,27,18,19,20,26,14,26,21,15,6,24,23,11,12,17,12,20,20,18,14,6,19,10,12,5,17,23,13,8,19,18,9,13,15,13
Kctd6,36,13,36,62,43,28,33,32,48,33,35,37,40,45,40,51,47,55,52,24,15,63,35,17,36,33,30,44,33,31,39,23,29,24,32,33,26,30,33,19,56,27,39,25,34,31
Kctd7,9,5,8,4,9,8,8,9,16,6,13,30,6,4,9,4,9,6,7,6,4,5,12,9,6,8,8,5,9,5,8,13,14,5,5,6,7,7,8,4,10,5,8,5,7,11
Kctd9,8,6,3,23,13,13,15,1,14,10,25,17,11,13,10,11,13,24,11,13,4,24,9,11,9,10,4,10,14,12,4,6,7,2,11,12,8,13,7,6,13,9,13,9,10,8
Kdelc1,16,13,9,16,22,12,23,13,36,16,11,36,16,12,11,22,21,17,22,14,7,19,19,9,17,15,18,12,21,11,16,11,15,11,15,9,8,16,8,4,23,14,11,7,8,14
Kdelc2,19,9,11,18,16,13,17,19,23,17,16,28,20,17,20,25,21,42,22,20,4,21,33,25,20,17,16,21,30,23,12,9,30,9,18,17,15,14,26,14,25,27,17,13,12,18
Kdelr1,673,319,737,933,707,803,855,807,1048,739,996,1071,781,703,851,909,942,1249,790,740,317,1023,895,600,832,773,789,817,992,885,812,586,822,606,801,831,649,720,849,497,1109,807,784,653,722,697
Kdelr2,516,254,478,675,472,544,664,564,972,642,678,1001,671,651,743,724,671,865,567,671,162,678,595,394,619,670,705,669,709,734,494,400,565,423,627,546,586,566,795,415,819,768,584,433,521,632
Kdelr3,1,1,1,0,2,1,6,2,0,1,2,1,2,1,1,3,2,28,1,1,0,3,1,1,2,2,1,1,1,0,3,0,0,0,4,1,2,2,0,1,2,1,1,0,1,1
Kdf1,25,21,40,41,45,29,51,44,65,37,58,75,42,36,37,66,61,79,39,29,16,91,48,32,43,55,49,60,62,44,38,43,40,21,46,38,33,47,41,27,82,42,41,34,42,51
Kdm1a,32,19,31,48,28,31,41,25,54,38,42,47,38,25,38,52,56,36,42,23,11,51,31,22,28,35,40,32,38,39,15,28,30,16,29,22,34,25,37,18,52,26,40,15,24,28
Kdm1b,23,7,23,25,28,29,24,26,40,27,20,54,15,24,37,23,36,30,33,25,12,33,43,19,32,32,17,31,53,22,29,22,32,6,24,17,14,27,27,14,31,24,23,18,25,29
Kdm2a,85,35,90,141,88,78,82,74,75,69,95,80,77,56,95,101,97,110,73,55,36,102,77,51,71,83,78,54,103,81,77,64,87,41,52,58,60,74,70,36,112,66,73,59,56,50
Kdm2b,3,5,2,9,5,3,5,11,6,3,14,6,6,6,8,3,7,6,5,5,2,10,4,5,4,5,3,8,5,7,7,3,5,3,6,5,5,4,2,5,4,5,7,3,7,11
Kdm3a,33,12,21,49,23,27,32,23,34,17,36,29,23,27,23,49,39,41,31,18,11,55,29,16,17,25,23,20,26,18,23,20,26,10,24,22,14,20,22,19,31,24,18,24,19,15
Kdm3b,22,11,12,35,13,16,25,18,39,18,38,29,18,24,26,20,30,27,24,14,8,37,27,4,23,19,20,17,23,29,12,15,25,5,13,15,10,23,19,14,15,19,20,15,15,23
Kdm4a,60,28,39,79,67,38,56,58,67,46,71,87,46,37,60,71,69,80,41,40,14,66,55,29,44,31,55,40,52,57,42,36,39,45,45,43,35,43,44,34,79,47,39,26,41,33
Kdm4b,51,28,46,90,46,66,80,60,87,46,71,84,52,53,52,68,75,68,56,54,28,83,59,41,55,62,47,79,70,69,50,28,69,37,59,38,43,58,51,44,71,54,42,47,46,51
Kdm4c,39,15,29,42,40,39,35,31,39,25,40,47,29,34,38,40,41,27,33,35,14,56,36,25,20,22,18,33,33,31,36,28,26,15,30,19,31,30,25,18,44,39,17,27,25,20
Kdm5a,2,0,2,4,1,0,2,2,4,4,0,1,0,2,5,3,4,1,1,1,1,3,5,0,2,4,0,2,1,4,0,1,0,1,2,0,2,3,1,1,2,7,4,1,2,4
Kdm5b,10,7,12,18,17,13,17,14,24,13,19,22,16,6,14,13,17,17,12,22,3,12,20,9,12,8,7,17,16,19,12,7,6,6,15,19,8,11,13,6,17,8,14,5,8,15
Kdm5c,0,0,1,3,0,2,2,0,4,3,7,1,1,1,1,1,6,4,4,1,0,1,3,1,1,1,2,1,4,1,0,2,2,0,0,0,1,3,2,1,1,1,2,1,1,1
Kdm5d,25,12,27,35,28,25,27,20,44,26,38,25,32,29,31,29,16,31,23,20,2,28,23,17,38,18,19,25,33,22,22,14,21,10,24,11,22,20,12,11,29,29,29,16,24,12
Kdm6a,5,3,4,8,4,3,1,3,7,5,3,8,3,5,3,6,3,1,2,5,0,7,2,1,1,2,4,3,2,3,2,1,1,1,2,0,3,0,2,0,1,4,3,4,2,2
Kdm6b,78,22,48,130,53,67,73,55,76,88,122,75,42,52,65,93,88,70,65,55,21,110,69,31,55,60,71,77,85,74,44,42,55,47,50,50,40,41,67,31,96,61,71,52,61,39
Kdm7a,36,16,27,68,31,42,35,46,48,34,56,39,46,43,35,47,59,50,62,25,15,42,42,24,43,43,34,32,42,47,31,23,47,22,32,40,33,42,50,26,62,39,40,42,27,31
Kdm8,11,2,12,9,4,6,4,12,9,9,14,23,12,6,10,4,4,10,6,0,0,8,8,0,9,3,3,8,7,5,3,6,8,8,7,2,8,5,6,5,12,1,5,6,1,3
Kdr,64,19,39,38,61,47,52,40,46,35,52,35,46,21,41,97,78,79,60,41,25,88,50,30,35,30,39,36,54,47,30,9,29,27,41,19,19,35,19,16,27,26,23,29,27,34
Kdsr,7,12,8,24,9,14,14,12,11,13,15,14,13,11,19,19,18,17,12,7,6,14,14,10,5,14,8,15,14,19,9,9,11,3,11,6,8,8,12,4,16,12,15,5,10,12
Keap1,357,176,292,436,306,278,329,311,360,313,376,437,293,256,338,446,396,411,317,303,109,453,353,234,315,310,299,325,373,308,446,227,279,256,328,284,228,267,283,207,428,271,288,217,306,260
Keg1,1115,338,574,967,491,914,1419,962,305,805,1425,683,598,499,939,1708,1289,106,1540,1162,453,120,1572,620,1462,1218,1284,1684,1434,1622,550,985,1533,421,1099,1076,1411,1577,1735,709,1589,1491,1482,788,1163,1240
Khdrbs1,12,5,12,14,4,6,11,3,8,13,10,11,7,3,10,10,10,12,10,5,2,9,12,7,6,8,8,8,8,9,7,4,9,9,6,8,3,11,7,4,14,11,6,7,7,4
Khdrbs3,49,33,39,97,40,47,63,43,46,57,68,64,61,56,74,74,80,57,42,57,27,59,78,51,52,53,33,59,55,71,42,59,67,66,62,56,46,43,52,38,65,55,78,35,66,60
Khk,2235,1386,2034,3025,1859,1852,3698,2791,2920,2266,1964,2855,2768,3428,3073,2783,2402,1049,1792,2384,693,1583,3764,2887,3082,3006,1928,2828,3153,2869,2262,2528,2648,2504,3010,2183,1649,2951,2224,2832,3675,3779,2999,2371,3037,3220
Khnyn,14,6,11,23,15,8,8,15,18,20,14,17,11,6,25,25,26,23,17,13,5,32,17,7,14,15,4,14,23,7,10,11,12,4,17,14,14,14,9,9,21,12,7,12,10,14
Khsrp,106,55,92,129,105,78,136,82,148,101,142,141,85,106,98,119,120,143,117,93,31,145,103,83,96,82,111,114,113,119,65,57,96,77,91,95,89,84,86,41,112,89,80,83,84,86
Kidins220,76,41,64,119,104,62,102,103,94,118,106,114,93,97,115,123,107,170,96,77,34,162,122,74,62,83,84,109,138,108,114,78,90,44,95,102,75,101,73,59,109,104,116,55,63,84
Kif11,0,1,1,2,3,2,4,4,4,2,1,1,1,0,4,1,1,6,4,2,2,3,8,1,4,0,0,0,2,6,9,3,1,3,3,2,2,1,2,1,4,0,1,0,0,0
Kif12,2,2,3,5,5,3,5,5,2,3,5,5,5,2,0,5,6,1,3,3,1,2,4,2,5,3,1,1,5,1,4,6,3,2,5,0,1,6,2,5,5,2,1,0,1,4
Kif13a,28,9,20,32,37,33,37,29,47,43,35,50,29,22,31,49,43,50,31,44,10,32,30,19,33,32,33,36,51,37,33,27,29,20,42,32,25,31,46,26,50,34,31,26,36,31
Kif16b,13,3,7,16,6,8,8,7,18,12,5,10,8,10,14,9,16,23,8,12,3,20,13,6,10,8,8,8,13,15,13,4,8,6,15,8,12,15,9,10,16,9,13,6,6,3
Kif18b,0,0,1,0,0,0,1,0,0,0,0,0,1,1,1,0,0,10,0,0,1,1,0,1,1,0,1,0,2,0,3,1,1,2,1,1,1,0,1,0,2,0,0,0,0,2
Kif1b,242,104,194,292,157,173,249,151,256,224,240,214,201,206,182,317,283,286,253,182,95,363,226,100,145,165,116,179,262,194,144,130,148,71,143,143,141,163,116,85,190,132,150,103,110,140
Kif1bp,67,24,47,74,34,55,57,38,78,46,66,81,51,60,56,60,77,61,61,48,21,56,81,47,55,54,50,54,68,76,70,40,58,33,55,59,50,42,72,29,64,42,55,37,57,50
Kif1c,7,5,9,12,8,9,9,6,18,11,10,9,3,9,12,4,9,7,6,9,1,11,5,8,11,11,10,6,11,9,6,2,7,4,9,1,4,8,8,2,10,10,7,3,4,6
Kif20a,3,3,0,3,4,0,1,23,0,3,1,4,0,1,2,2,0,16,0,3,3,4,1,1,5,1,4,5,6,3,11,4,1,8,3,4,3,0,4,2,1,2,5,3,4,0
Kif20b,0,0,0,1,3,0,3,3,3,1,3,0,1,1,2,2,2,10,1,2,0,5,2,2,1,0,0,0,0,2,5,1,3,7,2,2,3,1,1,1,0,0,2,2,1,3
Kif21a,63,36,44,98,48,50,69,49,60,87,65,78,48,59,64,96,73,123,71,50,21,116,76,39,44,46,50,62,88,56,61,38,53,27,57,59,42,41,47,31,67,51,64,36,41,63
Kif21b,11,8,17,27,19,12,17,21,13,7,22,23,15,4,20,16,21,22,12,6,8,39,13,11,17,9,14,5,10,18,27,6,7,10,9,12,14,9,7,4,10,9,21,4,10,11
Kif22,9,5,5,13,18,9,15,30,4,6,9,9,5,5,6,7,6,21,7,6,6,16,2,4,9,10,8,4,16,4,39,9,5,11,13,7,13,4,10,6,10,5,16,8,6,6
Kif23,2,1,4,2,4,0,6,7,1,4,5,4,6,3,1,1,2,4,3,2,2,4,2,5,11,3,6,1,3,2,6,1,2,2,6,5,6,3,1,1,3,1,14,5,1,0
Kif26a,8,4,3,8,4,4,7,7,2,4,4,3,6,9,4,3,5,2,3,3,1,7,6,3,4,6,4,6,3,1,1,5,2,1,10,8,3,1,2,2,7,2,3,6,2,8
Kif26b,0,0,2,3,1,1,2,1,3,2,1,2,0,1,1,1,0,1,0,1,0,3,0,0,1,0,1,0,1,7,0,0,4,1,0,0,1,0,3,0,1,1,3,1,2,1
Kif2a,3,2,0,5,3,2,1,3,2,0,3,3,5,3,4,0,3,2,5,3,0,8,6,0,3,2,3,3,1,5,2,3,1,0,1,3,3,2,3,5,2,1,4,1,3,5
Kif2c,0,1,0,1,1,2,4,8,0,2,1,1,0,1,3,3,0,7,1,1,1,2,2,0,2,3,2,0,8,0,5,0,1,4,2,1,4,0,4,0,1,0,6,1,1,1
Kif3a,2,0,3,0,3,0,2,3,3,1,7,3,2,2,2,1,0,6,3,3,0,5,3,4,2,4,1,4,1,2,0,2,5,2,4,0,0,2,3,3,0,3,2,0,3,3
Kif3b,23,6,14,26,23,13,22,25,28,26,24,25,21,18,26,25,16,41,22,10,7,45,29,8,25,22,15,17,26,21,26,11,15,17,17,24,18,12,13,12,32,14,18,14,16,12
Kif4,0,0,1,3,0,0,1,3,2,0,0,0,0,0,0,0,1,11,0,0,0,1,0,0,1,1,2,0,2,1,7,0,0,1,2,1,0,2,1,1,0,0,1,0,1,1
Kif5b,40,20,33,60,46,38,32,50,63,44,68,76,57,43,60,47,51,69,56,41,23,75,70,27,48,46,58,42,51,47,42,35,47,17,51,21,41,51,43,28,68,34,46,34,26,46
Kif9,3,3,1,4,3,3,3,6,2,2,2,2,2,2,0,0,3,8,5,4,0,1,2,1,5,4,3,2,1,5,1,1,0,1,1,1,2,4,1,2,3,0,5,0,4,2
Kifap3,17,5,11,22,12,13,18,10,34,20,14,21,10,15,36,17,17,35,15,16,4,29,17,11,12,11,11,23,33,26,15,10,17,9,18,16,10,18,16,7,23,14,17,10,11,20
Kifc1,2,1,0,1,2,1,7,7,0,1,4,0,1,0,1,0,1,7,0,0,0,2,0,0,0,1,1,0,3,0,3,0,0,0,1,3,5,2,0,0,0,2,1,0,0,0
Kifc2,34,21,25,44,21,36,32,30,45,29,39,49,33,35,49,50,47,39,37,28,8,21,33,33,26,33,31,34,37,40,10,26,45,23,35,27,18,37,31,27,47,29,27,25,22,23
Kifc3,165,114,163,236,187,154,274,216,183,148,233,298,208,113,137,149,171,233,202,152,73,215,214,91,164,192,143,157,172,151,142,118,191,151,139,71,123,172,119,107,212,124,97,83,130,137
Kifc5b,1,0,0,1,2,1,2,3,0,0,2,2,3,1,0,1,1,5,0,0,0,2,1,0,0,0,3,2,0,1,3,0,0,1,2,2,0,2,1,1,1,0,2,1,1,6
Kin,55,34,39,76,53,46,64,42,43,45,70,44,45,42,47,76,56,39,36,49,14,55,47,25,40,55,31,56,53,41,41,36,48,31,31,53,43,38,33,29,63,33,46,29,38,38
Kirrel,1,3,2,10,3,1,5,5,6,6,4,4,4,5,6,2,1,9,1,4,2,6,3,1,3,1,4,3,4,4,3,3,3,4,1,0,5,1,2,0,2,0,3,1,1,2
Kiss1,2,0,0,1,1,2,0,0,1,1,1,0,5,6,0,3,1,5,1,2,0,3,2,2,0,4,1,2,2,2,0,4,1,1,0,1,1,1,0,0,3,1,2,1,0,3
Kit,2,3,5,8,5,12,8,5,7,8,9,7,4,5,8,8,5,6,7,6,3,1,4,3,5,3,5,8,5,9,8,7,4,7,7,5,2,5,5,2,8,5,5,8,1,8
Kiz,65,33,59,83,53,61,90,81,101,63,63,66,95,65,71,90,88,89,59,59,21,108,70,46,72,61,51,79,84,69,60,48,78,42,67,65,47,68,62,48,101,76,72,56,64,54
Klb,38,16,39,73,22,52,61,24,55,57,39,52,57,59,53,89,91,67,56,46,21,104,62,28,47,54,41,43,63,38,45,33,48,33,58,69,50,45,43,25,70,30,66,26,41,34
Klc1,110,58,110,152,93,102,154,125,99,101,173,156,107,81,116,149,140,165,130,82,38,187,128,76,100,100,105,101,114,122,92,41,94,82,80,71,76,104,88,54,137,75,77,76,97,82
Klc2,23,13,24,24,21,20,21,31,33,25,30,38,26,24,26,21,33,43,23,29,8,37,26,24,18,24,15,20,24,21,29,16,25,21,21,25,12,23,27,15,34,30,30,24,27,21
Klc3,3,3,2,4,4,5,13,10,3,3,5,3,7,7,2,4,6,5,2,2,0,9,3,2,2,2,0,6,2,2,7,3,4,2,4,5,0,3,0,1,3,2,2,4,1,3
Klc4,239,152,247,447,269,306,331,323,411,251,340,353,360,276,316,381,312,265,276,275,107,261,379,292,327,315,321,323,396,325,208,225,327,261,303,312,277,269,325,218,472,305,342,289,272,280
Klf1,8,9,17,19,3,24,21,8,35,13,31,12,17,16,25,15,19,17,12,11,4,24,24,18,17,19,13,20,30,29,10,7,9,8,15,16,7,14,22,10,30,12,15,12,13,13
Klf10,44,25,17,132,17,26,41,18,22,41,52,40,43,66,35,31,78,45,22,18,11,44,56,65,59,65,39,36,54,61,18,42,34,15,32,32,21,11,25,25,45,29,93,28,31,39
Klf11,28,6,18,97,30,19,14,16,31,34,36,19,16,25,15,79,89,69,27,16,13,64,33,8,20,38,26,37,19,32,15,21,29,29,23,27,22,23,24,23,53,30,37,28,28,20
Klf12,6,2,3,11,10,7,4,8,12,12,10,5,8,8,9,18,13,2,6,7,3,11,5,6,5,7,5,12,4,16,6,4,9,2,5,7,6,10,8,2,3,9,5,4,2,2
Klf13,100,57,96,133,90,86,86,85,249,112,134,108,179,178,104,164,141,114,101,80,31,169,126,70,103,123,123,105,165,138,91,49,89,72,100,89,62,98,113,65,173,101,115,84,96,105
Klf15,578,344,667,1091,866,814,684,632,1488,726,720,931,944,842,900,1264,1181,1005,820,687,379,1476,925,749,873,1006,717,891,1165,914,577,748,941,669,850,854,817,634,967,678,1637,859,819,785,831,795
Klf16,13,11,12,21,9,19,31,16,22,14,19,24,14,12,13,19,23,23,19,13,4,20,18,11,14,10,23,16,25,21,12,10,19,13,10,9,13,13,13,10,20,14,11,14,14,9
Klf2,45,37,72,87,81,66,82,86,71,81,87,72,60,57,73,59,85,81,62,76,37,87,93,53,87,70,82,45,60,102,72,50,62,46,41,51,58,63,58,30,60,46,85,47,54,59
Klf3,170,91,144,233,143,114,153,106,139,125,160,176,135,101,134,207,165,213,151,110,59,281,132,81,90,119,128,109,162,93,128,90,113,80,129,95,136,85,84,67,165,96,93,61,77,96
Klf4,13,6,10,9,2,13,12,10,3,5,11,12,8,3,6,4,10,17,12,14,3,14,8,5,17,9,9,8,9,14,5,6,7,3,5,3,4,4,12,4,9,2,2,2,2,9
Klf5,2,3,4,12,4,3,5,2,6,3,6,2,9,4,0,10,2,5,2,2,1,1,3,5,0,5,1,5,2,5,2,1,3,0,3,1,1,3,2,1,3,2,3,3,1,2
Klf6,38,20,22,30,35,21,37,39,35,24,43,40,35,22,30,34,41,130,49,17,17,118,30,16,25,19,21,21,28,19,84,12,22,16,15,17,17,32,22,14,33,16,12,17,13,20
Klf7,29,22,22,49,35,35,40,32,23,19,39,54,32,19,32,35,32,57,31,21,16,61,36,24,29,33,25,30,42,36,37,18,29,29,23,29,15,19,18,16,39,15,26,17,20,15
Klf9,417,96,202,683,292,285,323,149,451,249,496,254,378,219,254,692,457,558,287,177,149,665,284,118,302,301,250,368,267,323,129,157,310,149,251,236,172,164,239,130,469,186,247,145,175,170
Klhdc10,197,95,189,241,188,163,218,187,223,154,236,287,194,184,189,240,228,272,203,172,71,274,213,149,177,217,174,178,200,193,197,134,167,149,166,159,132,163,193,104,290,154,170,113,157,130
Klhdc2,116,62,80,149,105,67,105,107,143,127,110,138,120,109,113,156,156,244,102,89,49,208,135,69,126,127,105,121,133,146,85,53,123,68,100,82,106,83,98,45,178,119,138,58,90,109
Klhdc3,378,154,305,534,230,324,395,343,329,302,477,365,360,317,361,457,478,481,286,272,83,579,292,221,256,259,279,353,351,337,326,289,298,264,380,260,221,288,354,177,381,263,279,245,265,257
Klhdc4,33,20,26,62,30,25,42,34,49,43,37,55,32,36,40,41,29,48,42,37,6,34,45,28,33,43,31,31,38,31,36,23,37,38,32,35,31,30,34,17,39,44,31,36,28,32
Klhdc7a,12,11,18,13,9,19,22,23,17,19,32,22,8,9,14,28,18,13,25,26,9,9,25,15,17,16,16,16,29,17,22,12,18,14,30,12,19,22,11,8,21,8,24,21,16,17
Klhdc8b,50,19,45,71,56,33,63,59,37,29,76,42,28,24,29,55,67,70,30,46,12,64,36,29,33,40,35,30,57,34,33,34,27,27,28,30,36,33,34,22,46,32,34,30,37,37
Klhdc9,0,0,0,3,0,4,3,1,6,2,1,0,2,1,2,3,4,2,0,0,0,3,2,1,4,1,0,1,2,4,0,0,0,0,0,1,1,1,1,0,2,1,2,0,3,1
Klhl12,21,18,17,32,20,17,28,25,32,18,28,17,23,15,21,28,26,21,24,25,8,36,28,16,23,18,18,23,29,27,9,16,16,11,22,10,13,25,21,11,15,25,25,13,11,20
Klhl13,13,12,11,17,21,14,18,19,24,13,12,15,19,19,17,14,15,8,17,10,9,23,20,8,12,18,19,22,38,17,12,9,20,3,16,12,23,23,16,10,21,21,8,9,14,13
Klhl17,27,8,23,40,22,16,27,34,35,36,38,41,25,24,24,37,32,23,20,33,10,25,28,18,19,24,21,36,41,30,22,17,27,24,27,16,20,28,35,13,33,26,27,21,22,23
Klhl18,19,18,26,35,27,35,39,31,34,23,40,36,27,33,35,27,35,38,18,23,22,32,28,30,35,22,23,33,33,32,35,28,29,18,24,21,16,22,25,12,36,26,18,18,31,22
Klhl2,48,17,38,61,36,54,59,48,44,58,38,77,49,58,60,86,61,54,42,42,23,48,51,34,45,63,56,49,48,66,27,23,50,20,43,37,33,30,37,31,61,53,37,38,33,44
Klhl20,19,9,11,27,14,11,21,17,19,14,25,21,18,18,21,20,25,20,19,12,1,32,22,10,14,13,15,20,17,19,18,8,17,9,12,13,16,13,11,4,22,12,18,13,10,8
Klhl21,167,83,143,234,104,158,159,107,173,159,210,170,154,129,168,236,221,205,120,116,46,258,124,75,133,132,122,151,170,166,114,99,98,87,137,155,106,108,142,61,225,99,163,128,115,121
Klhl22,62,40,66,69,72,68,71,74,79,58,90,69,60,55,84,97,99,62,77,53,19,72,97,54,70,56,71,80,78,75,64,62,83,57,88,86,36,69,75,58,112,66,67,72,55,65
Klhl23,1,3,1,4,2,2,3,3,3,1,7,2,4,2,4,5,3,6,2,1,0,2,8,1,4,2,0,3,5,2,2,2,6,2,1,2,2,4,1,0,5,2,4,1,0,3
Klhl25,48,36,41,83,102,80,66,105,140,85,85,133,99,76,95,78,104,85,62,68,32,76,94,61,69,95,75,41,105,70,76,68,78,52,81,48,69,60,84,42,102,70,48,73,50,54
Klhl26,17,8,16,16,14,13,9,18,22,19,19,21,19,11,18,19,27,23,12,18,4,20,26,11,23,12,22,25,30,23,20,10,16,9,17,10,14,20,19,8,22,8,22,10,18,13
Klhl28,1,3,2,2,5,3,6,3,0,6,3,6,4,6,1,2,3,3,3,3,2,4,2,2,2,1,2,1,4,1,3,1,2,1,1,3,1,4,4,2,2,4,1,5,0,1
Klhl36,14,10,14,18,16,17,17,16,19,10,15,30,13,15,18,21,21,19,18,15,5,26,12,17,13,9,15,12,21,14,19,16,14,13,12,20,16,14,13,7,15,16,8,15,11,18
Klhl42,6,5,3,6,6,1,9,9,4,2,6,11,6,2,2,6,6,5,3,2,3,8,14,3,5,4,9,7,6,8,4,8,9,2,5,3,3,6,7,1,5,9,6,2,5,11
Klhl5,68,31,57,99,57,63,76,81,90,85,78,91,74,61,95,87,104,112,68,67,24,104,102,66,95,67,73,101,117,96,81,83,88,64,89,96,58,84,83,67,99,72,96,60,63,68
Klhl6,9,3,11,17,8,13,17,12,12,10,18,8,9,18,11,16,10,21,6,15,10,27,15,7,18,10,14,10,23,13,47,7,11,11,7,12,8,15,12,3,13,7,9,3,10,12
Klhl7,22,8,17,30,12,21,26,23,41,29,25,35,18,26,30,33,25,26,28,14,13,38,23,20,18,19,16,32,29,25,17,18,25,13,19,26,24,21,20,20,27,12,14,8,9,15
Klhl8,15,8,9,21,12,7,19,21,12,19,18,19,13,10,8,14,7,17,8,13,1,16,17,7,16,13,4,12,12,14,13,11,12,15,16,11,9,17,14,6,15,14,15,12,15,14
Klhl9,13,5,22,23,18,15,12,13,30,20,20,27,15,17,10,18,18,15,17,19,8,9,27,9,13,22,14,20,28,22,13,11,17,6,12,8,16,14,6,14,14,16,18,8,14,12
Klk1b4,29,20,45,59,80,23,88,121,63,60,35,48,37,56,72,46,22,12,23,43,18,8,116,71,83,55,51,75,132,72,42,52,77,75,94,107,104,102,68,39,103,75,116,66,91,85
Klk1b5,1,0,1,0,0,0,2,1,0,0,0,2,1,1,2,0,0,0,2,2,0,0,4,1,2,1,2,1,2,0,1,2,4,0,2,3,2,6,1,1,4,0,2,1,1,0
Klk8,3,1,0,1,0,1,5,3,2,4,10,6,4,1,6,2,10,2,2,3,0,4,4,1,3,0,4,4,4,2,6,3,5,2,0,2,3,2,3,0,3,3,3,2,3,3
Klkb1,1105,495,926,1546,1071,1252,1028,1111,1105,1210,1558,1279,1143,980,1253,1758,1795,661,1370,1062,498,1146,1292,765,1257,1288,1188,1214,1721,1376,925,791,1307,668,1303,1066,1023,1219,1381,817,1755,1434,1105,982,1049,1186
Klra2,1,5,0,10,4,5,7,3,1,4,8,10,1,2,6,4,4,3,7,4,1,0,9,1,10,5,8,3,2,3,14,1,8,5,2,2,2,1,4,4,4,3,2,2,0,3
Klrb1b,2,0,0,3,0,2,1,0,1,0,1,1,1,0,1,0,1,0,0,0,0,0,1,0,4,0,1,0,2,1,9,1,1,1,0,0,0,2,0,0,0,1,0,0,2,0
Klrk1,4,2,5,4,1,0,5,2,2,2,4,3,2,3,2,1,3,4,0,0,0,5,2,1,1,3,0,2,3,2,10,3,3,0,1,1,3,2,2,0,2,2,5,2,2,1
Kmo,324,108,289,273,207,442,345,261,490,249,312,400,289,256,378,240,243,240,307,313,101,259,458,196,335,361,305,382,482,503,288,215,255,160,316,244,176,295,303,192,392,284,281,139,198,234
Kmt2a,42,26,26,55,41,27,62,30,62,35,56,55,38,34,29,45,44,50,34,16,19,47,48,25,38,41,38,29,63,43,31,28,42,29,24,33,25,29,30,20,51,38,28,20,25,32
Kmt2b,40,29,37,60,40,42,53,50,49,40,66,61,35,45,45,45,53,42,42,25,16,44,29,24,37,16,31,39,52,41,40,16,30,28,28,43,34,35,38,25,44,27,42,27,38,47
Kmt2c,41,18,34,40,44,45,40,29,50,22,48,37,41,36,64,62,54,56,52,36,15,60,53,28,23,39,38,42,55,27,21,17,27,14,26,39,29,34,31,20,32,26,29,20,22,35
Kmt2d,37,25,47,79,24,44,65,40,45,44,64,55,53,40,39,63,45,59,32,29,14,65,51,23,35,37,53,30,60,36,31,36,28,28,42,27,28,39,37,25,43,26,47,27,36,36
Kmt2e,41,21,57,95,59,48,71,65,93,61,86,83,59,65,68,60,77,61,43,38,21,89,74,44,66,74,63,55,76,69,34,35,52,38,45,51,63,60,69,30,73,59,57,34,42,54
Kng1,11134,5704,13583,17162,16915,12972,12423,9894,31028,10571,16349,22590,10475,11535,13858,16698,17460,10506,11299,12463,4416,14510,12165,7823,12715,12968,17724,12405,18474,14815,6731,7541,11292,7467,11695,9331,9480,10285,10276,7152,14056,9978,10579,8983,10227,9809
Kng2,1531,662,1589,2108,1877,1668,1416,1171,3702,1455,2092,2666,1508,1545,1717,2050,2259,1723,1379,1449,550,2197,1529,963,1553,1444,1885,1438,2223,1772,866,860,1399,933,1386,1277,1249,1236,1334,917,1770,1129,1389,1099,1152,1224
Knop1,22,22,21,32,26,35,26,17,32,23,27,31,34,23,29,42,34,39,24,31,11,47,33,15,26,38,19,29,38,22,30,20,30,11,35,30,30,28,22,14,36,24,30,22,30,33
Kntc1,0,0,0,1,1,0,0,4,0,2,1,0,0,0,1,0,0,7,0,0,0,2,0,0,0,0,1,0,2,1,1,0,0,4,2,0,0,0,1,0,0,1,2,1,0,1
Kpna1,6,1,3,8,4,2,6,5,3,3,3,12,4,2,4,8,1,5,7,4,1,8,7,4,2,4,2,8,5,3,3,6,6,0,3,2,1,6,4,3,7,3,3,2,4,5
Kpna2,0,0,0,0,0,0,5,0,12,1,0,1,0,8,0,6,0,0,0,0,0,0,0,0,0,1,7,1,0,0,0,0,0,1,0,0,4,0,1,0,1,0,0,0,0,5
Kpna3,21,11,4,11,8,9,12,15,12,10,11,20,12,9,13,8,8,12,13,15,4,7,23,7,9,11,10,14,10,9,5,5,15,4,12,9,7,9,5,5,3,15,5,3,7,7
Kpna4,30,17,26,49,54,45,55,40,65,60,46,83,35,38,54,48,48,57,39,46,19,74,61,35,52,40,42,58,52,58,40,27,30,15,42,49,39,38,42,28,77,48,39,28,44,35
Kpna6,88,56,121,159,87,94,117,109,113,103,134,173,126,105,129,137,126,142,118,118,36,126,142,101,130,93,84,123,130,121,98,101,112,88,130,128,101,108,128,87,183,92,148,88,115,101
Kpnb1,36,18,29,36,26,25,40,37,63,53,30,86,39,28,41,48,39,49,51,35,4,47,57,31,27,33,54,54,49,36,32,31,46,16,37,33,32,46,27,21,39,29,25,14,18,20
Kptn,89,58,89,148,87,78,131,98,118,93,121,106,92,87,86,111,117,109,83,81,46,123,111,83,126,115,93,101,128,101,94,84,101,78,102,97,100,95,107,74,145,95,103,85,110,100
Kras,3,3,0,2,3,3,3,5,5,2,1,2,5,3,3,2,0,7,1,1,0,1,2,1,5,4,4,4,3,3,1,0,3,0,1,0,5,1,2,0,0,1,2,3,0,3
Krcc1,144,66,127,231,184,136,159,149,241,136,168,221,148,142,178,188,211,315,166,134,83,280,195,111,157,176,156,184,194,221,142,98,146,70,158,149,155,137,142,78,188,151,162,101,98,133
Kremen1,38,24,41,60,55,49,53,38,57,38,48,42,46,44,52,66,62,64,50,40,19,55,50,39,56,56,26,54,81,62,60,33,53,34,47,53,38,37,64,38,71,44,44,48,52,38
Kri1,42,32,50,70,61,59,68,76,58,43,60,91,62,62,53,54,56,89,63,46,16,90,67,32,55,39,44,51,65,53,77,38,48,39,57,38,40,42,46,32,71,46,45,43,45,46
Krr1,22,8,18,20,10,17,17,19,21,18,29,38,23,27,25,14,22,26,13,10,7,20,13,15,11,18,19,18,37,19,10,12,20,15,16,14,18,10,16,11,16,16,11,18,11,14
Krt10,22,6,26,22,24,25,19,20,22,25,33,37,27,17,29,26,33,30,29,25,15,41,30,22,22,31,14,19,34,31,29,12,24,22,30,25,18,17,14,13,42,16,13,20,21,18
Krt18,1722,722,1510,2827,2890,1505,1923,2536,2248,1404,2002,2612,1414,930,1240,1941,1896,7828,1496,1806,764,3561,1620,816,1512,1934,1552,2444,2181,1792,2671,1005,1402,1304,1702,1230,1343,1619,1312,982,2337,1398,1473,1208,1353,1264
Krt19,15,7,6,32,12,11,23,6,17,13,17,19,16,10,10,11,18,21,9,12,4,7,16,8,11,28,4,24,14,24,7,12,11,13,6,7,9,12,10,13,21,7,8,8,8,20
Krt23,9,3,1,9,7,6,11,10,8,7,5,6,9,6,9,2,14,73,13,4,5,29,9,4,3,9,2,6,10,5,2,9,13,6,6,6,15,9,9,3,14,6,9,4,6,11
Krt7,9,7,2,17,7,3,17,5,5,8,16,14,13,5,11,13,11,10,9,7,2,9,19,5,8,15,5,11,11,5,4,12,9,11,5,8,8,13,9,8,29,13,13,3,4,15
Krt8,731,337,611,1256,945,631,912,1299,1282,627,935,1071,749,516,514,748,755,2868,793,786,261,1960,665,523,605,688,779,1228,966,698,1123,470,634,591,662,610,472,720,675,511,1154,721,646,469,718,713
Krtcap2,1002,468,1101,1451,1229,1217,1291,1205,1673,1069,1405,1847,1139,1019,1173,1272,1501,2426,1199,1093,480,1494,1553,892,1427,1255,1374,1230,1454,1325,965,785,1218,786,1366,1179,1109,1164,1381,752,1986,1301,1139,766,1104,950
Krtcap3,23,3,17,24,10,7,24,16,14,18,24,28,15,13,19,26,20,24,15,10,6,29,18,9,10,8,8,13,10,9,18,8,12,12,10,8,4,16,13,7,24,15,11,4,5,17
Kti12,68,52,68,109,35,63,70,57,90,51,84,133,81,82,90,71,63,88,67,65,22,110,96,44,72,57,60,85,90,97,64,33,55,62,74,52,64,86,77,51,88,74,62,61,55,65
Ktn1,32,11,30,54,32,24,40,30,29,38,33,52,42,30,39,43,32,52,40,32,13,56,37,24,38,25,18,31,43,43,18,16,39,15,20,23,26,32,26,20,36,25,21,24,20,26
Kxd1,231,109,199,278,160,215,222,235,352,236,277,269,267,273,301,307,310,340,275,219,79,369,317,177,211,258,207,290,374,292,253,148,230,174,263,250,189,256,252,151,302,292,320,184,289,278
Kynu,89,45,95,139,96,124,138,90,200,130,101,135,123,170,162,126,63,56,77,98,34,97,167,125,122,129,119,148,198,166,61,88,103,52,151,106,114,117,99,78,154,189,138,79,124,129
L2hgdh,65,18,48,79,54,46,79,48,88,63,65,75,57,63,68,58,57,52,65,60,26,72,80,46,43,42,66,67,85,68,32,44,66,28,51,43,52,67,70,33,47,36,53,34,42,37
L3hypdh,93,64,86,145,97,93,162,117,130,125,162,115,133,119,147,146,136,115,141,114,45,159,185,129,143,108,94,151,199,149,127,95,131,106,138,148,122,114,160,96,193,144,163,110,102,109
L3mbtl2,81,40,68,91,45,69,64,67,71,63,78,103,73,75,71,91,83,100,78,76,17,75,67,53,57,44,68,87,68,52,45,48,80,63,73,83,51,79,80,48,101,56,53,48,73,61
LOC100504703,1,1,2,3,2,5,6,7,4,5,4,5,2,7,5,1,3,8,4,4,1,8,3,4,5,4,1,3,2,1,1,4,5,3,2,1,0,5,3,1,3,0,8,4,2,6
LOC102631757,10,7,23,13,37,29,33,48,69,13,21,37,33,15,21,16,6,12,21,36,8,19,30,42,41,28,28,24,60,33,19,17,36,35,29,27,34,32,26,28,47,27,20,39,36,16
LOC102636514,8,2,7,10,2,9,8,5,2,5,11,11,16,5,10,8,6,3,5,5,2,16,8,2,2,6,4,2,6,4,1,2,5,5,3,1,1,5,6,2,3,1,2,5,3,6
LOC106740,0,2,3,6,5,1,6,2,2,2,5,2,5,3,5,1,8,6,4,2,1,8,2,0,3,0,3,1,2,1,1,0,2,0,2,3,1,2,0,3,2,0,2,3,1,2
Lacc1,22,8,31,33,45,19,47,32,38,27,17,61,25,22,30,17,13,55,24,16,13,65,46,19,26,25,19,33,39,27,40,14,43,11,21,14,28,32,17,14,25,21,22,21,16,19
Lace1,36,17,23,45,27,40,52,53,51,39,41,49,34,49,44,68,61,51,38,40,26,57,46,28,46,30,24,48,44,47,38,36,33,35,46,47,39,37,46,38,53,39,46,29,35,36
Lactb,209,99,183,311,158,236,276,195,284,259,272,274,271,231,263,348,299,205,268,246,122,283,345,173,280,268,204,290,370,332,181,195,308,151,265,248,257,233,269,171,369,289,267,225,236,251
Lactb2,112,62,107,155,135,125,239,156,130,123,149,162,164,132,137,137,111,130,131,128,70,145,233,150,201,162,87,178,204,177,97,127,184,147,140,183,157,183,194,139,270,200,170,140,133,152
Lad1,25,29,28,45,45,72,58,62,44,33,56,90,49,64,56,48,47,61,37,40,15,37,90,57,98,66,55,45,88,64,70,69,61,38,58,47,54,79,81,41,113,76,52,45,42,36
Lag3,4,1,3,1,4,2,3,6,7,1,1,4,7,4,4,2,0,0,0,4,1,0,9,6,2,4,4,1,3,2,5,4,1,4,0,4,6,7,7,3,7,3,2,4,1,2
Lage3,127,65,101,174,114,108,131,108,172,114,164,166,137,100,145,144,167,224,132,150,48,204,160,72,125,124,110,130,158,153,116,83,113,108,143,139,107,126,148,75,179,122,136,103,122,123
Lair1,1,1,1,5,2,0,1,0,1,0,1,4,1,0,0,3,3,3,0,2,1,8,2,1,1,1,2,1,1,5,2,0,0,1,2,1,0,1,0,1,1,0,1,3,0,0
Lama1,24,10,16,29,23,18,19,25,15,12,28,27,26,17,26,30,33,17,8,14,5,27,20,14,28,13,11,28,18,25,25,20,17,15,13,17,19,21,27,13,19,22,23,19,14,15
Lama2,4,3,6,12,6,5,13,12,5,4,14,9,9,13,13,6,14,19,12,0,5,11,9,3,7,11,5,9,10,5,6,2,3,6,3,2,2,6,2,6,11,2,5,3,4,4
Lama3,6,6,10,17,10,28,27,25,12,16,18,12,12,8,11,22,22,2,28,18,9,1,42,14,41,28,17,23,13,35,18,11,18,8,24,11,12,24,39,23,56,28,28,12,16,19
Lama4,15,9,7,15,11,8,9,25,16,11,13,11,17,15,10,15,13,18,13,10,5,17,25,7,14,13,11,16,15,13,12,13,7,9,9,6,11,11,8,12,18,5,15,4,8,18
Lama5,16,4,5,17,10,6,13,11,14,8,15,12,23,15,14,7,8,17,9,12,8,9,12,4,3,12,11,11,8,19,9,10,5,7,8,12,8,11,14,1,13,4,9,7,4,6
Lamb1,27,17,24,57,33,21,51,24,16,19,38,44,44,32,37,32,47,43,26,24,14,76,23,21,27,23,18,26,42,38,21,13,28,31,11,19,22,26,34,19,44,21,21,28,17,29
Lamb2,22,13,22,33,12,20,29,28,26,15,46,25,49,25,29,34,27,29,23,24,9,28,25,13,17,35,12,25,21,34,20,13,26,23,22,19,20,22,20,19,27,21,22,18,17,20
Lamb3,6,3,17,23,4,11,12,19,10,11,18,10,15,15,30,20,17,27,15,11,3,16,16,15,14,16,6,14,13,18,21,32,12,14,27,19,13,9,20,8,22,18,16,14,11,14
Lamc1,22,13,22,46,22,17,36,25,7,17,25,30,28,16,15,26,38,34,29,18,7,31,42,12,15,17,22,25,30,27,24,20,23,33,26,33,19,39,33,10,46,28,36,22,17,24
Lamc2,5,1,2,4,3,3,6,4,2,2,3,0,5,1,2,2,5,4,2,0,0,8,4,1,3,1,1,2,1,3,1,0,1,2,7,2,1,0,2,2,4,2,3,1,3,1
Lamc3,3,0,3,14,3,4,4,5,2,6,14,7,1,4,8,7,7,3,5,6,0,2,3,3,2,8,2,10,5,9,1,3,5,1,3,6,2,5,2,2,14,4,2,3,3,3
Lamp1,2439,1021,1898,3111,1972,2241,2390,2377,3473,2380,2885,3273,2431,2442,2749,3359,2723,3373,2328,2147,770,3928,2477,1759,2687,2482,2195,2784,3026,2876,2978,1970,2110,2104,2644,2118,2032,2290,2452,1493,3904,2663,2302,1538,1911,2033
Lamp2,451,232,410,727,427,534,586,537,938,708,643,783,650,594,780,662,631,421,708,582,262,723,1006,573,678,625,590,925,978,859,546,527,774,290,661,673,516,587,664,504,920,776,775,457,589,612
Lamtor1,144,88,212,223,142,160,188,235,298,212,211,307,203,157,234,197,183,270,202,190,61,301,228,142,183,179,132,263,214,211,150,140,141,185,196,164,188,199,194,129,202,212,166,123,187,241
Lamtor2,519,203,421,586,326,479,478,456,515,422,566,616,557,403,441,580,529,543,468,453,149,479,539,358,423,454,388,482,661,497,439,345,445,381,599,634,300,430,549,297,626,509,477,438,383,360
Lamtor3,46,32,55,76,63,43,53,63,74,66,71,89,81,63,77,86,71,90,49,61,25,106,72,59,65,56,58,65,76,75,59,30,58,46,38,79,47,54,54,39,79,58,55,48,62,50
Lamtor4,619,274,425,796,370,636,746,704,795,596,773,690,610,389,731,742,783,698,640,593,172,692,751,407,629,593,539,562,826,802,460,452,606,482,466,526,472,692,696,423,770,660,614,461,596,586
Lamtor5,147,80,136,222,151,162,191,179,266,178,178,255,210,160,196,202,199,264,195,181,85,236,261,132,225,184,135,178,277,243,204,136,192,112,206,221,172,184,217,167,275,238,221,134,222,218
Lancl2,14,9,11,23,11,13,19,16,22,19,20,15,21,19,23,21,14,28,21,14,16,29,26,11,26,19,10,21,24,21,21,20,23,13,17,30,20,10,12,13,27,19,15,13,13,20
Lap3,1282,578,1006,1702,1091,1285,1552,1243,1531,1262,1313,1418,1415,1154,1488,1685,1456,968,1214,1317,493,1126,1732,1047,1655,1457,1195,1488,1970,1675,1053,998,1368,949,1445,1364,1273,1296,1486,841,2248,1530,1331,1070,1076,1298
Laptm4a,536,265,517,864,604,752,705,702,966,690,781,919,745,699,856,770,1010,942,703,643,273,1074,976,465,717,701,637,798,1072,836,795,517,655,363,633,600,580,747,755,459,850,657,699,451,465,586
Laptm4b,164,79,139,215,139,171,166,154,258,166,212,219,178,180,185,239,249,261,165,184,81,214,208,143,189,165,127,215,203,205,187,149,173,152,181,180,162,149,220,121,285,173,169,146,154,189
Laptm5,175,98,183,347,240,166,267,259,193,149,301,218,225,112,228,252,247,318,144,145,104,367,210,129,264,151,238,120,206,219,676,103,154,221,120,149,190,153,141,77,181,154,200,133,122,137
Large,12,2,7,18,16,14,7,11,19,8,17,13,15,7,10,16,16,36,9,12,8,41,17,6,7,14,6,12,12,9,2,8,16,11,6,9,9,15,12,7,19,5,10,5,7,11
Larp1,186,78,154,225,156,166,198,200,338,232,236,282,225,154,215,295,302,253,244,190,80,264,200,170,166,199,225,205,244,222,107,133,180,154,212,205,173,197,233,125,262,240,196,161,221,227
Larp1b,297,123,204,311,293,239,270,238,418,313,314,367,347,292,353,411,310,366,349,337,169,404,361,205,307,296,267,345,419,440,190,192,282,170,258,281,284,263,349,189,394,325,270,219,247,249
Larp4,10,3,9,12,6,5,9,2,11,9,8,13,5,10,7,4,1,5,5,11,3,2,10,5,4,2,7,2,7,4,1,6,5,1,10,2,4,5,4,3,6,9,2,4,4,5
Larp4b,157,106,114,147,135,101,161,116,163,146,200,213,146,115,144,222,251,204,156,136,57,190,153,77,108,85,143,146,168,134,115,88,102,63,112,97,85,94,121,72,136,103,128,71,106,90
Larp7,37,17,34,48,43,42,40,38,45,39,44,30,36,29,48,45,45,62,26,37,10,66,27,30,39,33,22,46,53,53,31,29,25,24,41,27,38,20,20,24,36,20,30,23,22,35
Lars,111,52,69,136,101,79,106,106,129,96,148,167,95,105,122,150,172,220,116,114,48,216,100,71,96,84,90,97,116,119,106,61,91,70,84,92,68,80,95,53,148,79,80,94,90,75
Lars2,67,28,51,102,80,56,47,65,67,56,64,74,56,40,61,97,61,70,65,52,33,90,64,44,56,61,69,71,69,67,61,49,56,42,61,55,46,58,49,50,74,62,58,40,55,61
Las1l,115,65,96,169,126,116,137,160,174,118,103,186,123,113,120,152,134,175,114,116,53,187,143,90,101,97,129,115,161,117,114,96,117,93,112,95,92,106,116,64,170,98,111,74,95,104
Lasp1,481,243,467,529,688,621,529,654,839,599,580,874,504,446,568,511,536,698,522,576,193,588,527,371,618,666,570,605,740,635,620,334,544,358,483,355,437,517,523,340,715,534,454,378,463,455
Lat,2,4,4,25,10,4,10,11,8,3,7,9,7,5,15,7,8,8,5,0,4,10,7,3,10,6,9,5,11,5,35,6,1,9,5,6,8,8,4,6,7,5,10,3,2,6
Lat2,5,3,5,10,3,2,1,4,3,0,5,5,1,2,3,5,3,6,2,3,2,6,3,0,4,5,1,1,3,1,21,2,3,1,1,5,4,4,0,0,3,0,5,1,3,0
Lats1,53,31,46,121,51,43,76,46,102,51,69,84,60,43,76,61,87,80,66,49,31,103,60,38,62,52,82,61,69,64,56,38,46,14,60,48,48,50,50,39,89,46,52,37,43,55
Lats2,35,23,37,59,30,35,44,35,43,40,46,47,29,34,39,30,28,56,38,31,9,56,44,22,32,32,22,28,39,37,23,21,37,19,28,15,24,29,31,14,34,20,37,15,26,23
Lax1,0,1,2,8,1,2,7,4,2,2,5,3,2,1,4,2,1,2,1,1,0,4,0,1,0,0,0,1,2,4,3,0,1,1,0,0,1,2,0,0,0,0,0,1,0,2
Lbh,35,25,41,61,26,26,65,62,33,52,41,63,38,29,44,43,53,43,54,48,12,58,50,25,32,37,34,36,50,37,60,25,27,39,24,23,32,45,27,11,37,25,46,16,30,56
Lbp,634,351,893,1179,1425,1102,450,562,3809,702,1413,2845,883,779,932,1179,1106,866,614,749,292,1783,470,299,696,594,938,636,641,694,1061,246,705,513,701,506,345,501,618,316,996,498,513,466,412,407
Lbr,25,14,22,42,25,21,33,21,42,40,22,36,40,32,25,18,34,23,21,15,15,15,24,13,19,18,28,34,32,30,28,15,22,8,20,23,22,19,13,13,18,19,20,18,20,24
Lbx2,1,1,0,1,2,0,3,5,3,3,5,2,5,0,4,5,5,2,1,1,2,4,2,1,6,2,2,4,6,5,4,1,0,1,0,1,5,2,5,0,10,2,1,0,1,2
Lcat,2105,1239,2690,3049,1289,3201,2468,1962,4630,2476,3941,4359,2717,3075,3341,4017,3597,1779,2493,2365,467,3419,1966,1518,2635,2230,2826,2563,4356,2674,2008,1556,2152,1769,2790,1282,1848,2459,1536,1311,2820,2523,2385,1571,2101,1996
Lck,4,2,7,16,8,5,21,12,4,5,6,9,6,2,16,6,10,5,3,2,7,9,5,4,1,3,3,0,9,4,19,5,4,6,3,6,10,5,1,1,6,2,9,1,2,2
Lclat1,72,36,68,114,66,58,87,75,101,87,83,84,76,86,87,107,108,115,107,64,27,118,115,51,66,76,79,101,151,109,73,65,77,58,92,89,92,83,121,62,110,84,111,49,72,81
Lcmt1,77,40,96,106,75,75,98,104,120,100,114,112,107,73,80,111,99,131,83,81,41,86,108,68,93,97,87,91,115,105,104,63,96,79,91,97,78,118,96,60,126,103,89,60,78,95
Lcn2,143,151,740,870,7631,753,351,620,23826,158,1149,4638,478,99,472,285,491,2741,178,671,225,421,134,149,966,577,2325,178,269,612,6049,135,208,516,178,131,76,222,81,242,609,294,318,231,99,76
Lcn8,1,2,1,7,2,1,2,3,2,4,1,1,4,0,0,5,4,3,5,2,0,2,5,0,5,2,1,2,0,6,1,0,3,1,1,2,4,2,1,1,9,1,2,1,1,3
Lcorl,12,4,11,24,16,9,14,10,13,21,18,26,12,12,21,19,15,10,17,12,7,25,16,9,11,17,9,14,12,12,5,6,14,4,14,8,22,7,5,7,12,6,8,12,15,9
Lcp1,113,67,92,183,154,133,180,171,176,141,194,151,150,139,150,193,149,176,149,124,80,234,152,107,157,145,124,124,181,175,198,102,130,68,134,86,113,153,133,75,166,118,135,62,91,107
Ldah,157,74,160,211,129,202,165,165,181,172,208,158,191,135,227,173,193,114,237,155,79,175,176,129,194,167,138,181,176,190,142,147,182,114,135,149,177,175,193,136,269,163,116,132,202,201
Ldb1,107,62,135,219,73,118,165,121,188,112,170,159,184,112,138,154,189,128,99,114,21,133,92,83,134,128,104,96,179,108,81,67,82,76,92,72,102,103,108,60,116,99,84,72,85,89
Ldb2,11,3,4,8,9,6,9,8,5,15,9,6,9,3,7,8,12,19,19,2,1,19,9,6,7,4,6,3,3,22,2,3,6,2,3,5,7,11,5,3,12,9,2,2,1,12
Ldha,2695,1069,2291,3209,2720,3311,2279,2347,4018,2646,4210,4098,2747,2311,3557,4051,4483,5729,2522,2765,1276,4989,2828,1482,2157,2383,2572,2711,2661,2783,2759,2611,2667,1953,3167,2870,2238,2328,2698,1377,3676,2411,2726,1942,2401,2248
Ldhb,6,3,5,10,2,9,10,6,3,7,6,5,8,6,7,15,10,6,9,2,2,7,14,5,7,3,1,7,7,9,6,7,4,10,8,4,4,13,2,1,8,1,3,4,6,7
Ldhd,264,141,365,416,324,342,348,351,553,240,448,542,339,310,344,420,384,196,311,337,174,248,417,237,476,338,305,349,424,508,616,273,400,229,434,372,294,313,359,222,635,372,407,308,282,261
Ldlr,453,197,425,343,411,341,366,437,703,422,319,692,361,276,387,425,422,254,469,425,193,242,783,396,356,470,399,425,606,373,373,318,463,365,433,388,364,408,478,288,637,461,372,327,384,321
Ldlrad3,15,5,5,18,20,14,11,16,31,12,15,31,14,13,9,13,24,18,12,24,3,35,16,11,14,10,15,11,30,12,9,11,18,9,9,6,12,19,12,11,18,8,6,8,12,17
Ldlrad4,11,13,20,40,20,17,29,12,19,19,20,14,20,12,14,14,20,30,13,17,6,35,22,15,22,25,14,13,20,27,13,9,14,16,20,14,9,24,14,16,11,22,21,19,20,18
Ldlrap1,80,41,97,126,82,95,101,116,99,82,113,114,99,85,100,101,123,143,95,75,34,113,137,75,87,101,97,71,115,112,113,74,99,86,104,92,88,95,109,73,159,122,107,87,97,108
Ldoc1l,2,1,0,5,1,0,0,4,1,0,6,4,3,1,0,3,2,6,1,1,0,2,2,1,1,1,0,2,3,3,6,1,0,3,1,2,2,2,0,0,3,2,2,3,3,4
Leap2,398,273,358,445,248,412,468,437,425,453,506,642,802,906,751,340,415,313,487,479,265,477,868,618,621,494,367,422,565,497,268,536,828,426,652,736,578,421,704,318,803,554,515,650,543,537
Lect1,35,15,36,35,16,23,57,52,27,34,37,12,53,33,33,32,20,1,47,32,16,4,56,38,57,56,36,46,91,97,14,27,49,22,62,81,43,57,82,32,67,58,73,52,57,73
Lect2,631,351,682,1127,701,823,1046,1075,915,845,949,838,992,808,1153,765,793,887,695,793,418,588,1183,746,1032,891,710,992,1368,1205,1217,785,1188,814,970,884,584,946,1113,579,1355,1082,1126,917,934,742
Lefty1,3,3,5,3,12,15,10,14,6,8,4,26,11,10,18,10,12,5,13,13,3,9,26,12,13,14,13,11,10,7,9,14,14,20,14,8,17,13,7,8,8,22,14,13,8,19
Lemd2,130,58,107,178,84,102,160,132,170,108,168,167,114,123,131,142,158,181,111,82,33,165,138,93,98,120,102,137,144,131,117,89,119,95,113,112,108,112,106,56,174,120,108,70,134,110
Lemd3,29,9,23,50,18,23,30,23,55,27,38,36,25,22,36,32,38,30,23,22,10,19,40,19,33,28,22,27,36,35,31,26,20,15,23,36,23,17,22,10,35,16,18,11,18,17
Lenep,30,9,23,39,19,32,28,31,42,25,31,37,24,30,43,32,19,21,19,26,8,29,24,16,39,24,13,29,33,23,27,26,22,21,40,28,14,21,21,16,21,31,40,23,22,27
Leng1,59,17,33,80,29,48,50,45,53,35,57,73,49,66,47,40,63,43,36,46,22,52,80,49,57,52,56,51,77,59,39,32,61,32,53,32,42,48,50,26,65,60,53,37,54,41
Leng8,33,22,25,49,18,18,32,27,27,43,27,43,26,21,37,38,44,35,31,28,7,42,22,25,32,19,21,37,27,27,30,16,33,24,27,22,12,26,19,22,38,22,23,17,23,17
Leng9,28,10,26,34,23,21,30,23,19,22,38,41,44,22,43,51,34,46,24,20,9,30,24,8,18,22,20,30,30,27,16,21,18,24,22,26,21,18,24,15,31,27,28,16,17,16
Leo1,98,66,98,130,138,102,148,121,123,97,135,165,122,93,126,110,109,131,95,111,69,144,140,84,126,100,130,117,112,109,130,85,122,88,91,98,78,104,121,73,148,129,91,102,84,80
Lepr,6,5,2,16,2,1,3,2,1,8,7,7,3,3,9,9,12,14,6,2,0,9,0,1,2,5,3,3,4,3,1,0,2,0,1,0,0,1,1,0,2,0,0,0,2,1
Leprot,60,37,49,133,81,46,88,71,69,48,87,73,47,53,61,80,81,130,61,39,32,93,65,50,41,48,51,52,69,72,98,35,46,51,37,57,44,52,37,33,77,58,49,35,43,45
Leprotl1,35,24,43,60,66,53,52,40,74,50,77,68,56,53,58,47,60,90,39,50,29,86,73,43,61,48,50,66,69,62,65,33,53,33,42,48,43,57,66,39,73,43,44,50,39,42
Letm1,39,22,44,67,37,53,61,46,50,35,69,59,56,51,55,56,52,58,51,36,25,59,58,46,62,55,34,63,35,70,59,47,54,27,52,57,44,26,45,40,76,45,45,46,39,40
Letm2,14,2,6,4,11,12,11,16,13,13,21,13,10,3,5,12,14,10,7,9,6,17,17,15,16,8,12,10,10,10,8,8,14,10,17,17,8,7,16,6,15,13,15,9,11,6
Letmd1,86,47,68,120,102,101,113,121,126,107,125,130,101,105,103,122,127,141,117,85,50,174,96,73,120,93,101,104,130,110,83,87,109,67,99,92,73,96,125,57,173,118,115,79,79,83
Lfng,13,9,31,32,22,18,21,23,21,16,24,34,17,13,25,25,25,27,16,9,4,16,24,16,23,16,20,10,17,20,62,13,18,22,5,14,13,14,12,6,23,14,15,8,10,19
Lgals1,281,130,246,367,109,257,324,345,158,219,372,191,353,267,429,411,335,244,367,308,95,111,444,379,328,260,141,468,381,429,644,594,610,555,454,678,339,435,556,312,578,514,564,412,375,400
Lgals2,1,2,0,4,1,1,1,1,0,1,0,1,2,0,2,1,3,0,0,1,1,1,0,0,0,0,3,7,3,1,3,1,5,0,1,0,0,3,2,0,2,1,1,4,0,3
Lgals3,44,41,76,150,109,82,94,122,69,63,133,93,70,55,109,73,110,438,60,51,44,303,95,37,109,40,97,46,83,93,529,42,43,117,51,62,64,78,45,36,46,55,96,40,36,42
Lgals3bp,289,156,269,514,261,258,343,333,426,312,469,424,336,275,500,400,443,524,323,363,137,509,326,223,344,334,289,453,337,431,598,245,309,357,316,331,245,336,319,224,464,374,341,214,280,328
Lgals4,8,7,5,29,4,12,4,5,3,3,13,4,5,5,8,10,14,25,4,9,1,16,5,0,4,7,1,2,10,7,1,7,7,2,6,6,6,3,5,2,11,2,5,7,4,5
Lgals8,208,111,174,280,237,243,257,243,340,254,261,373,240,211,253,328,265,390,205,245,87,338,297,165,257,230,213,252,276,281,267,218,236,181,209,227,198,250,233,208,396,269,242,177,240,226
Lgals9,1452,640,1116,1971,1215,1452,1878,1537,2072,1501,1594,2029,1860,1589,2005,1457,1586,1475,1465,1730,450,1802,2292,1257,1929,1674,1607,1816,2202,1947,1564,1203,1735,1491,1835,1886,1322,1960,2065,1215,2758,2169,1955,1322,1609,1776
Lgalsl,66,16,50,62,79,59,64,75,157,67,41,135,91,79,69,36,60,95,54,44,34,89,104,55,84,84,40,68,73,67,67,69,74,56,65,62,44,72,61,36,112,57,72,55,40,68
Lgi4,2,0,0,1,3,0,4,2,1,1,0,2,5,0,1,0,4,7,3,1,0,0,1,2,3,2,2,0,2,0,1,1,2,2,0,0,0,4,0,0,2,2,0,0,0,0
Lgmn,270,156,269,521,429,238,390,417,400,263,481,432,334,214,369,391,482,837,282,295,167,845,321,204,330,245,317,231,288,367,621,184,214,244,262,254,216,265,262,140,368,305,291,211,202,215
Lgr4,27,18,34,60,59,41,44,35,71,57,53,57,51,44,41,55,36,29,42,38,17,38,57,31,56,59,45,51,68,54,28,30,53,18,41,33,42,44,41,30,53,45,43,30,42,34
Lgr5,7,5,10,12,9,14,5,11,11,8,10,11,6,6,19,15,19,3,11,9,9,8,16,7,9,8,12,13,13,8,9,9,16,4,10,7,8,6,7,8,21,14,8,7,10,4
Lhfp,28,9,13,38,14,14,29,29,19,20,29,28,25,25,27,14,17,28,23,10,5,34,29,9,21,23,15,23,39,19,16,11,13,8,8,10,17,19,12,10,25,16,21,12,8,23
Lhfpl2,7,4,8,16,5,13,10,8,18,11,15,11,17,7,11,21,20,25,9,12,8,21,17,10,8,7,12,9,16,13,9,3,12,7,13,8,7,10,7,5,9,10,10,8,6,10
Lhpp,249,165,264,550,155,321,206,300,235,252,367,218,383,282,426,458,329,120,180,256,120,226,310,212,281,287,230,205,550,413,295,240,281,230,335,218,210,251,344,114,369,299,326,274,297,236
Lhx2,14,11,12,19,8,14,18,25,8,13,25,29,21,18,16,19,24,16,12,6,4,32,16,7,9,15,8,16,19,17,14,8,11,8,12,6,9,10,8,4,20,5,6,8,4,12
Lhx6,13,6,14,23,21,16,25,22,25,11,20,16,21,22,17,19,16,11,7,13,7,9,26,21,13,17,14,17,10,27,16,16,16,22,17,18,16,14,26,18,18,22,24,23,11,18
Lias,114,62,75,152,96,110,148,114,126,125,116,143,117,104,130,168,144,208,100,127,56,176,146,92,103,111,91,124,145,126,116,82,130,88,125,103,99,116,124,67,168,124,114,99,92,99
Lif,0,1,0,0,1,1,1,0,2,2,1,0,0,1,0,0,0,6,1,0,0,2,0,1,0,0,0,0,0,0,3,0,2,0,0,0,1,0,0,0,1,0,0,0,0,0
Lifr,368,153,291,509,431,498,624,523,422,398,532,455,298,260,484,532,415,155,461,459,212,213,471,205,597,488,648,546,590,1023,182,314,502,200,331,253,374,516,548,246,796,504,376,302,383,297
Lig1,19,5,11,19,19,7,27,18,9,11,19,12,9,4,12,19,19,71,10,10,3,38,19,12,17,11,9,11,24,13,34,10,9,23,14,8,15,8,9,8,16,13,12,7,9,14
Lig3,30,22,32,44,30,39,45,25,65,30,36,44,38,17,40,30,48,29,30,38,14,34,33,28,38,37,31,32,42,49,14,37,37,29,36,28,25,27,21,25,43,33,36,33,33,32
Lig4,25,18,20,27,12,20,28,20,17,16,23,39,19,27,32,14,23,28,14,20,7,13,22,15,16,20,17,20,25,18,19,21,17,17,15,17,20,14,14,10,33,18,21,19,8,15
Lilr4b,18,8,26,38,20,16,25,24,17,11,24,9,9,4,20,16,21,47,12,16,20,73,13,8,21,7,25,13,7,21,57,3,8,20,9,9,4,17,6,4,17,9,20,9,10,8
Lilra5,3,2,8,12,8,8,14,12,10,9,12,13,3,7,8,7,9,6,4,10,1,12,13,7,5,7,13,5,15,13,17,2,3,5,7,1,4,6,4,3,12,15,11,4,4,5
Lilrb4a,21,18,38,83,57,30,50,61,38,18,79,47,19,19,45,27,39,71,36,25,14,100,42,15,56,29,54,19,22,50,121,17,20,29,19,28,26,36,19,12,15,28,35,20,15,15
Lima1,149,76,180,290,273,198,177,208,332,184,300,252,167,172,187,244,294,258,199,166,94,280,225,118,180,200,190,219,206,230,189,130,182,148,181,170,167,186,228,105,329,217,152,166,186,194
Limd1,156,106,178,265,206,180,244,171,246,155,222,215,202,179,207,203,234,293,194,174,82,282,266,109,212,163,180,176,265,214,193,115,149,122,179,160,162,173,172,127,235,169,186,123,156,164
Limd2,9,4,8,18,6,6,7,13,10,8,13,13,15,7,8,8,14,4,3,5,5,11,10,3,8,6,13,5,12,14,9,1,4,3,11,9,4,9,10,3,12,11,2,6,4,7
Lime1,29,27,54,75,34,31,56,35,40,27,48,65,43,45,54,40,43,36,22,41,9,54,39,25,41,28,34,41,35,37,25,33,21,28,38,26,25,31,18,21,20,25,41,17,26,35
Limk1,5,5,12,16,6,15,18,24,5,7,25,11,13,9,17,27,34,29,15,17,14,18,26,12,10,13,9,28,15,15,45,42,33,26,19,37,12,17,36,12,35,18,11,16,10,14
Limk2,4,1,4,7,3,1,7,1,3,3,6,4,4,2,3,2,5,9,4,2,3,6,2,3,2,6,1,4,5,3,1,6,1,1,3,1,3,6,4,1,8,2,1,3,3,3
Lims1,12,8,13,14,23,20,24,22,35,26,25,29,15,14,26,17,20,36,17,23,11,27,23,14,24,20,17,23,32,32,22,14,19,9,15,19,15,22,26,13,35,22,24,10,16,18
Lims2,348,149,296,542,372,410,388,357,607,418,666,597,486,412,515,569,579,621,433,365,175,664,575,288,551,523,350,410,457,428,438,323,479,305,500,378,318,517,453,250,814,372,409,373,288,322
Lin37,46,23,60,62,23,37,61,50,43,39,39,50,46,33,45,55,42,38,51,41,16,41,41,18,32,50,42,48,46,48,44,40,47,33,45,38,26,43,37,28,51,36,46,20,32,26
Lin52,11,6,16,19,14,9,13,9,26,14,12,28,16,14,19,13,15,15,17,13,5,21,22,11,10,21,13,10,22,17,18,11,16,5,19,8,11,12,15,11,21,9,19,6,8,22
Lin54,8,6,3,9,5,8,7,12,12,11,10,13,5,10,11,17,15,17,16,11,5,32,8,3,11,4,12,13,13,8,7,6,5,2,10,5,6,10,9,7,11,9,10,3,9,6
Lin7a,24,12,38,13,14,28,25,21,34,25,30,28,8,20,23,16,15,6,64,29,12,2,17,2,15,8,14,10,12,33,3,6,9,6,7,2,5,14,13,12,11,3,5,2,11,9
Lin7c,46,22,36,67,49,42,54,42,58,48,56,60,45,35,42,53,41,44,47,27,24,76,57,36,45,40,41,53,60,57,32,32,35,12,47,33,35,43,25,24,40,44,46,26,38,45
Lin9,9,10,8,17,12,13,16,12,13,9,23,14,12,9,9,30,16,29,22,8,4,21,16,8,19,17,7,18,17,19,9,7,9,18,11,16,13,12,13,6,18,10,10,10,9,8
Lincpint,6,2,6,9,14,9,4,5,6,8,10,6,6,1,2,18,14,11,6,3,2,6,3,2,3,6,9,7,3,2,5,1,4,3,1,3,6,3,3,3,5,5,2,3,0,2
Lincppara,9,2,1,5,5,2,1,2,4,1,5,3,9,2,5,2,1,2,4,4,1,6,1,2,2,3,6,7,4,4,3,2,8,6,4,3,3,5,2,4,4,2,5,1,6,1
Lins,0,2,2,6,3,1,6,0,3,5,3,2,0,2,3,2,2,1,2,2,1,0,7,1,4,3,0,1,5,1,1,0,0,3,3,3,2,2,4,3,6,6,3,0,2,4
Lipa,552,298,473,758,394,493,608,458,647,696,651,664,703,570,700,829,682,704,629,578,234,663,761,387,495,584,577,673,912,668,474,549,709,446,636,687,654,614,677,359,761,579,683,562,587,638
Lipc,624,326,516,968,514,737,662,565,645,657,749,449,799,732,763,901,1053,371,613,633,301,478,818,585,742,767,564,775,827,1047,369,523,729,401,704,703,550,711,828,415,924,741,723,552,608,724
Lipe,49,27,38,71,44,59,54,51,60,54,86,69,42,53,71,83,84,35,59,66,17,45,70,59,72,59,52,76,79,97,58,35,70,40,58,71,39,72,74,49,102,88,90,65,66,45
Lipg,29,17,24,33,13,20,13,23,19,22,25,26,19,38,22,19,29,13,25,36,9,10,31,32,24,29,15,16,31,21,19,19,16,15,22,17,20,24,30,10,42,15,35,26,15,28
Lipo1,5,3,3,5,6,7,3,6,6,1,11,7,3,3,8,0,3,8,4,4,2,7,5,3,7,4,2,0,9,3,7,3,7,4,1,4,4,5,2,1,6,5,7,4,0,7
Lipt1,23,6,16,22,14,14,18,15,21,28,20,23,10,14,17,23,28,19,29,19,11,22,34,16,21,23,15,27,31,24,13,8,25,9,26,20,21,24,27,22,24,22,18,13,22,20
Lipt2,24,9,19,54,36,18,38,28,28,26,17,41,39,18,23,13,22,43,13,22,12,34,18,12,21,29,15,31,41,18,14,20,22,20,16,16,21,28,22,12,29,19,22,18,26,17
Litaf,249,116,291,394,494,375,258,310,798,257,370,516,272,223,340,403,298,455,232,308,119,487,300,143,280,314,344,272,378,296,347,218,245,181,361,231,276,242,240,159,377,272,297,187,220,248
Llgl1,42,13,26,36,26,17,48,33,44,29,28,47,38,30,29,45,36,49,31,29,16,42,35,21,27,36,32,39,43,33,37,29,28,22,24,20,20,24,31,12,56,20,20,22,22,24
Llgl2,106,42,98,172,102,146,145,94,158,144,127,152,134,118,115,139,140,122,134,103,34,157,147,77,106,143,122,129,162,148,55,92,111,104,117,85,81,132,113,91,193,102,100,94,104,99
Llph,62,19,59,99,71,56,63,54,78,59,86,85,68,48,69,56,67,93,43,58,30,69,68,47,66,60,36,79,78,97,37,45,57,47,78,67,42,74,38,50,68,47,47,55,45,43
Lman1,965,558,1003,1230,1004,1077,1481,1210,1664,1121,1362,2101,1183,1137,1307,1438,1329,1454,1229,1198,545,1080,1490,915,1250,1173,1325,1237,1237,1333,1029,876,1160,832,1129,1196,926,1061,1118,785,1816,1184,1067,826,984,982
Lman2,385,156,371,413,353,465,463,419,626,386,539,671,368,353,480,426,501,355,429,371,172,354,502,393,494,446,475,438,502,641,396,409,508,339,488,411,411,390,530,307,660,461,461,440,448,427
Lman2l,27,17,34,41,26,43,42,31,34,30,39,36,20,23,45,54,53,37,39,52,14,38,34,19,41,32,24,43,50,44,27,22,32,20,40,32,28,35,41,15,45,38,29,27,20,16
Lmbr1,4,2,4,9,2,9,5,6,7,5,8,6,13,4,12,7,11,13,4,8,4,10,6,3,7,4,7,9,8,5,3,3,10,3,6,10,5,5,11,5,7,5,7,3,5,5
Lmbr1l,58,19,28,76,40,50,51,40,46,35,59,32,40,28,37,99,68,46,46,49,9,65,33,22,33,46,38,40,58,50,33,34,41,25,56,51,35,34,36,22,52,47,46,28,24,26
Lmbrd1,179,84,167,289,138,165,232,196,225,197,252,216,223,187,219,227,240,214,215,165,67,242,251,165,207,183,200,222,242,220,192,156,216,160,204,214,182,184,227,132,312,238,239,150,164,196
Lmcd1,2,2,7,4,4,0,5,3,6,1,4,8,4,0,2,3,2,0,5,1,2,2,3,2,2,1,4,6,4,3,2,3,3,3,2,2,1,4,6,0,9,2,4,1,6,2
Lmf1,255,130,244,294,186,273,319,333,364,241,312,376,264,243,313,334,290,307,298,301,76,250,285,197,309,274,333,343,320,345,307,226,296,270,318,306,213,304,357,207,432,307,300,249,275,269
Lmf2,118,52,89,125,64,85,112,109,123,95,117,126,88,87,115,121,115,152,95,95,34,118,116,73,90,81,77,107,106,82,77,56,65,75,123,89,65,69,100,56,98,73,103,57,72,70
Lmna,266,163,217,296,241,219,251,221,379,244,294,435,201,190,273,270,291,676,224,260,85,416,209,129,184,216,237,250,244,254,278,188,227,227,234,196,176,209,188,130,301,202,182,136,211,170
Lmnb1,9,9,10,14,14,7,12,13,20,14,14,14,10,7,8,10,11,22,12,6,8,13,12,11,12,10,10,10,12,11,23,10,21,12,9,10,18,12,10,11,30,10,11,14,9,2
Lmnb2,39,31,34,53,41,31,36,48,48,33,49,86,38,49,49,39,39,66,39,31,14,36,61,32,30,33,43,33,33,44,40,30,43,37,42,36,43,41,52,23,37,38,63,36,25,23
Lmntd2,12,5,8,17,11,6,19,24,10,9,10,15,7,9,9,8,14,21,13,14,7,2,24,11,5,12,4,9,10,9,9,8,14,14,19,25,14,19,10,11,18,9,12,11,11,10
Lmo2,15,12,16,29,9,18,24,18,17,19,16,23,19,11,18,20,21,26,12,7,8,26,24,18,30,18,14,16,25,12,31,13,18,13,12,16,18,10,13,9,13,18,13,8,8,15
Lmo4,125,62,92,220,96,82,113,69,109,81,132,149,130,74,100,130,128,177,106,81,32,218,139,63,86,110,78,91,88,91,109,64,102,64,64,70,84,81,89,71,125,95,75,63,63,104
Lmo7,38,11,29,52,28,50,50,39,49,36,40,54,40,29,48,40,45,52,46,34,10,44,45,30,33,43,22,32,66,33,38,27,42,26,31,34,27,31,36,13,58,40,46,14,30,24
Lmtk2,66,40,74,112,56,78,91,71,78,72,127,81,89,78,73,124,125,75,79,77,36,108,85,54,78,84,60,78,74,105,70,60,102,60,78,71,68,66,82,56,119,56,80,54,81,65
Lncbate1,0,0,2,3,3,3,0,2,9,1,2,5,6,5,4,2,1,5,0,1,0,7,4,3,3,3,2,1,12,5,2,3,2,3,2,6,3,0,6,2,3,1,2,0,3,0
Lnp,4,0,5,5,4,0,4,5,4,3,5,7,6,7,2,4,7,4,5,4,4,7,3,2,2,2,2,4,8,7,3,2,4,1,2,1,2,2,2,3,4,2,4,7,6,3
Lnpep,0,0,2,3,6,2,2,2,4,2,3,8,1,2,6,2,1,0,1,4,0,3,2,0,7,2,3,0,3,1,3,0,2,2,1,3,1,2,0,0,0,3,1,1,1,1
Lnx1,8,3,5,13,23,12,8,10,33,13,13,22,12,12,8,10,11,15,8,5,2,9,12,6,15,9,9,10,10,5,6,8,13,11,6,11,3,9,10,9,16,11,6,8,11,9
Lnx2,58,29,46,95,70,76,74,68,84,81,74,110,91,61,70,78,85,84,65,54,22,109,92,54,89,72,73,67,80,59,66,56,76,51,89,41,70,63,89,37,118,65,50,48,61,62
Loh12cr1,59,37,56,62,71,71,70,81,95,75,85,124,95,83,72,92,83,78,59,64,24,76,89,56,71,94,69,96,74,68,65,51,89,71,88,84,58,76,84,34,120,83,81,68,79,87
Lonp1,711,391,685,1103,503,678,830,769,779,742,997,929,793,784,837,1048,1006,2548,776,698,229,1490,917,468,736,689,654,806,938,740,734,584,705,573,855,849,660,814,839,479,1075,713,765,566,661,723
Lonp2,922,417,826,1370,831,1029,1149,1082,975,958,1326,1005,1102,948,1319,1274,1420,1088,1134,1071,540,1029,1375,972,1243,1111,781,1279,1143,1426,1427,1078,1203,848,1184,1325,883,1132,1237,821,1786,1325,1123,1013,1046,925
Lonrf1,16,7,10,18,15,14,17,8,22,11,14,22,5,8,11,19,16,11,14,9,4,12,23,12,20,15,14,14,22,19,5,9,8,4,8,5,11,12,15,4,9,9,7,6,8,6
Lonrf3,17,4,7,14,8,7,10,8,23,22,16,21,10,14,16,24,25,7,19,7,4,8,17,8,14,16,7,13,26,17,4,7,13,5,8,7,6,16,6,9,12,10,9,6,7,9
Lor,3,12,3,8,1,5,7,4,4,5,7,7,15,3,6,11,9,6,5,6,2,14,3,3,5,3,6,5,4,6,3,5,3,3,7,5,3,9,3,2,1,2,6,1,5,2
Loxl1,0,3,6,12,5,3,8,5,3,1,9,3,6,3,6,11,7,11,8,3,2,7,6,1,2,8,3,9,11,6,6,5,5,3,5,3,7,10,2,1,9,4,5,5,4,5
Loxl2,4,2,3,10,2,4,10,2,6,2,1,9,5,1,7,4,7,4,3,3,2,3,5,2,2,8,3,6,2,9,5,4,4,1,0,1,4,1,7,0,3,2,2,0,2,0
Lpar1,3,6,3,16,4,5,10,7,4,7,7,6,7,2,7,8,11,17,3,6,4,10,6,2,7,5,4,10,7,12,8,3,9,3,6,5,7,9,5,4,9,5,5,4,6,4
Lpar2,3,1,4,4,3,2,1,1,2,0,0,0,3,4,1,1,1,1,0,0,0,1,6,2,1,2,0,0,0,3,2,0,3,2,0,1,0,0,1,3,2,1,3,0,1,3
Lpar6,40,12,33,62,45,42,72,47,62,38,53,48,45,41,44,52,55,48,55,42,22,32,59,29,41,54,31,49,42,37,33,38,52,14,36,26,23,41,37,24,54,36,31,20,27,38
Lpcat2,10,11,14,41,15,11,28,35,13,6,24,20,11,6,28,11,20,26,12,10,7,24,13,13,14,9,14,11,17,14,61,12,10,14,7,10,12,16,9,5,13,10,16,9,6,10
Lpcat3,789,444,758,1640,804,721,1256,1039,843,801,1082,721,897,617,887,1105,1106,1479,908,740,326,1207,1260,785,1081,1058,746,828,1234,1127,502,643,1042,734,1090,1049,799,901,1018,709,1446,949,1034,775,939,870
Lpgat1,269,141,332,340,416,401,274,245,792,315,430,487,329,270,393,455,435,330,261,334,153,282,325,203,335,299,402,291,355,439,408,264,358,181,374,328,278,279,383,201,445,288,378,304,308,286
Lpin1,107,34,70,194,129,72,128,104,578,148,99,84,404,275,135,221,167,153,97,85,51,119,256,136,120,189,134,200,160,114,55,104,128,107,94,193,113,121,136,141,237,163,166,97,125,156
Lpin2,677,179,273,1688,466,451,455,426,792,553,801,248,630,438,593,1451,992,1406,536,331,245,1896,574,336,330,615,350,742,655,549,485,588,536,686,460,681,421,430,546,446,1022,658,521,346,388,407
Lpin3,9,7,9,26,14,4,18,24,17,13,23,20,22,16,13,16,16,29,10,8,5,18,18,13,17,19,13,20,21,19,23,13,17,19,25,22,17,13,13,20,22,25,18,20,28,21
Lpp,67,35,81,97,76,67,78,71,133,72,109,112,79,84,84,85,98,152,89,66,31,169,85,52,59,79,72,61,103,86,61,36,65,44,69,62,55,66,82,34,106,62,62,41,57,53
Lppos,129,55,153,242,162,167,151,157,263,190,203,110,192,155,205,247,232,151,130,174,64,183,221,119,212,205,145,186,298,250,163,125,160,117,139,205,204,191,196,142,241,229,193,165,183,180
Lppr2,7,8,1,19,4,5,13,8,14,6,4,20,7,3,11,8,4,6,8,8,2,7,12,3,6,4,10,6,10,1,3,7,6,9,6,11,3,15,3,7,14,7,0,4,2,8
Lppr3,1,0,3,2,0,2,0,1,6,0,2,1,0,1,1,0,0,4,1,1,0,2,2,1,1,0,4,1,0,2,4,1,1,1,0,1,1,1,0,0,0,0,0,3,0,1
Lpxn,8,0,14,8,11,9,11,10,7,8,6,10,5,9,11,2,9,15,4,7,0,11,9,6,11,5,10,2,12,8,13,2,7,8,10,5,6,3,8,6,7,8,4,4,4,2
Lrat,9,5,12,9,7,7,17,8,8,2,7,8,7,4,9,8,3,8,19,4,5,7,7,5,7,8,3,4,7,5,2,4,6,3,0,3,2,2,9,1,5,4,2,0,2,3
Lrba,66,42,63,110,89,73,114,86,87,96,81,102,78,73,86,100,91,143,92,73,46,116,124,72,108,81,70,68,101,77,92,51,93,77,101,113,69,92,114,61,145,72,101,72,84,62
Lrch1,7,7,10,27,11,9,15,14,14,16,13,23,8,8,11,9,15,12,17,6,8,20,13,5,19,16,9,12,16,12,6,9,14,1,10,10,8,12,4,6,26,5,10,9,9,13
Lrch3,36,15,43,52,42,42,49,62,49,32,74,68,57,34,46,69,60,54,34,33,20,88,48,23,38,42,43,38,51,59,42,27,40,26,23,34,35,47,44,20,47,38,40,33,34,47
Lrch4,42,29,53,63,43,51,70,71,62,51,75,77,64,47,52,61,45,58,48,42,24,71,68,27,57,42,67,50,49,59,67,43,46,52,58,46,40,48,45,37,66,52,45,47,52,56
Lrfn3,55,21,32,75,46,46,44,44,43,39,62,83,46,47,71,74,47,70,54,45,14,61,63,39,44,47,37,64,42,41,25,47,44,58,57,53,31,46,52,34,60,51,37,32,41,36
Lrg1,2616,1305,7245,5289,12412,7226,3524,4168,22817,2299,9542,15331,3644,3316,3850,3452,4413,3212,2213,5618,1474,2587,2956,1603,4359,5206,7202,3495,2622,5763,5486,1946,3526,1798,6209,1847,1750,2784,2722,1690,6859,3066,4460,2304,2034,2224
Lrif1,7,5,6,10,5,2,3,4,7,7,11,14,13,6,8,9,6,8,5,4,3,13,14,3,9,6,5,6,5,7,6,9,11,5,7,6,7,7,10,5,5,5,7,4,4,1
Lrig1,80,39,118,107,118,104,141,82,176,68,106,128,83,75,95,122,117,78,91,82,38,87,112,49,110,99,86,97,93,134,76,63,109,60,117,87,67,87,94,52,151,76,84,67,63,91
Lrig2,6,6,11,25,8,11,13,12,6,11,10,19,20,11,8,21,15,16,13,12,4,11,12,9,9,20,9,11,11,11,7,6,9,6,9,9,14,10,10,8,10,11,15,15,12,15
Lrig3,31,9,30,35,41,30,33,32,43,29,38,49,26,31,33,33,36,28,39,32,10,40,31,23,26,18,25,20,43,19,23,18,38,20,24,25,24,40,18,23,35,26,27,21,30,16
Lrit1,8,5,11,5,4,11,20,6,7,9,6,6,11,8,16,8,11,1,8,4,2,10,7,3,10,7,5,11,13,13,4,2,7,1,5,6,6,5,4,5,7,6,3,4,10,7
Lrit2,21,9,18,31,8,15,28,12,15,28,45,23,29,24,39,32,44,5,33,21,17,17,28,16,22,19,18,23,31,27,4,12,29,14,25,14,21,16,15,14,36,19,16,11,14,13
Lrmp,9,10,19,26,15,10,20,22,11,5,23,17,22,6,9,17,24,20,12,7,5,24,13,8,20,12,13,10,6,11,22,9,5,13,9,12,9,15,5,8,8,8,4,2,8,7
Lrp1,1491,689,2205,2563,1352,2483,1886,991,3667,1276,2163,2164,2070,1655,1843,2148,1973,938,1376,1745,378,958,2427,1466,2208,2074,1826,1888,2714,2457,872,1286,1523,1189,2221,1786,1722,1917,2075,1160,2819,1915,2208,1572,1617,1524
Lrp10,288,182,295,487,326,328,365,387,473,291,463,486,342,282,346,484,474,556,322,309,129,435,328,260,339,338,356,364,365,365,382,240,330,248,322,318,279,294,311,202,420,328,302,233,280,304
Lrp11,5,2,2,2,4,4,5,4,7,3,6,8,2,1,4,2,3,17,4,4,2,9,3,1,7,2,3,7,3,5,4,2,4,2,2,1,1,2,1,3,7,1,5,2,2,4
Lrp12,5,3,4,10,6,7,5,10,8,10,6,7,7,3,4,12,13,5,10,5,3,11,8,3,13,6,4,8,6,6,2,6,3,2,7,6,7,4,7,2,8,4,4,6,4,8
Lrp2bp,9,1,1,4,4,0,17,5,3,7,7,2,2,7,3,10,8,0,5,5,3,1,7,3,3,7,3,9,4,9,3,6,6,2,13,13,2,8,12,4,8,7,5,3,5,6
Lrp3,66,31,52,65,40,62,55,54,92,70,61,96,48,55,76,67,80,72,51,55,16,56,59,48,50,65,55,79,82,74,55,55,52,63,62,54,54,64,50,37,86,45,53,45,53,49
Lrp4,85,30,78,128,49,86,64,58,69,82,106,76,81,77,106,132,109,57,72,58,29,81,64,60,56,77,57,72,77,79,41,58,76,57,70,79,52,68,88,34,76,75,83,64,49,57
Lrp5,87,46,70,131,64,63,109,72,105,72,110,105,101,74,93,95,97,106,63,64,34,108,104,59,90,86,79,80,91,75,66,55,76,82,84,78,56,72,96,38,135,66,75,62,58,56
Lrp6,69,30,77,123,48,69,91,50,88,61,104,67,66,57,90,98,78,69,83,69,20,62,71,29,47,51,92,81,77,83,46,42,61,56,79,83,57,55,83,46,99,66,70,45,63,61
Lrpap1,40,24,45,56,41,37,75,52,73,37,77,53,45,50,52,79,56,56,42,53,20,83,79,30,51,49,43,55,61,46,40,39,50,49,50,92,77,43,51,30,72,39,51,43,42,40
Lrpprc,205,110,223,320,209,229,321,258,320,239,294,385,299,257,333,310,320,343,249,256,130,393,357,185,263,301,214,295,313,302,203,184,253,160,261,219,230,235,290,145,341,251,221,188,189,209
Lrrc1,2,0,2,4,0,2,5,4,1,8,4,2,6,1,2,2,4,9,4,7,2,6,0,0,5,3,0,2,1,0,2,4,1,0,0,1,0,1,3,0,5,2,4,1,3,2
Lrrc14,59,38,46,57,57,53,51,74,78,55,74,112,63,50,58,85,60,66,53,62,22,93,53,46,57,75,50,54,81,85,42,46,63,26,70,39,31,48,59,36,82,57,50,43,52,54
Lrrc14b,7,2,6,7,3,2,3,5,2,3,3,6,3,2,6,5,3,10,2,0,2,10,5,4,2,5,3,2,2,3,10,2,2,3,7,6,3,4,3,0,8,0,4,1,0,0
Lrrc16a,38,15,32,34,22,48,30,38,26,50,63,47,27,29,62,51,35,34,46,34,18,24,38,34,54,56,56,36,24,35,18,35,51,28,35,32,32,45,49,30,51,57,51,46,47,42
Lrrc18,0,1,0,3,2,2,3,2,3,0,2,2,3,1,2,1,0,1,1,0,1,6,0,2,1,1,1,2,2,4,0,0,2,2,0,2,0,1,0,0,2,2,1,2,1,0
Lrrc20,22,15,18,32,26,27,32,32,27,18,35,47,17,12,26,38,29,52,14,18,6,49,20,18,23,23,22,17,22,18,35,20,18,18,23,11,10,17,19,9,25,13,12,18,9,17
Lrrc25,5,9,9,38,20,7,33,20,18,11,18,13,10,3,17,14,12,19,12,14,6,19,14,10,13,9,15,8,15,17,52,6,9,10,9,15,7,14,13,5,14,18,15,14,7,8
Lrrc27,2,0,1,0,0,2,1,1,3,1,1,3,1,0,1,2,0,6,5,2,1,6,1,1,1,0,1,1,0,2,3,0,0,3,2,1,1,1,0,0,4,1,0,0,1,1
Lrrc28,52,33,74,66,38,33,67,50,76,49,50,40,49,69,52,52,42,70,54,60,22,60,90,50,41,33,48,50,38,62,41,32,49,30,46,52,30,47,60,35,63,43,52,45,50,56
Lrrc29,16,5,16,25,12,9,16,8,23,13,18,13,7,11,18,24,22,20,19,9,3,29,18,10,11,13,6,22,18,24,5,17,8,16,22,15,11,16,11,8,17,15,12,12,7,11
Lrrc3,207,69,155,221,212,197,164,184,400,244,172,312,195,224,250,257,250,115,203,217,56,126,185,120,221,229,225,236,312,260,133,133,196,99,224,139,185,204,243,159,299,194,187,147,220,198
Lrrc32,26,10,27,62,40,24,38,42,56,47,48,54,52,26,47,71,53,81,53,31,15,75,51,40,38,38,42,44,70,61,68,33,39,49,41,29,31,64,38,27,51,38,40,16,32,39
Lrrc40,29,14,27,48,18,27,46,31,33,25,27,46,46,37,29,37,39,50,36,45,6,42,52,24,23,42,31,37,48,48,27,25,48,26,39,31,30,42,30,21,41,33,37,29,26,25
Lrrc41,73,37,63,97,44,55,77,72,100,106,84,130,98,75,106,97,107,80,76,83,30,75,98,67,64,60,75,76,113,92,54,64,63,63,44,61,72,98,69,82,108,86,67,52,79,79
Lrrc42,100,41,119,139,151,142,121,114,200,92,182,134,81,99,105,154,195,138,133,95,63,179,116,75,105,107,120,114,125,112,147,75,95,87,132,109,103,92,95,45,129,84,109,78,79,80
Lrrc45,47,32,65,86,51,39,58,44,54,46,63,84,69,58,62,80,69,71,48,31,16,97,68,32,53,61,48,57,69,44,36,25,42,38,59,44,37,41,57,20,78,45,58,31,37,45
Lrrc46,7,2,8,12,7,8,7,8,7,7,4,12,8,2,8,8,10,9,11,9,3,9,10,8,6,23,7,12,7,18,2,5,7,5,6,9,4,8,9,10,5,10,11,6,5,7
Lrrc47,107,64,120,177,109,110,146,146,128,102,158,192,145,159,154,157,159,188,102,94,64,206,156,79,126,126,113,111,174,166,141,83,115,92,112,111,92,130,136,80,160,107,117,110,122,117
Lrrc49,1,1,1,1,1,4,1,2,5,1,1,2,0,3,1,5,3,8,2,1,1,4,2,1,1,1,0,3,1,4,1,1,1,0,0,0,4,1,0,2,1,0,0,1,0,2
Lrrc4c,2,2,2,4,2,0,1,2,0,3,0,0,3,1,3,2,3,2,4,2,0,7,2,1,0,2,0,2,1,2,0,0,2,2,1,2,2,0,1,1,3,1,1,1,0,1
Lrrc51,17,5,10,34,8,16,9,12,24,17,29,14,8,13,13,35,21,25,16,14,3,32,19,14,22,18,10,18,20,10,10,9,13,10,19,15,14,16,21,10,17,16,16,10,21,7
Lrrc56,17,6,13,13,11,20,19,17,24,11,23,24,21,12,19,13,30,16,23,9,4,13,15,10,13,10,22,20,23,21,24,13,27,6,20,19,17,19,18,11,39,16,15,14,14,15
Lrrc57,16,6,18,25,12,15,16,23,28,17,23,24,13,14,17,14,19,16,17,14,6,22,29,8,17,16,14,15,23,15,20,7,18,15,23,17,17,12,27,4,26,25,22,12,17,9
Lrrc58,54,29,40,80,57,40,59,32,65,41,57,61,51,53,71,56,72,62,57,52,16,100,82,27,40,50,47,58,55,55,32,35,46,12,48,33,41,47,29,33,59,42,46,26,32,35
Lrrc59,187,79,196,196,250,253,219,207,416,218,240,499,225,185,269,258,262,592,220,252,110,310,302,184,219,243,246,311,211,342,267,193,291,149,248,233,199,218,257,147,344,278,215,200,215,180
Lrrc61,33,16,27,34,28,25,25,37,36,22,26,33,34,19,28,40,28,33,24,28,8,35,24,17,29,24,15,24,42,38,29,18,27,19,28,23,17,36,14,16,28,23,29,19,24,20
Lrrc75a,5,1,3,7,9,4,8,8,20,7,7,9,5,5,5,2,4,2,7,3,2,0,4,2,3,2,9,4,3,5,2,2,1,1,1,1,0,3,5,4,7,4,3,3,0,2
Lrrc8a,136,72,125,185,186,161,118,116,299,127,168,188,138,158,146,191,164,234,97,111,52,248,157,87,120,117,143,150,167,168,109,79,152,62,112,98,82,94,121,80,186,111,121,107,121,118
Lrrc8c,1,4,2,4,5,5,12,4,6,7,2,1,1,3,2,4,0,7,6,7,3,8,3,8,1,3,5,1,7,5,17,1,1,8,2,4,3,1,5,2,6,3,6,1,2,2
Lrrc8d,70,23,45,73,56,51,61,73,74,67,79,83,58,69,64,88,89,116,64,59,37,88,79,65,65,71,58,72,95,89,68,57,75,41,83,63,49,64,67,44,105,69,75,43,52,61
Lrrc8e,3,1,2,3,2,0,4,4,1,6,1,1,2,1,3,2,4,10,3,2,0,1,1,0,0,3,2,4,2,2,0,0,0,0,1,0,3,2,0,0,1,1,2,0,1,1
Lrrfip1,33,29,38,91,77,56,49,56,87,62,87,87,87,53,69,85,57,115,55,47,27,106,71,30,85,59,48,34,73,50,49,44,51,39,50,46,57,54,25,19,80,45,50,36,35,51
Lrrfip2,29,6,18,30,26,21,19,17,23,33,29,31,25,25,18,23,37,24,16,21,7,30,26,14,20,23,18,28,23,20,22,14,22,23,14,18,19,24,9,14,32,28,23,21,11,14
Lrrk1,28,14,28,68,52,42,72,79,59,39,65,58,48,34,52,43,57,70,42,45,22,65,64,48,42,41,50,50,58,54,94,27,47,31,36,46,32,42,50,34,62,45,36,33,29,55
Lrrk2,5,3,2,5,6,3,9,3,3,4,2,4,2,1,5,2,7,7,2,2,1,7,7,1,3,3,4,2,5,6,6,1,3,6,2,6,2,5,4,0,4,4,3,1,1,1
Lrrn4,5,1,2,2,6,1,2,1,1,0,1,0,2,2,1,2,2,5,1,1,3,0,3,0,0,2,1,7,2,3,1,0,2,0,3,0,2,3,3,0,6,0,3,3,0,2
Lrsam1,36,14,32,42,20,19,36,36,43,17,29,54,25,32,28,31,26,38,19,28,14,30,40,22,34,27,23,30,37,45,41,28,27,25,25,23,16,27,31,26,46,41,29,30,34,20
Lrtm2,0,0,2,0,3,1,5,2,5,2,1,7,8,1,5,1,2,40,1,2,1,38,3,3,2,2,6,1,53,3,3,0,1,4,0,1,6,0,0,4,5,1,3,6,2,3
Lrwd1,35,27,48,39,41,31,42,30,44,42,50,54,32,48,28,58,39,63,40,31,17,75,46,27,33,35,30,44,40,34,39,18,40,22,41,29,23,42,34,22,47,27,47,28,28,30
Lsg1,97,59,64,145,93,97,100,92,135,87,127,189,93,99,107,157,126,126,85,84,44,145,98,98,101,86,98,83,102,88,83,65,90,74,94,94,79,79,104,58,158,81,99,76,79,81
Lsm10,153,57,160,247,90,111,184,174,136,161,167,122,150,146,122,233,230,178,157,145,32,244,184,124,120,147,135,156,193,153,131,101,142,106,177,166,127,162,154,93,186,130,184,116,147,164
Lsm11,25,6,13,21,12,12,15,12,10,12,21,16,6,9,14,18,18,17,10,13,6,15,21,9,15,10,11,17,13,20,10,12,14,12,9,12,16,5,7,16,23,7,15,10,11,14
Lsm12,114,68,69,100,62,87,85,76,67,83,113,132,92,76,65,92,102,115,76,84,30,104,88,50,51,97,67,79,91,83,79,60,78,58,69,63,55,61,56,38,83,67,91,54,63,61
Lsm14a,60,41,39,93,67,54,71,58,94,75,83,89,87,65,76,60,89,105,75,83,29,102,90,33,54,62,82,78,81,91,66,46,50,35,58,53,55,62,61,36,76,66,61,44,34,60
Lsm14b,61,29,48,93,56,67,68,57,86,63,74,72,69,67,61,76,77,87,56,51,21,81,78,39,76,57,52,67,77,72,40,42,66,27,46,44,39,48,73,48,75,55,52,49,51,39
Lsm2,52,36,59,105,40,56,66,44,64,63,69,80,76,45,64,71,73,127,70,61,15,82,82,49,63,69,66,80,83,79,60,51,48,57,65,59,56,51,67,37,78,67,69,54,62,48
Lsm3,16,4,15,11,10,12,18,18,15,6,10,15,15,12,19,17,11,29,10,19,12,15,12,14,21,13,11,10,22,8,18,13,11,11,8,12,8,14,12,11,16,10,16,4,5,18
Lsm4,350,137,322,518,330,342,408,401,481,370,484,464,413,343,396,514,505,876,320,348,172,598,469,249,388,411,339,381,517,462,510,283,356,294,401,369,329,386,404,231,568,358,365,285,316,353
Lsm5,3,1,1,2,2,1,4,2,2,4,5,2,3,2,0,1,4,7,1,3,4,9,2,0,4,4,2,7,7,2,3,1,1,2,1,5,2,6,2,1,2,6,7,0,3,2
Lsm6,9,3,6,6,6,7,13,2,6,3,4,4,3,4,10,9,6,4,4,4,4,0,4,1,4,4,3,6,7,3,6,3,5,3,1,2,1,6,4,4,9,3,2,1,1,3
Lsm7,27,13,34,44,6,29,60,38,49,44,76,74,32,43,50,50,30,72,11,37,4,54,45,43,44,21,65,59,57,69,32,31,38,36,33,50,43,29,65,20,37,47,25,32,26,31
Lsm8,30,32,41,82,56,35,63,39,43,34,46,45,61,51,52,41,58,97,42,34,20,74,48,23,50,52,42,37,61,45,47,35,48,29,51,50,38,45,37,23,53,47,37,36,28,44
Lsp1,17,10,32,66,23,20,50,59,12,23,47,22,38,14,38,31,37,37,23,17,14,46,23,16,21,19,27,20,31,23,96,17,9,29,12,17,24,27,16,12,12,20,18,7,12,19
Lsr,1860,1072,1607,2635,3443,1497,2655,2336,4008,1944,2346,3150,1980,1780,1636,2232,2346,1686,2079,1951,744,1607,2617,1585,2358,2260,2074,1930,2382,2017,1674,1242,1637,1454,1686,1711,1813,2010,1609,1293,2930,2010,1986,1410,1383,1618
Lss,52,18,34,62,69,23,56,39,79,50,44,85,29,22,32,49,63,16,71,59,22,22,57,35,26,47,50,35,63,33,13,26,47,31,34,44,40,51,27,35,53,46,55,47,41,18
Lst1,48,23,47,77,62,50,104,100,56,40,87,71,43,39,65,60,59,49,47,39,25,38,66,38,104,42,73,44,57,75,230,25,41,73,28,52,46,62,40,21,43,71,45,38,33,38
Lta4h,67,34,59,95,67,81,90,65,136,64,63,117,97,79,100,88,97,82,85,62,40,83,112,61,80,80,72,87,102,93,76,57,72,46,79,68,80,86,70,46,109,79,105,49,63,64
Ltb,15,8,14,32,10,10,35,31,3,15,29,25,13,8,28,19,24,31,13,8,9,44,24,11,21,6,16,7,18,13,74,12,11,17,14,10,9,26,7,7,7,19,12,5,5,6
Ltb4r1,4,1,3,5,2,3,9,4,4,5,8,9,8,4,6,8,7,9,7,1,1,6,6,5,7,2,4,4,2,6,5,4,2,9,1,0,5,0,1,4,5,4,4,4,3,4
Ltb4r2,3,4,5,7,3,3,3,7,7,2,7,6,9,7,7,4,11,5,3,4,2,6,3,4,1,1,5,6,2,8,6,1,3,3,2,9,3,4,2,0,12,4,5,5,3,6
Ltbp3,9,5,10,19,13,11,13,15,9,16,11,12,22,10,5,12,9,16,9,10,3,15,11,6,4,11,10,12,13,15,13,10,14,11,7,4,8,12,11,5,14,6,10,10,3,5
Ltbp4,95,52,96,136,49,101,137,143,93,106,110,113,185,103,127,133,102,113,124,73,36,108,143,52,108,122,81,127,219,100,56,61,95,135,62,63,101,154,94,72,145,79,98,60,86,142
Ltbr,591,265,562,709,533,664,619,507,854,539,797,881,629,581,692,871,738,932,549,605,225,943,702,480,595,638,612,638,710,667,713,448,578,472,676,548,386,521,676,342,828,578,548,514,542,456
Ltc4s,1,1,4,4,2,4,2,7,6,7,4,6,4,6,4,4,9,1,3,7,2,6,11,11,5,14,4,1,2,4,3,1,0,2,2,8,1,1,5,6,3,7,2,4,2,2
Ltf,2,0,0,0,2,0,0,0,15,0,0,3,1,1,2,1,0,1,3,0,0,1,0,1,3,0,4,0,1,0,2,1,0,0,0,1,3,0,0,1,2,0,0,0,0,0
Ltk,4,2,1,5,3,1,5,1,0,2,4,3,2,2,1,4,3,1,0,0,1,1,7,0,0,1,1,1,1,2,2,3,2,2,1,1,0,3,2,1,1,2,0,0,1,1
Ltn1,20,8,18,27,19,33,28,17,28,21,22,30,20,23,19,17,19,17,25,12,10,25,28,12,17,19,13,25,27,27,9,10,16,5,12,15,27,15,13,6,19,15,14,12,7,11
Ltv1,59,28,42,88,66,37,74,78,84,54,69,127,53,49,70,76,82,125,56,54,30,125,78,31,54,62,56,74,79,69,57,43,50,34,45,41,42,67,45,25,70,51,46,34,47,60
Luc7l,87,49,99,117,74,93,106,58,93,69,108,136,112,83,111,95,89,104,86,63,26,142,89,76,99,99,73,80,107,108,66,70,75,56,75,70,68,66,94,36,98,73,80,62,62,75
Luc7l2,210,114,182,295,185,166,241,191,267,184,235,253,172,180,204,230,221,242,243,158,83,271,233,136,186,159,174,184,211,188,138,122,220,108,177,142,149,167,170,86,217,156,164,138,125,136
Luc7l3,66,35,92,108,57,88,110,79,83,90,85,87,88,72,109,56,80,108,68,59,33,135,88,52,72,73,69,82,114,76,68,56,63,31,84,57,57,65,70,31,77,60,81,33,54,72
Lurap1,3,2,4,2,0,0,3,0,2,2,3,1,1,3,0,2,7,4,1,4,0,3,3,3,2,2,1,1,1,0,1,1,2,1,1,1,0,0,1,0,0,3,1,0,0,2
Lurap1l,308,138,290,655,313,279,361,260,519,324,455,309,452,321,344,517,409,478,341,222,102,470,322,158,338,318,319,389,312,416,203,180,286,167,269,262,230,260,320,172,364,292,354,209,226,287
Luzp1,51,23,58,58,38,54,63,60,58,46,59,54,67,40,52,55,59,77,61,37,24,76,44,30,54,35,49,35,70,48,62,40,59,51,38,62,43,56,41,36,73,38,40,38,28,47
Lxn,3,2,6,8,6,8,9,7,7,7,8,7,1,2,4,4,6,13,6,3,2,9,17,2,6,6,6,5,9,6,10,3,4,4,3,1,6,7,6,3,6,3,5,2,3,8
Ly6a,54,25,26,85,71,45,90,102,33,72,68,31,79,57,115,55,60,61,49,51,36,60,98,51,78,61,54,35,60,62,880,34,60,70,49,40,34,91,34,32,65,49,81,25,37,40
Ly6c1,1,0,1,4,1,0,6,2,2,0,0,0,2,3,2,2,0,8,3,1,0,11,4,1,0,2,1,2,0,3,13,0,0,0,3,1,0,1,0,2,3,1,5,1,0,5
Ly6c2,6,5,3,9,8,5,6,11,8,2,8,6,6,2,8,7,12,6,4,2,2,15,8,3,9,4,7,2,8,5,90,1,2,8,5,5,5,6,3,2,4,2,5,2,0,4
Ly6d,7,5,18,29,24,10,9,19,23,10,24,27,7,8,27,25,50,836,11,12,7,131,12,11,10,16,13,9,15,18,277,10,12,38,9,21,17,14,8,12,7,8,16,13,7,10
Ly6e,1141,649,955,1664,2493,1279,1972,2091,5172,940,1947,2438,2014,964,1665,930,1321,1437,1086,1415,432,980,2094,997,2323,2296,1637,1225,1798,1616,2634,773,1201,1288,575,797,791,1669,1075,1200,2795,1224,1237,778,543,907
Ly6i,0,0,1,0,0,0,0,0,0,0,0,0,0,0,0,0,0,0,0,0,2,3,0,0,0,0,1,0,0,0,16,0,0,0,0,0,0,0,0,0,0,0,0,0,0,0
Ly6k,2,0,0,0,5,1,4,0,9,0,0,6,1,0,1,0,0,10,0,0,0,0,0,0,5,0,0,0,0,0,5,1,0,1,0,0,0,0,0,0,0,0,4,0,0,0
Ly86,39,25,55,78,53,51,96,42,41,45,85,88,65,43,64,50,59,52,51,44,24,29,71,44,62,38,51,29,54,71,120,21,35,54,32,39,45,45,43,12,46,37,38,24,31,34
Ly9,5,3,6,14,8,3,12,8,3,3,10,10,5,2,9,7,5,9,9,7,1,10,4,5,4,14,6,5,4,7,14,4,4,7,5,5,4,10,6,1,11,5,7,5,0,5
Lyar,90,68,91,129,100,76,117,103,94,76,121,136,105,87,101,112,114,183,79,89,30,168,114,55,83,78,75,97,105,110,75,54,72,62,80,74,70,92,89,56,115,68,80,63,74,73
Lyl1,4,3,6,15,7,8,6,12,7,5,10,5,13,7,5,8,10,11,9,8,3,10,11,4,10,8,14,10,16,8,20,7,4,12,5,6,10,8,5,2,5,6,2,6,8,10
Lyn,58,33,55,139,91,97,99,105,121,65,104,116,81,62,83,86,89,81,82,77,32,90,90,58,74,94,76,73,71,101,111,53,63,60,74,68,51,73,70,54,94,88,60,71,56,66
Lynx1,1,3,2,5,2,2,3,3,6,10,12,6,6,4,7,2,8,9,1,3,2,5,2,1,4,10,7,4,5,4,8,3,10,2,5,2,4,5,2,1,10,3,2,4,7,4
Lypla1,368,162,329,622,417,457,539,410,621,525,583,529,492,506,622,529,623,383,445,443,232,553,634,341,535,478,390,508,657,623,300,371,520,282,511,487,407,444,559,302,741,566,439,385,411,443
Lypla2,376,175,414,505,265,409,467,324,522,404,522,561,344,339,420,481,473,586,453,333,130,484,468,291,382,417,318,443,424,496,297,282,377,358,404,347,241,407,424,305,551,461,310,266,338,354
Lyplal1,44,18,46,62,67,54,76,66,71,37,60,53,54,48,53,56,68,90,63,57,30,58,83,52,63,68,43,56,79,93,55,55,70,42,63,56,51,58,67,36,100,68,70,50,54,49
Lyrm1,12,7,11,8,9,6,8,14,21,7,12,16,11,9,6,4,7,15,12,9,3,15,11,6,12,13,6,7,19,17,12,8,9,8,13,6,3,8,4,9,10,9,11,2,6,7
Lyrm2,13,15,20,28,12,22,39,18,20,16,34,30,25,15,16,22,24,40,12,26,13,38,25,13,21,32,11,23,24,33,24,20,21,17,27,12,15,27,16,9,31,24,24,15,16,23
Lyrm4,26,28,32,46,34,27,29,29,42,33,49,40,55,54,37,52,32,53,43,31,9,56,43,27,47,29,31,45,45,33,25,30,45,30,44,30,44,36,28,33,26,34,28,25,28,45
Lyrm5,35,12,31,39,34,31,37,36,49,32,47,38,35,40,67,29,34,36,33,28,17,50,56,48,34,38,30,42,57,52,37,41,33,16,34,48,27,36,48,32,40,39,48,34,37,42
Lyrm7,4,2,5,5,5,3,5,1,5,6,4,8,2,4,7,4,2,7,1,8,1,3,6,2,5,5,2,6,5,8,3,2,5,0,10,5,5,4,4,5,2,6,5,4,11,9
Lyrm9,4,8,4,9,5,4,7,10,13,12,11,10,8,7,6,14,11,7,7,7,4,14,7,14,10,10,9,9,10,6,5,2,7,10,8,11,7,15,11,6,11,6,6,8,11,3
Lysmd1,19,10,16,32,19,25,27,21,36,29,44,27,31,25,27,37,25,30,12,26,16,34,18,12,22,19,20,29,40,34,24,17,22,10,21,18,18,30,28,10,24,18,21,16,23,22
Lysmd2,5,7,2,6,19,8,7,7,9,4,8,15,6,6,3,8,10,53,13,4,0,24,4,2,6,3,5,4,15,8,12,2,5,6,2,1,7,7,3,5,6,5,6,2,5,6
Lysmd3,7,5,6,9,8,7,6,7,9,6,9,8,5,4,10,18,9,6,7,3,4,16,11,5,3,4,4,3,9,7,5,5,1,1,4,2,3,6,2,1,4,6,5,5,3,4
Lysmd4,13,7,18,16,21,18,16,20,38,25,20,43,31,20,26,27,27,22,10,14,8,33,31,14,26,18,26,14,25,30,23,9,22,23,20,19,16,17,23,19,34,24,22,19,19,28
Lyve1,7,9,11,11,16,9,15,8,37,7,21,39,31,7,12,16,12,40,15,9,4,43,7,7,12,16,10,21,23,10,7,10,8,13,5,2,9,16,16,3,12,8,8,8,3,11
Lyz2,240,139,283,583,526,300,560,715,313,239,557,456,295,199,478,364,449,499,334,252,248,468,407,275,388,235,425,221,318,549,1538,165,191,363,183,289,276,340,251,161,308,366,310,236,189,341
Lzic,20,5,23,26,11,14,16,30,23,18,20,24,21,17,21,24,14,47,21,12,7,26,30,8,23,25,14,23,17,21,24,13,19,20,12,17,19,23,20,13,26,20,19,16,12,8
Lztr1,121,59,117,166,98,133,159,143,138,92,157,128,127,108,133,165,141,229,92,104,47,193,163,95,110,138,100,146,144,114,109,111,112,116,117,122,104,124,132,84,162,106,96,93,114,102
Lzts2,81,48,82,119,43,73,94,71,68,77,84,116,85,76,85,64,81,79,60,74,20,80,94,55,65,79,59,82,104,86,49,50,56,61,64,60,49,78,81,40,88,69,57,49,76,78
Lzts3,109,54,84,122,94,85,121,123,124,90,136,77,134,130,117,129,138,126,113,119,37,196,155,101,111,122,90,113,186,120,91,66,116,83,107,97,87,92,119,59,159,94,103,77,90,94
M6pr,452,220,428,687,425,482,631,496,657,482,617,707,534,465,596,588,568,761,521,471,145,683,650,349,527,490,474,575,760,635,670,384,543,404,510,542,463,464,551,347,717,522,576,387,450,482
Mab21l2,2,2,1,4,4,1,3,4,0,1,1,3,0,2,1,3,2,4,5,2,0,6,4,0,2,1,3,3,0,1,0,3,3,2,3,5,1,4,1,2,2,3,3,0,3,0
Mab21l3,3,1,0,2,2,2,2,0,0,1,3,0,0,0,1,3,5,6,2,1,0,9,0,0,0,5,0,1,0,2,9,2,1,1,0,2,0,3,1,2,3,1,0,0,1,0
Macf1,126,65,112,219,117,119,166,125,149,128,198,174,129,113,148,162,170,160,146,116,52,181,159,76,135,125,119,126,181,154,104,90,143,114,130,141,118,151,130,79,193,108,157,82,121,122
Macrod1,300,141,292,360,102,294,230,218,419,320,287,250,429,384,390,332,348,148,252,307,75,318,366,303,330,289,220,359,513,410,228,209,295,278,352,379,232,318,339,226,392,345,396,262,360,348
Mad1l1,21,17,24,24,14,13,27,37,46,21,29,51,36,19,22,26,20,42,33,30,5,41,36,17,23,22,35,32,34,14,20,13,27,15,25,27,14,40,31,24,38,22,25,22,24,15
Mad2l1,7,2,6,10,16,5,13,7,7,9,9,4,4,6,2,11,5,25,5,9,2,14,9,7,8,5,7,4,14,8,15,6,3,2,7,11,10,10,8,5,7,5,10,3,6,7
Mad2l1bp,60,31,52,83,51,50,71,47,59,44,76,44,59,49,54,58,66,69,47,41,25,77,64,36,60,62,56,61,61,76,40,38,58,38,46,56,58,49,45,41,80,58,70,46,48,48
Mad2l2,130,83,134,234,142,162,154,180,250,124,187,252,175,124,204,196,193,299,143,161,55,228,186,97,169,133,187,179,167,158,194,108,155,113,144,130,108,150,164,114,211,148,137,119,120,117
Madd,69,50,79,123,108,113,139,158,102,101,134,140,80,92,121,147,143,88,111,105,54,122,142,81,140,76,96,150,148,163,123,82,140,103,134,131,100,140,118,73,160,115,136,93,103,109
Maea,126,62,123,242,113,137,158,171,205,148,177,195,165,131,171,226,215,288,168,150,68,259,189,107,159,153,144,164,225,198,199,100,132,162,220,169,121,161,164,101,234,154,140,113,126,158
Maf,14,15,14,36,27,30,19,25,18,30,26,28,22,16,20,39,37,18,9,22,4,35,18,20,16,28,19,14,24,29,18,14,20,7,18,11,18,13,18,6,19,11,20,12,15,21
Maf1,100,30,94,167,43,95,110,81,143,88,115,69,84,92,87,176,153,116,98,65,19,114,67,55,64,80,74,92,111,90,79,72,52,58,91,73,71,83,64,55,127,87,92,38,65,66
Mafb,55,26,52,88,64,60,68,64,111,77,94,114,81,70,78,62,53,108,43,41,25,121,74,63,102,85,62,86,114,93,56,55,53,36,41,50,50,43,67,34,152,57,103,47,51,57
Maff,31,7,10,75,24,16,21,15,15,17,29,11,13,7,12,52,74,43,26,11,8,48,19,9,9,12,19,23,16,15,29,13,11,7,11,14,16,11,13,9,20,12,13,12,12,8
Mafg,363,171,295,399,257,278,321,277,413,347,392,383,302,286,310,490,478,422,378,269,127,675,323,249,317,324,238,342,360,313,358,224,313,226,250,256,193,255,322,169,421,280,275,239,221,221
Mafk,13,8,10,43,17,16,13,13,31,13,16,20,14,13,8,28,29,29,22,9,3,43,15,14,16,21,15,15,17,7,23,9,11,12,14,21,16,6,22,16,26,23,22,14,15,14
Mag,1,0,3,7,2,0,3,2,1,2,2,2,2,0,3,2,1,6,1,1,0,1,2,2,2,1,1,1,5,4,11,1,3,5,1,1,2,2,0,0,1,2,1,0,0,2
Maged1,306,108,227,351,214,206,293,322,366,306,352,433,225,243,265,426,395,468,328,276,87,272,400,176,273,232,295,272,334,243,278,235,256,172,360,251,224,340,289,225,422,292,298,195,270,237
Maged2,35,21,27,47,35,19,47,48,37,36,40,42,36,30,31,39,50,97,50,47,9,44,31,21,17,36,26,30,39,29,54,18,46,49,33,18,26,28,33,19,33,20,26,22,20,32
Magee1,7,9,13,23,15,13,13,19,25,10,17,29,13,7,19,18,18,10,21,20,6,14,20,11,21,15,15,16,30,19,15,10,21,9,22,14,20,14,16,9,23,18,9,19,14,9
Magef1,0,1,3,4,3,2,1,1,2,1,6,8,7,2,2,5,3,3,2,2,0,7,4,3,3,2,2,3,1,1,6,1,2,3,3,1,2,3,3,1,3,4,2,4,2,4
Mageh1,17,6,12,28,16,9,14,13,23,13,11,29,10,12,17,17,22,53,11,17,7,32,18,3,16,12,14,19,14,16,9,17,8,5,16,13,9,11,9,8,16,8,19,14,11,7
Magi1,8,4,3,8,3,5,2,3,10,6,10,4,7,1,8,5,5,3,8,2,2,4,10,3,2,1,5,10,4,5,3,4,4,3,4,8,3,5,7,5,6,3,5,4,2,2
Magi3,23,19,24,38,18,14,16,21,29,28,13,42,20,12,25,34,27,24,21,32,3,31,23,18,22,29,24,29,28,15,7,22,24,11,28,13,31,16,16,13,28,30,22,13,25,36
Magix,5,3,9,6,8,7,10,7,13,7,13,7,3,7,5,15,11,9,9,10,1,9,14,8,9,12,13,17,12,11,3,10,9,5,12,18,7,8,5,5,14,11,14,10,8,10
Magoh,13,4,23,16,7,10,18,7,10,8,12,22,8,12,11,15,18,15,26,12,1,10,23,10,10,9,11,15,21,9,6,9,13,9,15,9,6,10,8,4,22,5,12,7,8,14
Magohb,23,10,9,31,15,15,26,23,19,20,23,41,26,14,20,24,24,25,20,18,10,26,25,16,14,18,18,17,21,19,30,16,17,16,17,26,17,23,18,8,24,17,13,12,13,15
Magt1,108,62,98,93,119,145,157,111,203,126,143,262,126,112,162,129,149,113,149,136,69,141,180,92,109,144,123,174,159,149,118,152,127,85,130,115,97,107,128,62,172,118,104,90,94,103
Mak16,51,31,44,71,53,39,74,51,55,55,86,88,50,59,61,43,53,71,43,58,28,89,62,23,44,45,43,34,55,81,43,33,41,27,50,32,43,47,34,28,53,42,47,49,38,53
Mal,3,1,1,4,2,4,2,2,2,1,1,3,4,2,1,1,3,7,3,2,0,10,1,3,2,2,5,2,0,2,1,2,3,1,0,2,1,2,2,5,1,3,0,3,3,1
Mal2,44,18,32,39,50,33,59,44,51,34,51,83,26,34,46,27,39,57,37,38,15,57,63,32,41,47,46,48,48,40,48,40,62,13,55,56,45,39,41,18,44,55,31,34,21,27
Malat1,28,13,29,38,30,30,36,36,17,12,33,44,28,48,29,28,27,63,19,17,9,44,29,26,52,23,27,29,40,24,28,25,20,18,31,12,17,30,17,17,27,31,38,16,27,22
Malsu1,188,116,185,300,198,200,216,238,295,180,213,269,214,207,246,237,293,305,208,224,104,342,282,183,243,240,176,243,342,331,203,155,196,136,221,219,198,216,230,136,315,264,237,162,204,230
Malt1,9,6,8,12,5,11,11,8,11,6,2,13,12,6,16,16,9,9,6,8,9,15,5,9,14,8,6,12,7,11,10,5,12,2,16,6,12,10,3,7,11,8,15,8,15,10
Mamdc2,6,0,2,3,4,3,3,2,4,6,7,5,6,3,5,5,7,3,12,0,5,13,11,3,2,3,1,8,4,3,2,8,8,4,3,2,2,9,4,2,6,3,3,1,3,3
Mamdc4,3,2,5,2,2,4,1,2,1,4,5,6,1,1,3,5,3,2,2,2,1,0,1,1,2,1,2,3,2,3,0,0,3,2,1,4,2,1,4,1,4,0,1,2,1,1
Maml1,52,26,42,82,51,47,77,44,71,50,62,53,60,35,52,70,64,57,45,40,17,78,56,36,50,56,53,58,58,58,28,36,34,34,39,35,46,34,52,26,69,54,38,42,33,59
Maml3,18,8,19,17,12,7,22,5,10,9,14,18,12,4,9,20,12,19,8,9,3,20,12,8,12,20,9,13,13,11,9,3,7,5,10,2,7,8,10,7,15,8,6,6,6,3
Man1a,38,18,30,59,42,38,54,32,57,42,58,57,45,39,41,32,32,27,29,37,15,57,52,24,40,50,29,42,55,47,34,25,28,24,39,25,33,28,29,26,60,28,32,36,13,32
Man1a2,14,13,26,24,15,6,21,11,27,22,19,19,16,19,22,21,21,27,32,26,2,25,9,7,16,10,11,13,15,19,13,10,19,4,14,10,17,11,12,6,20,14,15,9,8,7
Man1b1,134,74,138,203,120,138,172,158,195,113,166,168,131,149,163,179,190,213,114,136,48,211,155,119,153,123,123,134,192,164,168,112,137,83,141,153,136,158,150,81,186,126,136,125,131,116
Man1c1,9,2,2,11,5,4,9,3,5,5,8,10,8,5,5,3,9,14,6,2,0,9,4,4,6,6,3,8,6,7,14,5,3,6,5,3,8,4,2,2,6,3,7,2,3,6
Man2a1,612,325,658,1004,857,748,713,600,1440,660,984,1068,923,809,836,1099,865,859,736,673,311,1253,831,571,730,785,881,747,935,918,643,486,884,489,663,714,644,624,837,456,1296,820,689,576,678,648
Man2a2,66,27,62,97,60,52,76,69,77,68,72,98,43,55,59,65,88,66,57,47,22,53,86,42,52,56,77,50,75,75,57,59,72,45,79,61,65,98,91,41,81,58,71,48,50,71
Man2b1,9,3,6,10,8,4,11,9,2,3,6,11,6,6,4,8,7,5,7,2,1,4,9,7,9,3,7,8,6,9,4,5,3,3,3,4,4,3,4,3,7,8,5,4,5,2
Man2b2,33,13,15,48,33,14,38,24,57,34,48,44,27,28,32,37,26,36,39,35,11,42,41,20,25,30,40,46,32,35,39,29,28,25,29,20,27,17,33,25,33,30,41,25,28,24
Man2c1,109,56,120,195,117,134,173,118,155,97,180,156,169,114,152,148,148,202,129,145,55,221,131,102,140,148,90,119,189,176,144,88,128,100,126,97,89,130,108,88,183,144,145,96,110,114
Man2c1os,11,5,15,14,7,17,9,7,14,6,16,10,20,8,16,13,17,13,12,11,2,18,13,8,10,13,14,13,14,27,15,14,8,16,11,15,12,7,22,1,16,8,10,7,12,8
Manba,51,14,41,74,35,54,54,48,66,42,66,81,39,39,39,78,54,88,38,48,17,79,70,24,44,49,42,53,75,48,49,27,39,22,55,34,27,52,49,25,63,33,54,22,46,60
Manbal,51,30,63,84,34,48,79,66,74,60,66,55,49,64,52,69,66,69,57,43,15,100,57,49,59,61,55,62,62,64,65,35,50,57,72,41,40,47,52,43,80,43,52,45,54,45
Manea,21,5,14,25,19,16,18,20,25,22,23,26,15,16,29,19,25,31,27,18,7,24,35,15,28,17,18,19,33,12,11,12,20,8,18,12,24,24,13,10,27,17,20,21,18,13
Manf,1,1,2,4,0,0,1,1,4,2,0,9,0,1,4,1,0,3,4,2,0,1,3,2,3,1,3,6,1,1,1,3,2,0,2,2,1,3,3,2,3,2,1,0,1,0
Mansc1,6,1,2,6,2,2,6,2,2,3,2,4,5,0,2,2,3,14,1,5,1,1,6,2,2,2,3,5,4,3,2,5,4,2,3,1,6,1,4,2,4,1,4,0,1,2
Maoa,6,3,4,10,2,3,8,15,4,5,6,7,7,2,4,4,2,15,9,4,2,7,6,7,5,6,3,6,6,3,7,3,8,4,3,5,1,5,3,2,0,4,6,3,5,6
Maob,542,280,560,726,476,620,626,570,791,641,575,685,608,653,772,762,702,520,618,570,218,799,855,604,600,597,538,771,1175,877,532,532,637,473,711,782,582,646,677,376,862,698,743,589,589,629
Map1b,2,1,0,2,1,2,0,3,1,1,1,0,2,2,2,0,3,2,5,2,0,3,2,2,3,3,1,3,8,3,3,1,0,0,2,2,2,0,2,2,3,2,1,4,2,4
Map1lc3a,339,121,192,346,120,202,261,208,309,277,480,389,210,257,268,352,358,335,358,278,82,343,305,175,219,207,215,346,231,246,218,217,283,240,335,172,190,256,235,173,405,234,183,174,180,221
Map1lc3b,376,204,399,614,393,430,468,397,792,390,579,471,489,381,497,675,645,606,473,368,157,647,452,277,435,461,374,486,561,495,358,265,391,291,485,392,369,430,423,254,660,397,479,309,351,435
Map1s,35,24,26,47,39,28,50,44,59,29,47,67,37,34,47,44,52,64,34,38,13,49,38,30,38,39,48,50,50,31,54,25,51,29,31,43,39,44,33,28,47,32,37,31,25,33
Map2,1,5,3,1,4,1,1,2,2,3,4,6,7,0,0,1,2,6,3,0,1,2,6,3,2,2,1,5,1,5,1,1,2,5,0,2,1,0,2,1,3,1,1,1,1,0
Map2k1,116,71,103,193,141,120,144,99,189,136,175,184,168,151,157,159,140,148,134,152,62,180,198,84,170,167,130,166,191,193,145,97,145,97,137,135,124,128,132,86,228,139,132,96,120,139
Map2k2,1136,498,976,1579,842,1240,1268,1184,1537,1074,1459,1589,1275,1169,1402,1618,1475,1985,1106,1157,436,1863,1394,820,1167,1234,1134,1263,1505,1286,1125,922,1217,803,1341,1170,997,1154,1280,732,1568,1271,1160,993,1060,1006
Map2k3,231,123,287,311,211,279,322,288,337,259,311,420,285,243,272,298,262,287,239,276,75,273,365,228,384,267,276,309,414,264,193,189,259,237,316,266,222,305,284,203,402,295,285,198,255,236
Map2k3os,6,4,12,14,3,10,11,5,20,6,10,14,8,9,5,9,14,11,6,5,3,12,19,8,12,8,3,12,10,13,2,7,3,5,12,5,10,8,10,7,5,9,10,8,4,4
Map2k4,91,56,84,142,91,94,115,99,137,108,116,141,96,108,116,137,128,135,116,87,23,178,95,73,106,101,110,117,135,94,100,89,109,53,91,82,95,85,105,54,114,108,126,62,93,94
Map2k5,89,32,82,125,60,67,69,90,90,74,84,70,77,98,100,107,91,113,78,68,27,126,103,58,72,74,84,74,85,107,58,53,72,51,82,78,47,70,78,37,114,74,86,77,64,77
Map2k6,11,4,3,13,5,9,5,7,15,16,5,18,17,8,10,11,17,13,11,9,3,32,14,8,10,12,10,13,25,9,8,9,15,5,5,9,10,18,7,5,8,13,10,8,12,12
Map2k7,132,87,117,194,108,98,153,118,134,132,194,154,120,88,132,158,120,170,149,92,41,174,120,86,101,83,97,109,117,171,126,87,96,99,99,82,87,112,105,56,117,90,77,68,97,102
Map3k1,7,4,3,14,10,4,4,8,11,6,2,6,6,2,4,6,4,6,7,3,4,6,4,2,9,5,8,3,9,3,1,7,9,2,4,3,5,6,6,6,4,7,6,3,1,1
Map3k10,4,3,2,5,0,1,2,6,4,3,0,6,2,2,1,4,3,2,7,4,0,4,3,3,4,1,2,5,4,4,4,5,2,3,5,4,4,4,2,2,3,2,3,1,3,3
Map3k11,90,53,81,126,63,80,84,86,91,55,101,113,92,68,80,96,100,96,96,63,30,98,67,58,81,86,89,98,97,76,68,49,75,61,81,75,70,75,91,50,89,67,92,57,65,66
Map3k14,15,15,19,21,28,25,23,22,30,10,35,30,17,18,23,21,20,40,15,15,10,26,19,12,21,24,23,27,11,22,35,12,15,15,18,15,22,16,24,5,23,18,13,13,17,10
Map3k15,7,3,9,10,4,4,6,3,5,6,11,7,2,4,3,4,7,7,1,5,1,9,8,4,1,4,4,4,3,7,10,6,4,2,3,4,3,6,9,2,11,4,4,2,6,4
Map3k2,7,2,4,13,11,5,14,5,6,11,6,5,7,3,11,14,8,12,7,5,3,7,8,5,9,6,6,5,8,7,1,4,6,1,4,3,9,9,8,2,3,5,5,7,5,6
Map3k3,42,14,24,47,29,38,28,35,38,24,38,42,21,20,31,38,46,40,29,19,10,35,26,18,25,19,26,24,27,23,48,22,25,24,22,11,9,27,29,14,35,16,25,14,15,14
Map3k4,60,35,69,89,79,82,89,101,96,71,91,106,69,73,67,117,106,90,76,77,30,97,102,75,100,109,86,73,111,93,98,56,67,44,74,67,54,81,65,56,126,81,84,52,69,76
Map3k5,77,30,65,103,57,71,76,44,93,48,104,62,81,76,97,77,115,117,76,59,22,103,85,47,54,57,63,75,72,90,51,36,52,24,58,48,31,56,69,33,82,47,42,50,52,57
Map3k6,5,3,13,31,18,9,15,7,23,13,19,21,29,19,11,7,19,85,12,10,3,49,11,8,15,6,17,7,13,4,8,10,6,7,6,10,7,8,7,6,13,5,5,5,7,10
Map3k7,69,45,65,87,67,73,66,67,89,56,93,92,73,78,99,81,91,90,82,66,24,120,79,42,63,69,64,75,84,87,58,52,81,40,57,69,51,59,78,44,91,56,65,51,62,60
Map3k8,7,6,11,9,6,8,18,10,18,10,15,9,4,4,12,7,8,9,11,7,1,12,3,3,7,7,10,8,5,6,13,3,4,4,12,8,1,7,9,6,10,7,7,2,3,5
Map4,139,51,82,175,125,90,166,154,168,139,143,177,140,113,119,155,193,217,122,128,60,157,166,85,98,119,136,107,152,131,166,85,115,106,120,100,84,117,87,66,143,116,119,101,119,115
Map4k1,1,1,10,5,4,2,2,6,1,6,8,6,3,1,6,8,6,8,7,1,1,13,4,1,1,1,4,2,2,2,20,2,4,2,2,2,7,3,3,0,1,4,2,0,3,0
Map4k2,17,12,18,31,20,16,23,26,24,28,28,34,20,19,25,29,26,30,24,11,7,31,25,19,14,14,17,14,17,12,19,15,24,18,21,19,17,14,18,6,15,14,20,6,19,19
Map4k3,52,28,43,76,46,46,62,58,76,61,65,79,43,53,73,71,59,89,70,44,23,79,57,34,54,47,45,63,67,62,57,31,58,20,36,47,38,57,38,29,63,41,40,34,38,64
Map4k4,27,16,17,38,18,19,33,37,18,24,32,17,20,23,23,25,30,66,28,16,7,58,19,11,13,15,10,22,14,17,22,14,15,16,16,17,20,23,15,10,18,17,9,5,11,21
Map4k5,21,9,15,25,33,18,31,22,32,26,39,25,24,23,28,36,18,30,31,25,9,42,17,15,23,20,13,20,20,39,13,18,16,8,21,14,12,13,21,14,19,20,13,18,17,18
Map7,90,56,91,154,111,103,115,101,128,104,133,125,108,90,119,128,143,161,117,101,50,170,139,88,103,105,83,137,107,120,99,88,108,76,108,95,100,109,124,74,173,106,98,83,90,102
Map7d1,215,98,234,271,279,213,214,268,391,166,289,395,178,150,201,204,282,249,213,252,101,276,231,132,215,184,293,199,227,255,363,135,186,154,181,144,139,221,215,121,294,190,178,151,154,162
Mapk1,82,54,94,118,78,98,100,72,99,98,114,112,100,94,117,120,113,97,101,85,47,102,101,68,102,97,78,85,108,141,83,63,100,56,94,81,92,90,86,61,141,102,88,75,88,78
Mapk11,0,3,2,1,1,5,9,6,7,1,4,2,2,3,4,6,4,5,3,1,0,6,1,1,1,6,6,3,4,1,7,0,4,5,4,1,4,4,3,1,3,2,1,1,2,5
Mapk12,19,8,12,17,9,15,23,9,30,20,22,20,11,15,18,31,33,30,14,13,5,20,18,10,14,13,15,14,23,20,10,15,10,10,12,12,7,13,14,6,14,24,14,10,14,19
Mapk13,2,3,0,2,2,2,4,2,7,4,4,3,5,3,6,2,1,6,2,3,1,6,2,1,5,4,0,2,0,1,4,4,0,0,2,1,0,4,4,0,3,1,1,2,3,5
Mapk14,241,101,224,269,195,234,258,216,478,247,284,372,332,316,299,323,346,279,258,248,91,304,337,181,288,263,269,329,381,288,228,159,241,169,251,242,240,270,299,161,434,272,250,169,227,301
Mapk15,123,73,140,160,35,100,145,129,38,103,139,88,88,62,107,214,142,40,152,101,23,38,112,122,101,133,76,147,99,107,153,124,149,137,147,117,69,139,103,74,150,111,105,72,96,83
Mapk1ip1,79,27,71,161,62,57,93,75,84,54,119,88,79,56,84,81,111,151,50,43,18,134,66,41,82,53,57,63,104,76,67,47,54,48,66,68,61,70,59,35,95,65,74,49,48,51
Mapk1ip1l,61,32,53,79,70,54,74,50,82,64,64,73,81,57,74,74,81,83,79,81,25,55,85,41,67,70,70,83,85,88,70,56,70,36,61,59,60,57,80,46,99,78,80,57,72,66
Mapk3,225,81,165,292,159,146,190,207,236,213,250,202,205,149,213,233,267,319,185,181,57,250,189,120,158,197,130,198,216,211,240,146,145,145,165,169,121,164,160,118,195,168,169,125,166,188
Mapk4,2,1,2,3,0,1,2,0,0,4,2,0,4,5,0,2,4,3,2,2,1,6,1,0,0,4,0,2,1,0,0,0,3,0,3,0,0,1,0,1,1,2,0,0,1,4
Mapk6,14,13,18,28,15,22,30,19,37,20,24,35,26,24,29,25,24,34,26,23,8,34,27,13,24,26,28,26,30,27,8,12,23,11,31,24,15,21,20,13,28,28,18,19,19,20
Mapk7,14,9,13,16,12,7,20,11,11,7,23,21,14,11,12,11,13,23,15,4,5,28,11,3,10,17,12,7,9,8,23,7,9,20,12,4,6,10,9,7,15,6,11,10,4,10
Mapk8ip1,4,2,5,3,3,4,6,4,9,7,7,10,11,2,5,4,4,4,5,2,0,12,9,0,3,6,5,7,7,2,1,3,4,2,6,5,5,4,3,1,10,0,4,3,1,5
Mapk8ip3,67,31,42,73,35,47,61,61,72,50,83,108,79,39,58,53,47,82,66,43,13,91,46,30,32,50,46,39,46,43,53,30,44,60,49,36,27,57,62,25,52,49,46,32,33,53
Mapk9,101,54,105,176,107,106,174,130,158,117,157,135,142,118,159,161,184,178,160,110,73,208,173,102,159,127,101,133,189,158,170,117,176,122,145,149,137,137,177,84,219,155,145,90,130,143
Mapkap1,68,26,64,91,110,80,90,74,150,92,119,116,99,77,84,100,109,140,85,88,41,132,103,60,98,110,92,97,123,133,106,69,120,78,99,81,79,101,96,60,143,100,87,79,93,64
Mapkapk2,326,204,345,536,282,345,440,435,361,309,408,464,327,394,416,452,446,544,348,266,130,505,352,238,357,305,310,363,394,459,520,288,323,328,360,361,258,338,333,219,429,313,320,252,320,289
Mapkapk3,19,12,12,39,26,13,33,23,32,13,41,25,21,13,29,32,30,27,20,17,6,44,19,15,25,24,15,23,19,32,32,8,21,16,15,19,20,15,21,5,24,20,27,19,22,19
Mapkapk5,185,78,183,217,88,181,161,150,171,170,240,216,198,161,215,207,226,193,184,165,55,167,189,141,168,171,171,171,193,179,162,130,156,122,184,169,127,165,200,105,198,167,171,114,166,157
Mapkbp1,8,10,11,25,17,18,26,13,14,14,25,23,20,17,12,19,20,23,18,15,4,35,19,15,21,14,18,19,19,18,20,5,20,12,13,12,5,20,15,12,29,10,9,10,11,9
Mapre1,28,14,22,31,24,25,28,16,42,36,37,35,20,24,24,30,41,63,31,33,10,33,29,15,24,34,26,22,29,28,27,16,23,11,26,21,15,30,27,12,28,27,23,11,28,13
Mapre2,14,10,11,23,15,11,22,15,16,12,19,28,16,16,18,11,17,24,18,10,7,25,14,5,10,15,23,16,19,9,14,8,7,16,11,15,11,14,9,6,14,4,6,6,11,13
Mapre3,82,31,56,106,43,50,109,62,53,57,97,72,65,69,66,94,103,98,77,88,14,87,76,55,67,59,68,81,62,62,107,66,60,64,77,109,45,72,74,52,106,59,86,61,62,77
Mapt,6,1,2,14,3,3,5,3,5,5,4,2,7,2,4,6,2,4,1,1,0,4,4,0,4,1,0,2,8,5,1,1,6,0,1,0,1,4,3,3,7,0,3,1,4,4
Marc1,1741,941,1675,3280,2104,2356,2432,2165,3319,2141,2451,2176,2724,2492,2863,2804,2264,1707,1878,1927,975,2561,3328,1800,2820,2772,1955,2587,3592,3255,1693,1967,2489,1411,2547,2569,2631,2466,2551,1507,3511,2720,2667,1772,2256,2631
Marc2,2617,1338,2581,4204,2370,3066,3316,2962,3662,3126,3590,3549,3449,3513,3743,4324,4100,2972,2834,2654,1201,3657,3795,2383,3582,3146,2763,3417,4964,3881,2843,2205,2931,2299,3217,2959,2520,2959,3824,2086,4587,3496,3221,2641,3059,2665
March2,217,81,167,286,205,271,236,242,329,252,282,261,242,229,315,348,354,302,250,212,116,334,350,167,254,294,221,283,344,369,311,148,245,169,268,219,210,278,297,170,372,268,251,175,222,246
March5,83,34,54,104,57,61,73,55,78,68,112,81,60,82,95,107,102,75,79,69,28,122,73,41,59,68,61,88,69,82,53,56,71,36,58,54,34,57,69,34,87,46,74,44,60,58
March6,80,34,76,136,74,100,84,61,164,108,112,135,106,114,129,114,123,105,93,74,48,117,115,68,100,102,93,98,138,136,74,67,81,51,96,85,72,74,95,43,105,79,91,76,63,71
March7,15,8,17,20,11,11,13,9,19,9,11,12,11,9,17,21,19,13,10,9,4,25,12,3,14,9,13,16,10,8,5,3,4,5,11,5,7,9,11,6,7,8,7,5,10,3
March8,359,170,301,515,287,358,375,386,371,347,482,423,421,351,402,527,501,387,413,317,155,430,441,308,387,350,278,407,394,385,298,321,445,233,421,451,304,367,407,258,577,409,396,323,335,373
March9,5,5,1,8,1,7,5,3,3,5,1,11,3,3,2,11,9,12,3,3,0,9,2,2,4,6,0,2,3,4,2,4,3,2,3,1,4,4,3,1,7,2,4,1,0,3
Marcks,2,2,5,12,7,3,9,6,8,8,7,7,9,4,7,3,7,12,3,3,1,14,9,3,2,4,3,0,12,6,3,3,7,1,1,1,3,6,4,2,2,4,5,9,1,4
Marcksl1,36,19,27,38,16,19,38,30,30,25,40,35,20,7,30,33,33,33,31,20,4,12,37,8,18,19,14,22,21,24,34,13,17,24,16,15,21,15,13,11,23,19,19,17,21,33
Marcksl1-ps4,38,21,35,44,15,32,56,19,20,37,53,26,17,23,43,55,60,5,53,32,8,27,35,24,26,25,29,43,41,38,36,20,25,23,38,27,23,25,26,14,25,35,24,23,25,26
Marco,44,33,88,199,232,68,131,415,70,50,141,134,84,38,157,95,116,392,29,82,63,287,72,49,140,35,289,42,42,86,557,36,43,119,43,29,57,61,62,27,53,57,151,101,42,154
Marf1,61,32,67,98,42,53,53,54,63,61,93,91,59,47,55,71,69,46,63,59,17,30,43,42,49,57,65,49,50,61,33,47,44,42,74,48,48,45,64,39,72,58,59,68,56,46
Mark1,3,2,3,2,2,1,3,5,3,2,2,4,1,5,3,2,6,3,4,5,1,5,3,0,2,2,1,3,3,1,0,0,1,0,3,4,1,2,3,0,3,0,2,2,0,2
Mark2,16,22,26,44,28,19,20,32,30,19,36,32,19,17,20,23,19,43,39,25,8,34,26,10,17,31,28,29,17,29,29,18,28,20,22,19,13,18,26,11,25,22,17,7,11,23
Mark3,130,90,141,201,100,135,163,159,197,151,166,203,140,127,158,201,172,187,125,129,45,183,164,117,149,137,119,153,172,143,150,109,152,129,177,134,100,137,133,110,193,155,117,97,136,134
Mars,364,173,298,548,322,313,364,356,471,311,497,506,342,299,371,586,673,405,434,333,178,529,412,294,384,399,355,350,303,433,258,270,435,229,341,352,329,333,370,250,538,404,339,348,309,343
Mars2,4,1,8,4,7,2,7,4,7,6,3,6,11,4,5,1,4,6,6,2,0,7,9,3,5,0,6,3,8,9,6,8,4,3,1,2,4,5,2,3,5,3,6,5,7,3
Marveld1,122,86,128,180,105,150,176,172,192,157,177,201,149,168,172,220,185,168,181,158,52,110,201,134,150,128,190,183,220,169,140,107,134,101,145,159,137,195,180,124,210,158,156,104,160,149
Marveld2,73,48,54,142,93,75,108,74,112,79,84,96,64,52,55,79,107,143,77,63,28,169,80,29,62,62,51,55,75,58,49,43,82,41,57,42,53,61,28,37,73,32,56,37,47,63
Marveld3,2,1,1,3,8,1,1,7,4,4,5,6,5,2,1,3,0,11,1,2,0,6,2,0,3,2,1,2,2,7,1,1,3,4,5,2,1,2,3,2,6,2,1,2,1,0
Masp1,12,8,15,23,21,18,12,27,30,15,8,30,22,10,14,10,17,20,5,7,3,17,17,4,15,18,21,7,16,20,14,6,13,5,17,12,13,12,13,2,16,11,14,12,13,4
Masp2,1039,551,1001,1573,1398,1312,1585,1503,2028,1192,1566,1690,1342,1175,1485,1440,1531,972,1215,1283,548,1365,1706,1035,1776,1557,1288,1520,1829,1688,1126,967,1468,879,1400,1177,1153,1424,1391,908,2046,1481,1452,1061,1245,1201
Mast1,8,1,4,10,2,4,13,7,7,3,3,14,9,7,5,10,6,4,6,6,2,2,8,2,7,4,3,5,7,4,3,4,7,5,4,4,4,5,3,5,3,6,9,2,3,4
Mast2,68,49,59,109,86,55,100,104,87,63,80,102,86,64,77,98,82,204,74,60,39,143,75,46,62,75,69,80,88,100,98,43,72,61,74,62,56,71,61,44,109,58,63,49,56,78
Mast3,108,61,114,192,118,79,134,162,139,125,117,139,131,136,111,121,106,84,95,82,33,128,165,101,151,168,103,118,154,106,61,70,145,100,108,104,90,111,115,92,203,143,130,109,88,116
Mast4,7,4,5,7,4,3,8,10,10,11,7,8,9,9,6,4,7,7,3,6,2,9,7,7,1,10,6,7,8,8,2,6,8,7,8,7,6,14,2,1,6,5,16,4,5,5
Mat1a,12223,6499,14791,17466,13193,15252,11689,10770,28367,13216,15975,18928,19500,19198,17653,18025,19007,12596,11945,12732,6494,22734,15734,11291,13125,14751,14369,12668,22693,15790,8808,9710,14480,10971,14758,14745,11797,11389,16357,8003,17116,12779,13837,13187,14817,12387
Mat2a,346,158,358,519,392,332,335,337,325,293,438,329,355,314,419,411,491,784,333,349,140,657,375,210,304,302,309,387,331,473,421,215,298,236,320,293,190,288,381,192,506,336,361,287,291,317
Mat2b,86,24,77,179,67,87,111,76,133,94,108,101,110,105,91,139,138,143,102,103,41,190,126,68,113,101,103,130,144,130,78,73,68,59,113,97,86,83,103,55,128,115,95,66,78,102
Matk,6,3,4,5,8,3,2,9,2,2,12,4,4,3,5,1,4,20,4,6,6,20,8,5,5,1,2,4,9,1,13,1,2,6,2,2,3,4,0,2,7,2,5,1,4,1
Matn2,3,2,4,7,4,3,8,3,0,7,10,6,5,6,3,8,3,18,8,1,4,16,7,1,7,4,7,5,4,8,1,2,3,3,0,2,4,6,4,4,5,3,3,1,4,6
Matr3,39,13,25,70,33,40,48,30,29,36,42,53,41,39,42,38,44,59,35,32,13,48,49,19,34,35,28,37,59,33,20,24,25,16,34,10,18,37,26,17,27,25,40,16,15,22
Mau2,10,4,5,14,4,10,8,5,6,4,10,14,3,4,8,11,12,10,4,7,3,14,9,4,6,11,8,9,6,3,2,4,4,4,7,6,2,2,2,1,9,1,9,3,3,1
Mavs,243,136,242,321,213,217,292,285,506,297,302,407,305,274,347,283,283,241,293,260,82,317,418,222,256,249,273,241,391,330,223,219,275,232,237,278,255,292,295,190,360,313,286,204,267,283
Max,95,50,103,127,69,80,106,99,99,79,127,161,98,98,97,98,96,143,90,77,30,158,103,60,75,65,75,77,88,107,100,56,82,50,74,87,66,62,91,47,120,83,85,54,64,80
Maz,20,11,18,42,12,11,26,19,25,20,40,37,23,20,19,31,18,30,28,14,10,36,30,12,10,14,31,35,29,20,18,20,18,27,22,26,25,21,23,5,16,13,19,18,9,11
Mb21d1,2,3,3,2,4,4,7,6,1,4,4,4,3,1,0,5,4,6,3,3,0,4,1,0,3,0,3,3,4,6,13,4,1,1,3,1,3,7,2,1,3,2,3,0,1,1
Mb21d2,62,23,50,65,79,77,61,52,101,43,71,71,71,74,46,70,83,58,54,87,32,61,64,44,50,61,74,70,71,92,63,43,47,23,56,61,52,35,67,48,94,55,79,52,80,48
Mbd1,59,62,68,134,102,85,129,86,124,97,116,131,148,97,116,113,118,91,85,80,40,107,150,86,140,95,92,132,125,158,99,70,123,68,100,88,81,89,107,66,223,134,135,78,89,99
Mbd2,318,192,299,536,398,335,427,390,438,360,418,431,417,324,402,441,417,650,367,329,138,605,459,231,443,334,344,324,422,438,364,241,387,201,386,295,335,310,335,213,516,339,354,264,295,322
Mbd3,493,240,453,621,307,451,502,520,588,455,569,744,387,502,521,637,647,763,430,464,135,791,494,330,441,438,479,471,578,440,489,394,436,395,560,514,454,515,419,304,643,481,487,339,425,407
Mbd4,1,0,3,3,3,1,5,2,7,1,1,1,2,1,4,1,1,4,1,2,1,3,2,4,4,0,1,1,8,3,1,3,1,4,5,1,0,4,2,0,5,4,3,0,1,0
Mbd5,7,0,5,12,9,3,9,10,9,3,8,9,10,3,10,9,8,15,4,4,3,10,13,3,8,8,4,4,10,9,5,2,7,5,3,3,5,2,9,5,6,2,6,3,1,3
Mbd6,82,43,82,123,61,79,83,79,109,86,119,114,88,80,95,99,106,113,66,67,20,115,94,59,81,80,82,88,92,85,54,62,65,61,58,61,51,47,71,55,96,55,76,49,60,71
Mbip,16,3,6,11,21,7,19,16,19,13,18,18,16,12,20,17,16,25,22,7,4,19,13,9,14,13,9,13,24,14,11,8,9,4,10,8,10,13,17,7,16,7,5,6,17,15
Mbl1,1400,718,1986,2189,2029,2519,1720,1870,2976,1461,2325,2320,1480,1603,2160,2143,2431,738,1630,1795,838,744,1639,1159,2071,1926,1833,1933,2025,2585,1439,1071,1728,865,1830,1238,1385,1808,1853,1042,2556,1841,1651,1474,1446,1477
Mbl2,4049,1934,3936,5417,4761,4306,4584,4353,6982,4099,4889,5826,3795,3782,4736,5827,6244,3263,3846,4480,1988,4357,4752,2903,3207,3509,5158,4562,7466,4887,4084,3183,3891,3651,4640,3827,4920,4460,3984,2131,4176,3327,4478,3835,3604,3388
Mblac1,3,3,7,20,5,9,4,3,8,9,2,13,18,9,6,3,11,10,6,5,1,13,6,7,3,5,10,9,11,7,8,6,6,7,5,6,4,5,6,3,5,11,9,3,8,9
Mbnl1,27,20,21,47,34,29,55,28,27,45,49,57,32,47,39,37,33,39,40,31,13,50,42,33,38,30,37,53,46,36,16,26,45,6,35,32,22,35,29,23,30,28,25,16,25,29
Mbnl2,28,13,24,43,39,34,33,45,46,46,37,39,29,43,42,47,43,40,48,29,13,47,52,31,33,38,26,49,39,40,27,24,25,8,19,34,31,28,27,18,37,33,31,28,20,21
Mboat1,4,1,1,4,0,3,4,1,1,0,5,3,4,2,2,3,6,5,2,2,1,4,4,0,0,5,0,3,3,2,0,1,2,4,3,2,2,2,3,3,3,0,3,0,0,2
Mboat7,230,112,236,360,199,218,259,270,306,248,326,298,282,253,269,332,318,301,280,235,79,282,271,158,242,239,254,278,334,316,233,181,229,206,265,271,203,250,287,192,343,295,248,177,238,234
Mbp,10,6,8,10,7,11,12,12,3,9,7,8,7,11,8,9,5,19,6,6,3,15,6,1,8,10,6,4,8,6,17,8,8,8,3,5,5,11,7,3,6,8,8,3,4,5
Mbtd1,60,25,49,92,41,34,40,42,51,43,50,46,35,35,41,72,56,67,44,27,12,67,41,27,39,34,30,53,45,45,36,30,30,15,41,29,33,32,28,24,41,31,38,26,56,36
Mbtps1,186,109,203,372,185,216,257,230,298,199,317,294,233,214,242,303,298,236,209,187,85,340,219,166,178,235,172,209,242,221,214,179,199,138,210,222,205,219,212,131,339,217,187,162,167,157
Mbtps2,4,1,3,11,1,4,8,3,6,6,5,7,5,8,10,8,7,4,3,6,4,9,7,3,7,7,6,6,9,13,1,4,7,1,4,4,4,7,3,0,3,3,5,2,5,4
Mcam,10,2,9,18,4,6,17,12,10,15,24,14,14,11,8,11,8,19,8,6,7,23,14,5,7,13,8,18,17,18,10,7,11,12,7,7,8,1,10,6,18,6,12,8,10,19
Mcat,116,49,89,137,72,118,103,110,112,120,117,142,120,80,131,145,160,158,90,123,37,176,118,90,115,127,101,143,165,120,69,74,113,103,127,134,95,139,133,100,175,111,138,70,106,112
Mcc,86,39,67,94,72,71,64,54,83,90,71,61,68,54,66,126,103,75,71,58,30,94,71,37,65,53,48,51,68,77,60,55,74,37,58,71,54,50,65,30,104,47,71,49,44,65
Mccc1,140,77,140,207,129,175,191,181,174,154,172,189,190,195,174,187,168,156,145,153,75,182,241,172,212,166,126,203,284,228,148,159,187,148,190,192,201,182,212,116,265,179,180,158,180,139
Mccc2,148,79,136,242,125,174,187,165,195,192,195,255,175,163,181,219,191,152,183,147,74,237,209,141,233,165,161,195,248,222,141,143,196,157,179,186,141,158,182,106,235,203,204,145,161,157
Mcee,457,257,477,806,425,614,641,562,711,521,663,691,737,656,705,612,722,522,595,553,239,777,836,530,652,634,539,599,942,730,491,490,620,425,660,608,566,622,714,423,900,650,610,533,615,581
Mcemp1,0,0,1,6,2,3,2,3,1,2,3,0,2,0,1,2,2,3,2,0,1,4,1,0,1,1,2,0,0,0,12,1,1,1,0,1,2,0,2,0,0,1,1,0,0,0
Mcf2l,6,1,1,3,2,3,3,2,10,3,1,10,1,0,0,1,2,3,4,1,0,2,4,0,3,0,5,4,2,1,1,2,4,2,0,0,0,3,1,1,4,2,2,0,2,6
Mcfd2,936,413,798,1322,1184,886,1078,913,1695,1053,1106,1775,958,1094,1280,1301,1521,1650,1133,1056,500,1347,1471,677,1139,1189,1123,1294,1432,1395,1082,724,1013,536,993,871,845,1061,982,627,1391,987,1038,756,900,941
Mcl1,328,142,273,466,453,274,370,373,479,277,444,417,373,241,328,414,340,446,309,259,110,463,381,204,360,318,312,314,411,429,422,180,290,233,264,283,227,280,276,174,477,284,323,256,226,232
Mcm10,220,77,166,318,93,324,223,175,117,202,371,168,194,193,276,566,295,194,272,249,92,211,386,178,354,301,180,490,364,476,156,231,295,156,286,295,325,312,386,181,492,335,356,233,325,280
Mcm2,14,2,14,9,13,13,16,35,14,9,15,20,14,9,14,15,16,77,15,14,5,11,13,13,11,16,11,22,17,18,46,19,27,30,24,14,22,19,12,13,24,16,20,14,11,19
Mcm3,25,7,9,25,26,20,30,40,18,13,19,26,25,10,24,27,24,83,15,17,22,55,24,16,16,24,19,17,32,34,64,34,22,38,32,37,47,36,31,18,38,30,34,15,25,24
Mcm3ap,83,43,68,95,79,71,77,85,98,75,103,103,80,69,82,115,117,102,78,88,30,138,103,62,75,86,78,99,110,70,71,60,80,65,88,79,63,90,68,49,110,80,69,59,68,63
Mcm4,3,2,7,14,17,10,10,19,8,9,18,19,11,10,14,9,6,34,3,11,6,20,13,12,12,9,11,15,17,11,32,11,13,18,14,16,17,12,10,16,14,13,12,8,16,3
Mcm5,5,2,9,12,25,6,19,32,2,8,13,7,10,3,4,6,7,108,7,9,4,33,15,12,13,13,13,15,28,8,57,15,6,24,12,22,40,13,13,13,18,11,25,9,4,13
Mcm6,28,8,18,57,62,20,39,58,27,20,32,31,27,13,27,18,35,201,12,26,20,72,41,16,37,38,36,20,38,22,84,32,20,55,36,35,59,29,19,15,37,32,28,38,26,24
Mcm7,52,28,55,82,79,72,77,103,88,68,103,102,68,81,95,79,98,258,55,73,37,156,73,39,78,70,64,74,87,90,90,62,60,79,57,50,75,79,65,54,78,76,70,75,69,63
Mcm8,9,0,3,5,11,6,2,7,9,4,10,6,6,6,5,7,8,14,6,5,5,12,7,4,3,7,4,6,9,7,8,3,7,11,8,10,11,10,3,6,15,6,5,4,6,5
Mcmbp,18,10,16,15,14,12,18,11,14,14,15,22,15,24,16,13,9,17,29,22,7,12,17,11,11,9,13,14,11,15,8,7,7,8,11,12,8,12,7,7,9,9,13,7,11,6
Mcoln1,178,69,129,220,110,114,185,148,117,148,196,215,141,131,144,194,150,165,140,142,39,184,166,85,134,132,119,145,173,144,90,92,122,105,170,141,109,141,135,87,184,131,132,93,118,106
Mcoln2,2,2,0,3,4,2,4,2,0,2,3,2,1,0,3,0,2,8,0,1,1,6,2,0,2,1,1,0,0,4,5,0,1,2,1,0,2,1,0,1,1,5,0,1,1,2
Mcph1,6,1,4,2,6,4,7,5,4,4,6,4,6,4,3,8,7,6,5,5,2,8,9,7,4,2,3,7,7,7,5,4,4,3,7,8,6,7,2,1,5,3,3,3,7,5
Mcrs1,18,4,7,26,9,8,15,25,22,21,30,23,15,20,28,9,19,21,15,11,4,29,10,18,15,16,17,16,37,12,20,10,9,18,19,15,11,20,10,8,20,10,16,4,23,17
Mctp2,1,2,1,7,4,0,4,4,1,3,1,4,7,0,1,6,5,3,3,4,1,5,4,1,1,2,1,3,2,1,1,2,3,0,3,1,3,3,1,3,1,1,5,1,2,3
Mcts1,41,12,28,39,31,47,37,27,28,35,45,40,29,35,29,25,35,21,28,39,11,41,43,23,40,26,31,31,38,46,17,30,33,21,37,25,22,24,22,13,40,25,28,25,23,26
Mcts2,33,11,37,41,21,34,37,41,45,29,41,56,44,31,49,28,26,43,26,35,17,40,38,33,56,35,36,44,39,39,34,29,34,13,40,39,40,32,51,28,47,51,41,26,40,35
Mcu,55,27,33,65,16,51,64,43,48,52,46,60,55,46,47,49,64,73,40,51,16,66,51,34,46,41,49,53,47,55,40,37,43,39,50,46,37,55,47,37,51,40,46,45,49,30
Mcur1,86,44,75,144,83,101,119,98,177,101,145,145,113,114,119,129,125,131,82,97,52,159,136,64,118,114,84,100,163,146,120,95,135,82,104,109,119,119,154,72,202,119,103,97,114,112
Mdc1,10,5,9,20,10,13,11,20,10,9,11,19,9,7,8,22,13,30,12,10,2,13,19,9,19,6,10,13,15,12,16,5,7,9,13,12,10,10,8,8,9,7,11,12,9,6
Mdfi,2,0,1,1,2,1,5,6,4,2,5,2,4,2,6,3,6,7,4,0,1,5,4,1,3,2,4,2,5,1,4,1,6,6,0,0,3,11,2,1,2,0,2,1,1,4
Mdfic,7,5,9,25,12,13,10,8,13,14,21,21,12,12,16,18,17,22,18,10,11,19,22,7,5,19,15,20,13,16,14,7,15,6,5,4,12,17,14,4,13,6,11,13,7,13
Mdh1,2988,1602,2811,4161,3237,3650,4287,3620,4512,2973,3271,3630,4521,3874,4124,3997,3531,2977,3802,3286,1752,4717,5331,3523,4124,4142,3221,4172,6105,5351,3823,3387,4088,2839,4391,4924,4301,4150,4952,2972,6316,4870,4795,3508,4229,4422
Mdh2,924,453,819,1486,1083,868,1218,1093,1268,997,1064,1366,1169,1197,1188,1367,1305,2068,928,992,485,2154,1442,829,1030,1156,845,1276,1474,1245,957,823,1140,872,1104,1272,1056,1155,1255,706,1698,1147,1166,942,957,1016
Mdk,11,4,5,7,4,8,17,12,4,10,14,7,15,5,8,8,12,9,8,5,0,6,11,7,6,12,12,11,8,13,8,9,7,15,5,11,7,6,4,4,16,4,4,4,4,10
Mdm2,123,50,63,131,74,79,102,76,85,105,129,143,88,91,122,97,106,154,95,81,36,143,94,52,83,87,96,84,93,113,91,58,79,81,75,88,70,84,90,56,121,70,84,54,63,74
Mdm4,73,34,60,104,57,62,80,60,70,62,71,79,68,46,44,72,74,115,67,35,15,103,48,40,57,75,56,37,55,58,46,27,58,28,46,57,51,60,64,44,74,44,63,29,45,49
Mdn1,22,35,39,32,25,22,28,31,29,23,19,45,29,23,31,34,34,40,21,28,14,54,32,13,29,21,27,23,30,28,30,16,18,21,14,24,16,18,17,10,35,17,18,29,18,22
Mdp1,89,40,81,91,74,72,70,96,81,62,101,132,67,70,65,98,73,93,80,85,31,87,96,64,75,73,70,76,101,111,102,67,91,76,83,69,59,77,86,47,129,90,84,70,86,74
Me1,314,141,246,374,207,144,1008,645,179,209,241,149,357,294,263,390,383,276,420,285,170,254,1633,807,268,342,101,421,298,376,478,586,518,666,638,1713,629,900,444,476,572,497,959,462,501,738
Me2,9,4,10,20,11,4,19,10,8,4,19,11,7,14,17,7,13,15,9,9,2,14,12,3,15,9,11,4,8,6,22,2,9,13,4,11,9,5,4,3,13,9,6,1,3,11
Mea1,140,79,148,253,114,157,223,193,246,200,233,262,176,183,251,234,240,262,185,172,59,280,216,136,178,175,205,224,258,233,182,175,219,147,170,197,142,179,212,127,256,180,171,120,200,193
Meaf6,31,14,29,41,32,33,43,33,61,36,49,49,40,34,32,48,48,48,31,28,16,49,55,29,44,33,39,24,43,40,41,27,37,22,33,26,27,29,23,26,44,38,26,21,37,36
Mecp2,27,11,31,62,23,27,29,19,33,27,47,31,29,22,28,41,37,50,30,24,18,56,41,13,21,23,26,21,35,33,24,16,26,16,24,25,22,30,18,16,27,19,22,22,21,26
Mecr,96,33,69,121,93,85,138,114,137,88,145,145,111,106,115,157,144,115,120,128,53,121,112,74,129,131,107,164,196,161,91,101,113,84,112,114,87,135,123,79,185,130,111,102,114,113
Med1,57,26,63,100,63,63,70,70,84,70,99,89,63,48,66,96,69,67,49,54,26,67,80,39,54,48,54,61,76,62,64,45,45,43,55,43,51,45,55,31,72,44,62,44,40,52
Med10,128,74,132,201,138,130,173,163,194,111,179,172,129,125,142,154,146,233,134,110,55,257,163,113,144,147,114,109,171,136,149,93,132,84,122,110,112,138,132,73,156,128,131,86,111,117
Med11,59,29,71,91,41,61,68,65,84,54,71,84,68,59,63,68,92,85,77,55,20,103,78,47,76,58,53,81,80,57,54,57,61,58,49,62,56,69,57,37,94,59,76,40,52,64
Med13l,37,13,33,67,43,39,32,32,39,39,36,39,26,30,33,62,45,44,37,23,6,51,36,28,28,29,26,24,32,33,39,25,22,18,19,29,31,23,29,15,26,24,26,27,22,21
Med14,4,8,7,15,15,3,8,8,13,11,11,10,12,12,11,7,13,13,12,11,3,19,12,5,10,10,9,10,14,6,4,4,4,1,13,6,7,6,5,7,6,5,7,4,4,10
Med15,64,26,57,94,52,67,81,77,75,60,92,83,48,78,95,70,63,112,63,53,10,143,66,53,49,43,59,67,58,57,68,42,54,57,59,58,41,68,53,33,88,48,46,41,35,47
Med16,88,29,86,130,81,69,108,89,111,56,103,130,78,63,70,122,128,122,81,75,18,124,96,49,73,89,83,73,104,79,74,48,69,48,83,67,56,65,79,40,101,64,64,47,60,64
Med18,6,1,4,10,3,4,8,3,8,8,6,6,4,5,5,7,9,12,2,2,3,10,9,2,4,5,6,6,9,10,6,1,5,1,2,9,5,6,6,4,6,2,3,3,5,4
Med19,24,19,22,48,50,27,40,29,41,40,38,58,45,34,46,45,42,40,46,31,12,39,39,28,27,39,33,59,48,40,21,34,44,26,37,30,35,39,37,20,59,51,39,23,31,34
Med20,42,28,41,71,34,54,57,57,45,48,44,76,47,59,56,50,53,54,39,34,17,74,53,22,51,62,46,36,55,61,42,30,48,38,28,32,41,39,30,22,74,25,59,29,27,37
Med21,4,0,3,2,4,3,5,6,5,6,5,9,7,5,4,7,8,3,6,3,4,5,3,5,5,5,3,1,6,5,12,4,8,5,7,5,2,3,2,3,10,6,6,2,2,4
Med22,95,39,93,128,71,81,85,82,113,82,100,155,99,78,93,99,93,139,59,74,30,117,106,61,85,96,93,92,114,97,70,75,67,78,104,71,74,89,80,46,126,67,101,67,72,90
Med23,23,21,25,36,38,17,26,23,35,35,30,38,36,25,29,25,36,31,31,28,12,48,34,17,33,29,28,22,32,33,35,26,34,18,29,23,23,30,27,15,39,31,33,13,25,27
Med24,19,14,31,41,27,22,37,24,44,39,34,48,35,25,34,33,34,52,26,25,12,31,39,19,32,37,22,45,30,27,17,27,38,23,36,34,21,32,40,13,44,33,37,23,26,32
Med25,195,105,194,314,162,199,244,204,323,194,315,291,199,220,266,250,273,328,182,206,55,342,202,131,197,225,219,251,262,233,186,155,212,139,218,159,142,204,183,115,256,164,213,169,171,170
Med26,35,15,25,39,23,21,37,21,32,20,38,33,34,37,23,24,37,36,24,24,7,32,37,19,33,26,33,23,41,51,20,14,27,15,31,22,23,25,27,14,35,17,33,24,33,22
Med27,31,25,39,48,48,44,34,48,49,23,41,91,50,58,37,48,52,50,39,40,22,48,54,22,42,26,37,33,49,37,58,34,46,32,49,24,32,30,49,31,65,39,36,41,37,45
Med29,7,4,9,16,4,8,6,5,14,5,12,14,14,10,10,12,8,12,8,10,6,10,7,1,7,7,8,5,6,9,10,5,3,7,10,9,3,5,3,5,11,4,11,5,5,2
Med30,43,26,31,77,39,39,67,47,57,38,67,47,55,50,54,61,65,93,43,41,22,86,63,34,61,61,49,54,88,65,49,38,61,34,52,45,43,51,68,21,56,43,61,36,49,39
Med31,22,13,24,38,22,28,29,29,37,27,40,54,20,26,23,32,31,43,24,23,8,51,33,15,29,21,25,34,28,34,15,24,18,23,34,20,21,27,28,19,37,21,28,34,22,20
Med4,73,28,65,88,54,79,81,59,87,57,90,84,84,50,92,91,77,98,64,65,27,94,71,31,59,71,69,75,84,93,48,40,68,37,71,83,50,49,71,30,99,57,56,40,50,42
Med6,41,26,39,46,36,34,39,45,64,47,64,53,47,47,47,46,54,60,57,37,23,56,63,47,51,43,38,29,49,35,38,17,51,32,42,41,37,42,42,16,62,38,38,28,24,35
Med8,195,113,189,251,225,220,237,254,377,213,294,351,289,222,273,265,247,355,193,218,114,410,331,190,271,252,242,296,363,333,280,205,249,179,232,249,235,211,276,168,348,258,276,184,204,226
Med9,7,7,3,12,3,4,6,8,3,12,15,12,2,10,9,8,8,2,7,4,2,8,7,5,5,7,7,6,8,8,2,1,5,1,6,8,5,7,9,4,14,8,3,8,1,7
Medag,1,0,3,2,0,1,0,1,2,0,1,0,2,0,0,1,2,0,2,1,0,2,6,1,0,1,1,1,0,1,1,1,2,2,2,1,3,2,0,0,1,1,2,2,2,1
Mef2a,55,28,42,76,56,53,61,57,58,53,61,65,63,45,48,66,69,69,42,44,23,94,49,32,53,47,34,55,68,49,54,42,60,25,45,43,29,32,46,32,57,37,43,39,29,40
Mef2d,7,5,10,16,6,9,8,2,13,9,5,5,6,5,8,9,11,16,7,4,1,13,6,5,7,3,9,4,9,2,3,8,7,8,9,2,2,6,2,2,6,4,1,5,5,2
Mefv,1,2,3,5,7,2,7,9,4,4,3,3,5,0,4,5,4,6,1,3,0,4,3,4,2,3,7,4,1,3,15,1,0,3,0,0,1,1,0,1,1,4,2,0,1,2
Meg3,5,7,8,32,7,6,4,5,8,2,9,12,3,3,10,9,8,9,0,16,0,5,4,5,4,7,35,16,7,36,2,1,5,3,1,3,2,9,7,3,5,6,5,3,7,10
Megf8,17,18,24,41,24,14,26,30,37,27,35,45,27,23,23,26,38,40,26,19,3,28,34,11,23,22,17,20,16,33,27,15,19,16,21,24,10,18,12,10,37,20,25,18,13,14
Meig1,8,1,11,4,1,0,4,4,0,5,18,2,2,2,7,10,21,1,8,3,3,3,7,1,2,2,0,6,0,2,1,1,5,2,2,2,2,2,5,3,4,0,2,2,3,2
Meiob,3,2,0,11,3,3,5,12,4,3,10,4,2,1,1,7,9,12,8,2,2,13,8,2,5,3,5,2,7,3,4,4,0,1,4,3,4,6,2,2,3,5,4,3,3,4
Meis1,10,1,8,16,17,15,14,14,10,6,5,12,4,6,15,6,11,17,13,14,2,17,11,3,12,15,7,14,4,5,4,3,6,3,9,10,5,14,11,11,13,7,8,9,8,6
Meis3,1,1,6,12,5,3,8,9,3,2,7,4,4,2,5,7,3,12,5,3,0,3,2,4,4,1,3,7,6,9,9,1,1,5,3,4,2,6,4,4,2,2,5,5,2,1
Melk,1,0,0,1,2,0,1,2,1,1,1,0,2,0,0,0,1,6,0,0,0,1,0,1,1,0,0,1,1,1,7,1,0,2,0,0,2,0,0,2,0,0,0,2,1,0
Memo1,141,61,111,171,128,103,108,132,212,169,145,239,153,169,157,163,169,245,145,105,46,264,178,101,171,127,149,167,196,159,124,124,151,88,160,109,132,148,118,106,188,184,136,76,113,159
Men1,89,73,81,107,47,108,107,100,142,115,112,206,107,75,102,115,125,101,106,100,31,87,122,71,91,133,99,115,143,97,96,63,90,86,116,101,81,99,99,61,130,88,93,67,93,88
Meox1,1,0,3,5,2,1,6,4,4,2,6,8,2,5,2,3,1,6,1,3,1,3,6,1,3,2,3,3,6,0,3,1,4,1,0,4,4,3,2,1,2,4,1,2,1,7
Mepce,184,85,130,233,116,167,184,136,169,136,211,173,173,170,156,237,204,208,142,125,57,213,159,96,132,152,149,151,201,182,144,126,150,89,149,175,112,140,136,72,224,143,153,125,151,124
Mertk,5,2,2,4,1,4,5,1,0,5,9,5,4,4,3,6,2,9,5,3,0,6,3,3,2,4,5,9,3,4,4,1,1,3,1,0,2,3,6,0,2,2,4,5,0,1
Mesdc1,4,3,5,2,2,3,7,6,0,6,5,4,1,1,5,2,2,6,2,2,0,8,2,5,3,1,3,2,1,1,8,1,1,5,4,3,3,3,5,4,2,2,2,1,3,3
Mesdc2,2,1,2,2,2,1,1,1,2,1,2,6,1,2,5,5,3,0,0,0,1,0,8,1,2,0,3,2,3,1,1,1,2,2,1,2,1,3,1,2,4,3,1,2,2,0
Mesp2,3,2,2,6,2,2,1,2,0,4,2,2,0,1,1,5,4,3,3,9,3,1,4,2,2,3,1,2,1,1,2,2,2,1,0,2,1,2,4,2,2,6,3,0,5,3
Mest,12,3,4,14,10,7,16,9,10,15,8,15,12,10,11,11,8,13,7,8,6,9,10,6,16,6,15,19,13,22,9,8,8,8,7,10,9,8,15,5,13,13,9,17,9,10
Met,45,23,32,61,42,40,51,36,98,53,49,81,61,40,51,75,48,44,31,56,17,59,52,13,43,48,39,63,62,62,26,38,41,10,40,40,28,42,24,23,39,28,30,26,41,34
Metap1,97,51,92,126,120,94,129,103,130,114,115,150,114,87,128,120,134,164,105,117,52,166,136,68,104,101,85,121,115,124,116,73,109,84,118,92,84,86,107,64,148,102,99,73,74,84
Metap1d,102,54,112,146,93,100,144,138,181,130,157,151,124,104,131,144,135,167,123,123,30,125,114,73,121,112,103,103,160,141,99,73,98,71,98,97,63,113,116,62,139,100,88,102,105,82
Metap2,26,7,10,29,14,20,19,10,27,24,26,25,26,12,17,29,31,29,24,21,7,31,29,12,17,23,17,15,13,17,17,12,22,8,23,11,15,10,15,13,36,22,11,18,19,13
Metrn,38,17,26,33,22,20,34,30,35,33,43,51,12,28,47,47,43,39,27,34,6,33,33,17,33,19,30,34,26,31,16,21,24,18,30,23,9,38,21,14,27,32,24,16,21,21
Mettl1,80,54,55,77,53,65,83,60,66,40,111,169,54,45,78,86,85,188,60,68,28,112,75,39,37,51,51,91,43,57,67,43,52,55,42,26,38,55,33,31,81,30,33,48,32,22
Mettl10,13,5,19,31,22,13,17,18,23,20,12,23,19,14,15,13,25,31,10,12,9,25,16,10,19,15,8,16,25,27,26,10,27,14,20,23,16,18,20,6,27,17,15,14,23,9
Mettl13,26,34,34,46,26,31,38,38,36,23,38,61,44,28,34,39,51,42,24,27,11,57,27,17,20,18,27,34,39,38,22,12,29,15,29,17,25,20,21,13,35,27,29,22,30,26
Mettl14,15,11,23,29,16,18,18,12,30,14,23,35,19,19,20,8,23,27,14,14,6,26,26,14,21,15,22,20,26,19,12,6,14,13,20,13,7,26,13,9,23,14,15,12,17,11
Mettl15,8,6,6,24,18,10,10,12,15,9,11,8,12,8,17,12,8,30,8,9,7,15,8,15,19,11,8,11,20,24,10,7,12,8,14,16,8,12,11,6,14,10,15,6,9,6
Mettl16,57,38,57,65,59,61,62,55,62,59,61,74,59,51,61,60,68,81,45,63,20,77,74,48,56,47,42,62,79,63,67,43,52,37,62,61,62,52,45,29,80,63,46,56,60,40
Mettl17,79,41,67,79,55,78,72,70,83,70,89,118,60,75,71,98,107,101,85,78,31,107,75,50,55,61,75,78,120,88,67,55,71,54,65,64,60,82,54,60,87,57,75,49,65,47
Mettl18,8,8,8,10,6,8,9,10,11,9,9,18,7,9,7,7,9,16,13,6,4,10,9,0,3,4,8,11,8,4,9,4,6,3,9,5,4,7,6,0,8,7,5,4,4,6
Mettl2,79,56,76,117,74,84,99,92,94,76,129,147,95,75,94,112,98,148,88,75,39,133,87,80,97,80,78,98,101,111,88,54,82,66,94,61,46,66,86,43,94,85,75,77,77,52
Mettl20,100,32,75,250,132,81,136,78,170,161,239,100,104,86,148,296,205,137,143,124,59,203,179,74,125,187,110,211,115,168,116,81,124,45,113,105,101,107,105,63,178,79,96,62,70,100
Mettl21a,32,12,27,43,45,28,33,34,38,27,41,48,23,20,27,38,33,46,35,28,9,52,51,30,31,32,37,36,26,32,30,26,41,23,27,32,18,28,30,18,68,19,36,20,30,27
Mettl22,55,27,65,102,42,41,70,73,72,57,57,68,59,60,56,81,81,116,67,50,19,111,78,39,61,53,49,66,78,81,49,39,70,34,56,37,44,67,65,38,86,62,61,36,47,62
Mettl23,42,29,43,75,71,61,55,62,95,79,76,110,89,58,85,89,89,74,68,65,18,82,119,44,72,65,61,72,94,92,53,38,55,43,96,75,80,61,74,48,82,94,67,52,60,75
Mettl25,13,6,4,13,8,10,15,9,11,12,18,17,10,8,6,13,15,25,13,9,4,19,13,6,15,4,5,15,9,9,7,11,10,10,8,8,11,14,9,7,11,5,15,4,18,7
Mettl3,37,20,28,37,34,42,33,45,44,39,44,53,46,39,33,35,40,53,38,32,12,46,40,28,43,40,24,39,38,48,32,32,40,26,37,26,27,37,31,22,46,43,32,30,34,35
Mettl5,82,49,64,149,89,100,127,120,131,111,104,119,122,107,99,78,122,109,87,101,29,111,138,73,112,112,78,117,150,123,64,80,102,68,111,106,94,105,132,59,145,104,109,79,94,107
Mettl6,42,19,42,47,42,29,39,38,43,28,42,47,37,26,36,29,38,52,18,24,12,35,32,21,41,28,33,33,45,46,28,15,27,33,21,29,26,31,38,14,39,34,28,27,27,33
Mettl7a1,1035,557,873,1902,836,966,1462,1069,1216,1013,1384,1103,1023,968,1336,1357,1349,733,1221,923,398,1068,1330,1008,1452,1241,1217,1457,1536,1616,835,992,1425,982,1007,1119,1014,1054,1379,767,1858,1303,1057,924,1068,998
Mettl7a2,2,2,3,4,2,4,4,1,6,7,5,10,1,6,0,10,3,0,2,3,0,1,7,1,0,8,5,4,10,2,2,2,2,5,6,4,2,5,4,4,9,8,2,1,3,2
Mettl7b,5234,2492,4968,7566,3194,5306,6246,6102,4672,4682,6278,5451,4528,4733,6070,7394,6450,6229,5160,5315,1756,5559,6472,4226,5465,4683,5042,6323,8433,5956,5443,4616,4836,4592,6003,5770,4795,5625,6148,3638,7235,5792,5931,4037,4674,4699
Mettl8,36,24,19,49,26,46,53,33,58,57,66,61,60,30,43,48,61,42,63,33,11,38,45,33,47,49,35,43,56,39,27,38,40,37,43,21,43,49,39,32,61,54,43,33,47,38
Mettl9,195,104,203,327,248,239,303,234,322,228,282,358,245,221,301,289,290,387,233,230,104,331,359,192,288,280,250,298,376,330,242,220,374,182,289,354,260,233,268,179,367,312,342,246,279,240
Mex3b,3,0,2,5,0,2,2,3,4,1,3,2,2,1,3,5,4,3,3,1,1,7,2,2,2,2,2,1,2,3,5,4,1,2,3,1,3,2,0,0,2,4,2,4,0,1
Mex3c,11,5,9,9,4,8,13,11,8,12,13,13,7,10,11,9,9,15,5,3,3,15,7,4,9,8,8,9,7,13,10,7,6,1,10,2,7,6,5,2,7,2,9,8,0,7
Mex3d,22,7,8,37,11,13,14,11,17,14,19,22,23,17,16,27,19,21,22,14,2,28,13,8,22,14,24,16,17,16,12,14,21,18,12,13,8,11,7,6,20,9,15,12,6,15
Mfap1a,5,6,9,6,14,15,12,8,12,3,12,13,5,6,6,1,7,11,3,11,5,14,8,4,10,7,5,5,11,13,6,4,7,1,7,5,4,4,6,0,4,3,6,3,6,4
Mfap2,1,0,0,2,1,0,3,3,1,2,4,3,1,1,2,5,2,8,1,1,1,5,1,1,1,2,2,5,2,0,0,4,1,2,1,1,1,1,0,0,2,0,1,0,2,0
Mfap3,23,13,38,36,31,30,40,35,51,25,42,49,27,31,28,35,37,47,38,30,12,49,43,21,29,30,41,28,35,38,31,24,25,21,28,27,16,38,25,15,41,30,29,11,14,22
Mfap4,7,3,4,9,9,4,11,7,5,6,5,7,8,3,8,3,8,6,5,2,4,9,7,1,2,9,10,4,6,11,6,7,6,11,2,2,3,9,5,4,16,3,3,5,2,8
Mff,170,88,132,209,129,145,141,162,241,165,197,154,153,170,175,211,198,275,171,143,84,268,213,96,131,154,129,173,209,173,139,96,139,92,172,143,143,126,139,103,222,154,148,90,123,154
Mfge8,89,65,63,205,131,80,136,93,197,89,133,192,142,74,63,115,162,319,150,93,45,132,106,47,63,121,82,86,77,89,156,59,97,119,68,75,49,116,84,52,136,65,72,69,62,99
Mfhas1,85,37,68,105,93,83,79,83,129,99,102,121,56,71,79,122,81,60,75,69,29,55,78,32,59,75,64,88,74,86,62,47,73,60,64,57,67,78,69,42,89,62,44,46,44,53
Mfn2,229,105,202,261,164,204,255,256,285,213,284,268,279,287,261,271,245,250,193,207,79,308,307,206,254,278,221,290,361,319,296,209,255,205,293,306,167,265,258,151,394,299,310,185,222,252
Mfng,13,6,9,12,5,5,12,7,9,5,13,6,8,12,16,12,6,16,7,1,0,22,12,6,17,9,5,5,11,6,12,4,10,10,6,12,6,11,6,9,7,5,8,4,4,8
Mfsd1,151,69,139,244,179,174,172,178,254,160,195,236,185,136,183,168,215,238,154,125,68,252,197,123,196,179,154,160,274,249,161,146,146,104,146,152,168,141,155,111,277,198,171,133,171,163
Mfsd10,37,20,42,78,41,19,43,39,31,25,48,64,24,26,33,51,32,69,37,20,15,96,38,24,42,28,33,38,52,45,58,29,33,38,28,28,23,32,25,11,41,29,28,18,21,35
Mfsd11,7,7,14,18,11,12,15,8,16,9,10,24,12,10,13,10,12,12,11,13,3,19,17,5,17,15,10,11,7,19,10,10,10,5,9,10,12,15,8,12,17,14,13,17,10,3
Mfsd2a,63,64,157,144,93,173,116,71,264,29,125,82,246,432,139,122,125,1808,40,41,45,1069,179,301,117,86,22,167,229,93,162,390,204,353,199,426,105,106,229,150,335,200,415,193,189,270
Mfsd2b,0,0,3,0,1,2,1,2,6,3,2,2,4,0,3,5,3,5,4,1,0,5,2,3,1,0,0,2,1,1,1,3,2,2,0,1,2,2,1,1,3,3,1,2,1,1
Mfsd3,57,26,45,84,43,69,77,59,76,75,86,80,61,69,68,77,84,81,72,65,21,60,91,44,76,89,57,67,100,70,59,48,62,55,67,66,41,69,77,39,93,62,86,64,55,72
Mfsd5,110,78,111,165,111,119,152,123,170,120,137,172,118,106,131,190,143,169,115,93,42,151,128,96,129,106,127,136,147,142,136,84,100,86,110,84,79,110,106,82,154,108,119,72,103,126
Mfsd6,30,14,35,37,43,30,41,31,59,31,39,52,26,38,37,51,43,66,44,38,6,67,42,14,41,50,26,36,46,36,24,23,36,22,43,30,32,34,30,21,39,33,31,15,21,28
Mfsd7a,12,3,8,17,7,8,11,12,10,21,3,6,14,6,9,19,12,7,5,12,10,14,7,4,8,9,11,7,12,10,11,8,7,4,8,9,6,5,10,5,15,7,7,10,9,7
Mfsd7b,5,9,4,4,13,4,10,7,16,8,13,18,3,1,8,4,7,9,7,4,5,14,13,2,6,6,2,6,5,5,5,5,6,4,2,0,4,4,3,4,3,1,5,3,0,2
Mfsd7c,12,10,18,52,12,11,7,8,16,22,34,14,20,28,29,48,37,85,20,16,5,82,7,6,16,15,22,9,41,10,14,9,15,5,7,7,24,8,12,4,20,12,12,17,12,15
Mfsd8,13,9,23,32,11,26,19,12,33,26,33,35,14,26,29,22,24,13,26,16,9,13,32,32,26,30,15,41,22,50,16,26,29,13,34,31,33,21,34,16,36,32,24,18,29,22
Mfsd9,1,2,2,3,3,2,4,4,4,2,2,3,5,3,4,1,4,4,2,2,4,7,6,3,2,4,2,6,4,3,4,2,2,2,1,3,1,4,3,2,5,2,2,2,3,1
Mga,1,0,3,0,2,3,3,0,2,1,3,1,2,5,2,2,7,6,4,0,1,0,1,4,3,1,2,2,1,4,1,0,4,1,1,2,0,2,2,3,1,0,2,0,2,3
Mgam,301,161,306,453,402,320,376,322,484,305,379,387,360,315,360,379,344,200,328,353,173,237,445,259,383,398,296,386,457,466,256,259,399,153,331,353,337,295,318,212,488,314,337,274,313,289
Mgat1,398,212,406,551,347,407,416,373,487,330,486,523,405,336,461,523,488,527,393,329,131,462,420,254,371,384,369,380,475,470,387,321,384,328,398,337,289,356,429,259,554,393,390,338,353,336
Mgat2,103,82,83,122,127,89,129,101,203,115,120,263,114,126,130,162,145,153,133,131,42,170,154,76,87,123,121,149,140,149,87,107,115,42,84,87,102,81,107,77,162,100,124,68,71,96
Mgat4a,4,3,4,10,5,5,7,11,3,5,11,6,4,7,3,4,7,19,4,3,1,12,7,0,5,5,17,4,10,11,17,1,7,6,3,3,6,4,4,2,14,4,8,0,8,8
Mgat4b,225,103,189,306,244,222,291,252,255,245,226,259,246,192,242,324,372,596,244,219,87,514,304,142,197,198,244,200,248,228,228,154,203,209,221,215,194,244,240,160,335,219,238,211,218,201
Mgea5,130,67,115,240,109,136,140,91,108,112,181,145,115,99,134,150,136,178,147,115,36,208,130,83,132,126,103,146,154,123,141,82,89,73,113,127,101,104,114,76,160,90,143,59,82,112
Mgll,333,159,333,412,148,383,319,322,342,390,436,387,314,306,554,523,641,371,325,354,115,261,410,242,280,269,310,532,302,346,273,518,361,344,534,426,269,450,453,280,380,435,417,338,427,411
Mgme1,49,12,33,55,32,48,51,55,49,29,49,62,30,36,44,50,53,56,43,41,13,52,70,35,56,36,44,62,42,58,45,37,43,44,50,58,34,40,49,41,61,46,49,38,39,28
Mgmt,91,50,86,132,83,120,155,110,139,99,101,109,108,130,144,105,139,197,95,135,27,169,174,142,128,85,126,136,234,185,148,104,115,134,127,150,115,126,162,88,171,154,170,123,135,137
Mgp,26,6,9,34,15,23,28,37,27,32,26,31,30,22,24,35,35,46,31,10,10,59,41,18,22,51,27,18,31,53,24,27,34,27,23,22,39,42,22,13,55,14,29,9,9,34
Mgrn1,263,115,225,465,211,255,295,248,320,294,354,325,331,249,294,419,402,419,283,255,69,485,306,188,282,281,233,261,326,314,232,185,240,175,300,203,206,290,259,137,395,273,245,177,241,218
Mgst1,20231,10580,20274,32518,15067,27091,32003,22167,23009,20212,29811,25086,26453,22831,31137,30527,27114,15744,27232,25730,10413,18014,37327,21348,31188,29760,20182,30422,31990,36112,23630,26132,33413,21896,34188,32200,24191,29265,32246,20004,38192,32080,31827,21886,25008,25005
Mgst3,142,74,100,160,45,41,115,102,92,131,160,153,79,118,123,123,137,222,89,123,39,177,84,70,44,36,49,112,118,80,100,65,96,86,78,81,81,73,59,34,79,82,51,67,88,87
Mia,1,1,1,0,1,4,1,3,7,2,1,7,2,1,2,3,0,1,1,2,0,3,1,0,0,1,0,2,3,6,1,1,3,3,1,0,1,2,2,3,2,1,0,1,4,3
Mia2,16,2,9,5,16,4,3,6,3,3,2,7,5,8,5,23,13,8,7,19,3,8,4,3,4,5,12,2,4,3,4,6,8,5,2,4,3,6,4,3,7,2,1,1,2,4
Mia3,488,252,455,916,414,491,542,406,693,537,803,654,589,529,605,939,965,709,620,483,215,860,508,317,439,535,449,507,577,539,494,375,539,323,529,470,433,440,530,229,641,422,436,353,383,427
Mib1,3,1,4,3,1,4,2,2,3,2,4,6,3,3,0,5,1,4,7,3,4,1,1,1,1,1,3,3,3,4,2,2,0,3,1,9,5,3,2,0,2,1,3,1,2,0
Mib2,72,41,62,105,42,62,79,87,79,70,89,85,66,61,80,96,95,66,68,67,16,87,74,32,48,58,44,70,71,62,58,63,61,58,43,60,46,59,56,46,75,42,40,37,53,51
Mical1,6,6,5,24,11,17,17,21,10,4,17,7,13,6,13,5,13,26,7,3,6,23,17,4,25,5,8,12,15,7,25,9,9,10,8,11,4,13,5,6,5,4,9,6,5,9
Mical2,40,20,38,24,41,33,30,38,60,38,38,71,34,42,40,64,41,43,44,50,23,40,65,33,26,36,42,62,37,33,39,33,65,27,42,41,31,39,39,21,61,30,32,31,37,24
Mical3,24,19,34,37,11,17,26,22,26,24,40,26,22,25,24,31,18,23,23,18,12,17,34,18,22,16,25,19,30,26,19,16,19,29,23,20,17,20,17,12,22,17,18,22,15,24
Micall1,33,20,20,56,31,22,43,30,36,28,34,41,23,42,36,21,25,40,20,25,8,42,33,18,24,26,21,48,37,33,25,18,24,15,26,18,12,24,28,19,34,22,27,22,20,24
Micall2,11,5,8,10,13,12,23,24,23,2,17,15,11,6,11,25,15,15,19,15,6,19,16,3,13,10,9,6,10,19,27,5,10,8,16,11,6,8,8,7,9,9,10,11,5,23
Micu1,107,45,89,160,95,103,140,98,104,85,126,131,112,93,113,142,124,174,111,101,43,153,94,94,114,101,82,106,113,100,106,99,112,89,111,126,84,111,130,77,140,124,94,90,118,122
Micu2,92,44,68,207,122,76,159,153,131,95,130,130,98,69,113,128,119,194,120,124,56,167,159,62,121,129,106,125,174,130,157,98,117,108,119,111,130,134,117,81,159,103,132,71,104,114
Micu3,7,1,10,8,7,5,7,8,5,6,3,5,11,5,6,1,11,6,5,5,2,8,1,4,2,2,5,5,4,9,6,1,0,3,2,6,1,3,4,0,2,3,3,1,3,3
Mid1ip1,554,448,690,583,547,363,792,932,800,569,405,1083,629,576,676,254,374,237,544,620,272,181,1214,935,895,748,701,606,1010,815,476,577,780,587,724,643,756,641,650,583,971,758,713,676,692,684
Midn,332,119,247,545,296,193,377,233,246,237,413,389,215,175,292,240,240,399,216,190,88,332,238,169,292,201,282,245,323,340,220,138,241,167,195,187,179,199,240,128,374,194,245,180,203,187
Mief1,62,23,62,48,63,55,62,51,68,50,82,71,55,50,60,47,49,69,58,55,30,41,57,39,50,45,53,43,68,72,39,37,43,21,37,34,31,32,49,21,43,29,34,32,16,33
Mief2,77,59,90,114,63,87,81,64,65,76,97,99,89,91,85,91,83,57,81,75,24,77,94,60,94,61,75,113,83,96,76,100,116,82,93,85,64,115,123,62,145,97,93,97,97,79
Mien1,383,196,380,562,338,458,543,463,611,516,517,688,465,451,625,541,575,553,398,387,180,419,584,380,539,568,392,592,768,636,427,406,455,331,468,427,524,613,458,337,728,665,472,297,545,585
Mier1,103,46,107,203,108,106,112,95,167,106,156,122,150,111,120,183,137,113,108,95,38,143,106,76,122,119,97,102,112,155,76,67,91,81,107,90,93,92,91,67,171,114,116,96,107,93
Mier2,56,30,50,110,49,38,69,62,49,52,81,74,39,33,50,71,84,92,59,41,15,77,67,30,54,53,52,38,64,57,47,24,57,44,37,38,48,48,33,33,80,30,45,51,41,51
Mier3,75,28,46,75,51,48,57,53,53,54,70,69,57,36,45,62,54,72,71,33,27,68,63,38,63,50,43,42,58,50,31,27,43,41,53,43,30,47,40,21,62,44,36,29,50,28
Mif,1174,650,923,1790,787,892,1353,1206,1242,1233,1332,1697,1257,1226,1329,1582,1722,2618,1289,1092,414,3254,1386,737,1041,1215,991,1409,1628,1366,1067,778,1199,844,942,1085,926,1114,1315,765,1525,1094,1042,904,1225,1115
Mif4gd,263,163,300,349,360,377,354,305,599,291,367,419,374,328,368,400,379,323,301,313,172,488,422,299,390,386,306,353,431,388,438,262,382,227,354,410,233,344,325,260,529,435,416,279,276,303
Miip,58,34,65,116,47,54,90,86,77,52,96,88,68,61,71,76,64,113,61,52,13,121,67,38,77,64,57,52,79,58,60,50,36,51,72,55,44,88,44,36,86,52,69,53,58,58
Milr1,2,2,7,16,9,8,9,7,9,6,8,8,5,5,6,5,10,15,4,5,6,9,4,6,14,4,7,12,11,11,25,3,5,9,2,5,5,5,6,3,3,2,4,6,2,4
Mina,44,23,38,76,59,41,64,50,65,59,66,86,54,45,56,51,57,105,47,68,19,66,60,51,61,53,51,57,79,69,63,33,57,48,47,67,62,49,55,31,80,41,57,33,44,45
Mink1,62,52,109,148,45,89,117,129,110,57,148,174,58,119,111,108,119,130,73,52,30,129,112,97,121,98,80,133,149,93,98,74,77,42,88,32,57,103,47,40,109,91,84,41,92,110
Minos1,3,4,9,7,1,4,12,5,7,6,8,8,11,5,8,9,10,4,4,7,2,4,7,4,5,0,12,11,13,5,3,1,3,4,11,5,6,7,3,2,2,5,3,3,3,6
Minpp1,55,30,36,107,39,36,46,62,65,52,68,79,67,55,73,71,57,59,53,62,23,101,58,45,37,37,62,64,66,69,46,43,39,34,44,39,43,58,43,28,39,47,51,27,42,46
Mios,29,15,25,38,20,22,25,25,35,22,40,49,34,24,32,30,37,40,30,26,4,47,34,17,24,18,21,23,48,27,23,21,22,7,29,16,23,30,26,16,30,28,18,15,20,19
Miox,1,0,0,1,1,1,1,0,7,0,2,2,0,1,2,1,1,1,0,1,0,0,0,0,3,1,0,0,0,0,0,0,0,1,0,0,0,0,0,1,2,1,1,0,0,1
Mipep,123,68,120,197,102,153,158,143,113,120,133,124,132,149,165,164,162,159,153,144,67,134,196,123,116,148,105,145,230,176,151,135,159,127,176,178,143,167,204,73,206,133,156,113,124,145
Mipol1,2,1,8,4,9,2,2,5,5,8,8,8,4,3,8,6,8,7,1,6,0,4,8,2,0,8,2,5,13,7,2,2,5,0,2,4,7,3,2,1,6,2,1,4,2,2
Mir1192,6,0,2,0,1,0,3,0,1,0,2,0,0,0,1,0,0,2,1,0,0,2,1,0,1,2,1,2,1,2,1,0,0,0,1,3,0,2,0,0,0,0,0,0,0,0
Mir122,8,0,1,2,5,3,1,1,6,1,1,0,6,0,3,1,1,1,0,3,0,2,1,1,1,8,1,2,0,2,2,1,1,4,2,1,3,2,3,1,2,3,0,0,4,8
Mir142,3,7,3,7,7,4,14,5,4,5,6,4,5,2,5,4,4,6,4,4,4,6,4,5,7,2,7,1,4,7,9,4,2,6,2,2,6,5,7,1,2,5,2,1,8,3
Mir143hg,7,5,7,7,9,9,8,7,5,12,21,5,6,6,6,8,9,9,4,5,1,15,12,6,6,10,6,5,6,14,2,9,6,6,3,11,7,8,4,4,15,10,8,10,10,5
Mir1931,9,4,13,12,11,4,16,8,7,11,13,11,5,3,9,13,13,7,5,4,0,7,16,6,6,6,8,6,15,9,10,8,6,8,6,6,3,5,5,3,11,0,2,7,5,4
Mir22hg,261,113,212,393,175,226,211,146,286,227,256,193,182,193,213,404,340,242,232,173,75,477,215,137,152,203,187,238,238,207,120,138,175,125,209,217,129,143,204,116,216,162,149,139,129,151
Mir292b,0,1,1,2,0,1,0,1,2,3,10,1,3,5,4,7,10,7,1,0,0,10,0,0,1,3,0,3,0,0,0,0,2,0,0,1,1,1,1,1,2,0,1,0,1,2
Mir3076,17,14,14,17,15,10,18,10,10,11,20,12,13,11,11,11,9,11,12,13,1,8,30,11,7,6,10,19,10,16,12,11,12,18,10,13,10,8,17,14,15,5,14,11,14,12
Mir3473d,3,1,2,3,0,2,2,2,3,2,1,3,3,1,0,1,0,1,1,2,0,0,6,0,1,2,2,2,2,0,1,0,2,0,2,1,0,1,3,1,4,0,0,2,2,2
Mir6236,30,7,18,31,1109,12,8,26,8,25,32,29,18,12,15,132,37,24,32,18,5,18,19,4,10,9,669,22,11,10,18,16,17,21,19,32,4,14,16,8,21,18,21,12,9,12
Mir6240,0,0,0,0,6,0,0,0,0,1,0,0,0,0,0,4,0,0,0,0,0,0,0,0,0,0,5,0,0,0,0,0,0,0,0,0,0,0,0,0,0,0,0,0,0,0
Mir6516,12,7,3,9,7,3,5,3,11,4,8,3,5,5,9,24,15,9,11,9,1,12,5,12,6,5,7,19,8,7,1,6,7,7,2,2,7,5,4,3,8,6,4,0,3,2
Mir682,213,107,149,332,153,178,258,207,281,217,262,329,244,171,222,279,310,339,265,201,78,388,276,121,241,192,236,230,298,228,175,113,209,177,185,192,168,181,229,129,264,43,181,135,205,201
Mir692-1,16,4,1868,3234,4,15,2418,11,3,2150,12,21,2340,21,12,21,20,3058,9,2001,3,3328,25,1831,17,15,12,20,26,2288,3961,1806,8,7,21,2931,6,20,13,1471,2714,21,2414,9,15,15
Mir703,838,414,743,1051,467,786,766,829,1613,992,927,1311,1142,1127,1052,1409,1283,1655,1163,983,190,1503,1713,629,828,580,889,998,1590,812,775,492,488,484,1102,995,807,1039,1018,638,1078,1121,976,381,830,1021
Mir7051,4,4,3,4,0,1,2,3,2,6,8,5,2,0,3,7,4,4,4,0,1,1,1,1,2,5,0,1,1,3,0,0,5,4,4,1,2,0,3,2,1,3,3,3,2,1
Mir7075,0,0,0,1,0,0,0,0,0,0,2,1,1,1,1,1,0,9,0,0,0,2,2,0,1,0,3,0,0,1,0,0,1,0,0,0,0,0,0,1,1,0,0,1,0,0
Mir7078,11,5,15,10,7,7,8,13,8,11,11,11,8,9,3,15,8,12,10,9,2,12,14,0,6,3,12,5,9,7,14,9,4,15,9,8,6,11,5,7,11,9,3,4,5,5
Mir7654,15,8,12,16,15,20,16,14,9,8,13,22,14,10,5,20,14,18,12,19,2,30,24,13,11,5,26,20,23,7,15,11,6,6,10,10,8,14,11,3,13,1,10,1,9,1
Mis12,30,18,28,34,25,28,45,25,39,30,35,78,32,25,39,32,23,20,26,31,9,24,58,27,38,36,47,34,49,38,33,33,45,24,24,21,19,31,36,18,49,22,25,15,18,21
Mis18a,9,9,27,33,25,20,32,25,21,20,25,20,21,21,23,12,17,51,8,14,8,34,29,9,22,17,11,26,34,26,31,14,17,19,22,22,11,20,22,13,18,17,20,15,22,15
Misp,9,2,1,7,6,9,2,7,4,2,3,9,6,3,4,8,5,6,10,6,0,7,7,6,1,7,1,6,1,4,9,0,1,6,2,6,2,4,5,1,7,3,2,6,5,4
Mitd1,33,16,33,34,34,25,36,36,31,29,39,45,30,19,38,21,24,45,30,34,19,28,35,19,28,21,29,23,37,32,29,23,36,13,22,16,23,23,26,14,27,26,23,13,24,26
Mitf,9,4,1,4,11,5,6,8,7,11,12,11,4,8,9,3,6,8,3,6,8,21,16,5,5,8,11,7,13,3,9,4,9,0,5,0,2,6,6,4,10,3,6,3,5,8
Mki67,2,2,2,6,7,1,3,15,3,0,2,3,3,3,2,1,10,32,2,5,2,12,2,2,3,3,7,2,13,2,26,2,1,9,3,7,12,7,3,1,2,1,10,2,4,3
Mkks,11,2,3,6,6,11,12,14,18,9,8,13,4,15,13,2,0,4,8,8,7,5,12,11,4,17,10,14,10,8,5,11,9,5,7,5,2,5,11,4,8,4,6,5,1,7
Mkl1,23,23,42,55,41,28,47,49,52,29,53,63,36,41,33,43,59,35,42,37,11,53,40,26,27,35,29,42,25,39,60,30,25,38,31,29,22,37,32,17,47,31,38,23,24,42
Mkl2,50,24,46,109,77,57,65,67,91,71,65,52,53,60,59,80,90,110,65,52,27,125,61,34,61,70,59,55,81,55,56,33,52,44,39,46,56,62,57,47,106,64,58,45,42,41
Mkln1os,12,2,3,16,3,6,5,10,8,6,11,3,2,4,5,16,12,14,9,4,8,13,7,4,7,8,3,8,8,6,8,6,9,4,5,9,4,8,13,5,7,5,7,6,4,7
Mknk1,87,57,104,151,99,84,119,106,161,72,154,143,111,92,113,116,134,265,101,81,55,240,103,75,92,78,79,88,101,116,81,68,95,60,99,85,98,86,101,60,144,93,83,70,73,95
Mknk2,438,173,420,899,402,436,646,471,842,419,577,418,671,393,517,687,590,656,408,328,150,609,648,487,525,581,397,556,774,549,426,525,456,444,509,534,543,474,555,357,875,505,511,393,399,415
Mkrn1,27,15,39,41,22,28,36,27,51,27,36,39,35,19,34,37,34,55,32,33,15,34,41,16,38,24,28,43,45,48,33,24,25,24,29,25,25,18,29,22,40,31,34,16,25,20
Mkrn2,50,26,38,57,33,40,52,47,62,51,52,45,55,38,43,52,65,62,37,41,21,83,65,36,39,49,38,43,63,51,45,31,49,23,40,42,31,44,47,32,65,37,45,33,41,35
Mkrn2os,28,7,21,32,21,19,22,28,42,20,25,41,25,24,28,29,36,23,24,31,14,25,31,16,27,30,19,26,26,31,22,14,15,27,14,18,23,22,21,15,32,24,24,14,23,14
Mkrn3,3,0,0,3,1,4,2,2,0,2,3,4,2,2,1,0,7,4,5,1,1,2,2,0,0,1,1,2,1,3,3,0,2,1,4,2,0,1,2,0,3,1,0,0,0,1
Mks1,6,4,4,8,2,5,10,7,7,4,3,17,4,5,4,8,7,10,1,6,4,14,7,6,6,6,5,7,14,6,13,8,7,5,11,6,9,5,8,1,14,10,8,6,9,6
Mlec,139,58,103,139,95,138,122,110,188,102,145,231,108,101,160,167,140,131,119,119,35,73,147,82,90,126,137,164,117,135,168,115,121,106,140,129,102,128,166,93,148,111,113,93,108,93
Mlf2,459,202,282,576,358,473,461,475,673,551,569,595,547,438,607,623,600,559,481,543,153,458,598,354,487,511,466,611,614,638,386,333,493,377,496,424,466,502,643,323,769,643,510,364,522,527
Mlh1,28,16,30,35,45,29,46,61,61,37,42,81,41,39,38,50,44,57,32,46,21,42,59,35,51,45,37,57,46,61,25,41,35,34,36,36,37,49,45,28,59,42,48,25,42,56
Mlh3,17,10,10,34,16,13,14,13,21,23,27,33,15,18,21,26,25,23,26,17,4,34,26,15,19,14,30,23,35,15,8,15,17,11,17,17,18,13,13,12,30,19,16,19,14,22
Mlkl,29,18,37,51,75,23,54,42,56,30,44,47,37,18,42,46,52,84,34,39,13,62,53,23,49,49,27,38,39,33,176,32,34,45,22,19,27,34,40,16,34,26,42,33,21,45
Mllt1,54,42,62,97,107,67,69,82,97,64,104,99,73,92,76,84,90,87,73,70,33,87,78,69,67,65,70,84,89,86,70,64,78,57,83,73,57,59,82,44,115,77,70,50,65,68
Mllt10,60,28,79,91,58,83,77,68,74,65,83,95,85,80,85,90,85,85,98,62,26,91,93,54,72,54,55,50,88,60,34,52,71,52,75,57,42,62,80,29,117,58,53,36,44,62
Mllt11,1,0,2,5,1,1,3,2,5,1,3,3,2,2,1,2,2,7,2,2,0,2,3,3,4,5,4,4,5,3,4,2,3,3,0,1,1,7,2,2,0,5,6,2,3,2
Mllt4,74,39,79,127,92,76,103,68,178,83,118,124,83,70,83,92,91,118,89,80,33,136,108,69,76,96,77,91,102,85,57,65,83,47,86,66,61,79,73,51,128,87,52,56,62,57
Mllt6,90,47,80,139,81,84,104,87,98,45,120,93,90,62,75,109,115,111,72,62,37,159,70,47,82,73,81,55,87,91,93,37,69,47,65,66,48,63,56,35,88,52,67,56,55,59
Mlph,2,0,0,3,4,2,0,4,1,1,2,4,3,4,0,2,2,9,3,0,0,7,1,1,1,5,0,1,5,1,1,3,1,0,1,0,5,0,1,1,6,0,0,0,1,3
Mlst8,25,12,28,42,26,31,38,41,27,28,44,37,28,27,40,37,34,33,32,18,8,18,41,26,28,33,29,26,41,36,48,22,32,43,31,18,25,35,19,17,42,24,35,29,41,38
Mlx,144,77,143,156,148,172,167,161,265,150,179,336,163,162,195,152,155,151,150,133,61,163,221,151,215,170,195,173,225,166,148,137,162,136,160,164,138,172,172,118,278,160,149,146,150,153
Mlxip,15,9,14,15,13,5,13,21,20,10,18,24,15,11,20,18,19,20,17,13,1,37,16,7,10,8,12,11,10,8,21,6,11,14,13,16,11,8,13,10,17,9,10,10,7,11
Mlxipl,845,528,935,1249,902,813,1412,1221,1049,769,1038,866,808,684,848,1091,1019,469,831,657,307,525,1374,894,880,1014,966,973,1170,972,573,750,985,740,914,1059,907,907,926,637,1388,883,1040,802,827,892
Mlycd,539,256,468,892,482,652,612,538,629,495,819,592,609,582,633,780,824,681,494,454,243,783,662,465,641,542,462,566,724,615,422,411,572,363,572,525,502,487,551,381,787,528,559,466,469,481
Mmab,84,39,65,82,84,70,91,93,136,94,98,126,47,45,74,76,109,27,72,73,26,37,121,58,75,97,80,99,143,93,59,49,90,57,72,66,73,88,75,50,96,81,95,43,87,62
Mmachc,32,15,26,41,37,33,37,43,46,36,32,47,52,40,33,29,38,49,31,41,11,60,36,20,48,33,28,42,57,31,37,39,45,18,42,40,37,35,36,29,59,41,39,22,38,39
Mmadhc,135,73,98,145,112,115,177,92,149,100,115,134,131,162,141,129,158,203,152,142,72,208,158,77,100,89,100,141,140,158,102,109,124,51,109,137,106,118,109,70,172,102,96,75,87,108
Mmd,118,47,125,231,107,196,114,111,186,166,172,146,155,117,186,211,247,127,145,133,77,162,171,103,119,166,119,145,206,197,101,122,165,70,192,146,144,128,139,87,183,162,148,131,132,123
Mmd2,11,8,22,20,44,9,14,27,82,16,8,33,23,20,22,34,6,15,32,21,13,17,34,26,33,33,34,20,64,23,12,23,18,23,15,24,40,24,14,15,30,30,24,18,12,15
Mme,2,0,1,5,0,1,5,3,2,2,3,0,0,2,1,1,0,0,2,1,1,0,1,2,1,3,2,6,6,0,0,1,2,0,2,2,1,1,0,1,2,0,1,0,2,1
Mmgt1,9,4,2,15,6,12,10,4,15,18,22,19,12,14,17,10,13,10,16,15,1,12,22,11,15,19,17,14,14,13,4,11,14,15,19,10,16,10,11,5,22,14,10,9,8,13
Mmgt2,9,3,8,10,7,6,5,6,16,5,4,12,9,5,7,13,8,14,7,7,1,14,9,3,13,6,6,6,5,8,6,2,4,5,2,5,5,4,5,2,3,4,1,5,4,5
Mmp11,2,2,2,4,0,1,7,1,2,1,9,6,3,2,2,2,4,7,1,1,3,5,4,1,6,1,0,3,1,2,0,1,3,4,2,1,2,3,0,1,2,1,2,4,3,3
Mmp14,285,154,248,333,266,199,203,187,359,206,232,403,237,182,230,325,363,496,205,184,108,412,191,102,154,210,207,141,221,201,252,105,165,134,151,105,125,147,141,74,188,91,133,102,98,100
Mmp15,253,114,142,387,203,139,285,287,201,215,252,232,213,147,165,219,203,218,230,173,67,195,249,115,207,219,176,214,205,193,134,139,239,165,196,161,161,281,234,199,359,236,181,114,173,181
Mmp19,177,92,208,292,289,229,282,317,394,260,256,457,284,291,309,231,261,317,228,251,128,355,368,259,317,303,295,288,410,314,349,205,354,200,307,341,219,273,360,218,497,313,278,286,293,222
Mmp2,6,2,9,15,4,11,11,21,3,11,9,13,13,6,13,18,20,29,17,8,1,15,14,7,9,9,14,14,19,18,8,8,4,8,7,8,8,19,15,4,16,4,6,5,8,7
Mmp23,8,5,9,16,10,5,16,15,9,6,21,12,12,5,8,6,11,15,9,7,1,5,7,3,2,7,3,6,6,11,3,3,7,7,5,7,5,4,7,3,14,5,4,2,6,6
Mmp7,5,1,6,29,37,10,19,8,38,5,32,57,38,21,5,10,11,35,13,7,1,21,24,6,9,22,5,6,0,4,15,2,8,5,0,5,1,10,10,17,24,4,5,8,5,7
Mmrn2,87,38,70,52,66,63,94,67,100,56,86,55,102,54,77,102,110,103,75,53,35,117,68,39,67,75,55,91,114,80,83,47,52,40,64,56,45,76,63,32,69,50,55,40,49,88
Mms19,92,27,64,97,71,92,87,80,100,58,118,80,72,71,80,101,97,83,71,52,24,103,75,62,64,90,75,73,95,77,78,46,63,40,66,68,57,72,85,43,106,61,67,62,87,60
Mms22l,2,4,4,2,3,3,9,12,0,2,4,3,4,3,3,3,2,14,2,2,1,3,0,0,2,1,2,5,6,2,6,1,2,9,3,2,4,4,2,0,3,1,2,1,4,3
Mn1,26,12,17,34,17,23,45,32,38,34,27,34,35,25,43,23,33,18,43,40,8,33,40,35,38,33,28,50,50,27,15,20,39,28,34,28,25,27,21,30,48,25,21,17,25,32
Mnd1,21,19,31,45,35,32,49,43,36,47,39,34,34,29,42,41,50,78,33,41,14,66,51,28,46,59,31,52,68,50,43,32,34,29,51,43,29,44,45,30,47,42,44,23,42,43
Mnd1-ps,3,3,8,7,5,3,6,0,1,6,6,6,5,2,6,5,1,6,5,8,3,5,1,3,3,1,7,0,7,9,4,0,3,1,3,4,2,1,5,0,5,2,4,2,4,0
Mnda,1,3,0,7,2,1,3,3,2,1,6,4,2,4,2,0,3,7,5,3,4,6,3,0,5,2,3,4,3,3,15,0,1,1,1,0,4,3,1,3,2,1,3,4,1,1
Mndal,14,5,23,27,18,13,31,30,26,21,33,26,26,12,31,21,18,22,20,11,9,38,19,11,26,21,23,17,22,30,34,8,29,15,7,11,22,19,10,8,23,25,20,8,9,20
Mnt,68,41,41,104,67,44,45,43,106,61,71,81,43,44,51,92,96,121,62,36,31,137,71,37,52,81,57,82,67,57,74,56,70,43,64,53,45,44,46,54,106,48,66,64,56,49
Mob1b,4,1,0,5,2,4,4,4,7,7,1,2,3,2,4,3,2,2,1,3,1,2,7,0,2,6,3,4,4,4,3,5,3,4,5,6,3,2,3,1,7,4,6,7,6,6
Mob2,111,54,138,177,79,119,111,117,149,104,134,144,125,130,127,133,113,144,111,98,44,187,137,98,112,103,101,134,140,139,113,98,117,80,140,106,88,130,139,73,163,101,139,95,92,107
Mob3a,27,11,13,29,14,15,25,29,45,12,22,38,9,19,21,21,32,37,12,14,6,36,32,16,21,23,17,21,26,28,35,13,11,22,11,23,26,16,16,13,19,13,11,11,16,9
Mob3b,5,3,4,8,8,7,8,5,6,4,5,10,12,3,5,4,5,8,7,7,1,6,5,4,7,4,3,10,6,6,3,2,3,2,7,3,5,4,3,6,4,4,6,2,7,5
Mob3c,57,30,44,80,50,52,61,55,45,53,67,62,49,36,53,65,63,82,46,50,19,66,53,32,48,46,53,53,61,63,63,33,45,42,33,45,34,62,54,24,61,34,40,28,32,23
Mob4,69,43,65,109,70,74,87,80,101,71,104,102,87,72,97,81,91,102,73,73,36,96,97,56,85,82,67,86,97,96,75,48,88,64,82,76,73,83,99,47,95,86,94,71,65,68
Mocos,206,118,183,303,236,218,321,271,303,220,279,309,308,220,264,289,276,229,222,264,72,232,279,235,283,264,205,298,384,308,481,197,274,230,268,211,244,264,247,206,486,320,310,160,251,214
Mocs1,214,119,190,293,146,218,225,211,266,301,318,280,312,258,340,297,301,246,216,209,82,273,302,194,215,265,253,239,295,278,220,211,280,194,265,248,191,251,284,150,368,228,267,165,229,246
Mocs2,274,111,233,359,187,272,291,243,484,310,310,396,383,352,430,363,351,313,303,297,98,438,418,212,211,284,289,326,444,332,246,269,307,169,311,359,256,289,287,193,355,319,303,196,242,277
Mocs3,26,22,25,49,22,31,30,33,57,27,51,83,45,40,48,48,42,32,37,38,6,46,46,28,36,20,27,28,48,43,33,24,33,20,40,23,35,38,29,22,43,25,33,20,29,26
Mogat1,3,4,3,11,1,8,10,9,3,6,11,4,4,2,6,6,10,11,6,3,3,3,28,39,24,10,4,19,11,22,28,31,50,24,18,53,10,16,30,15,24,30,30,25,18,11
Mogat2,1,1,2,3,1,2,2,1,5,0,0,1,3,0,2,3,1,10,2,3,0,1,5,2,2,3,4,3,1,5,9,1,0,2,2,1,2,2,5,2,5,4,2,2,2,2
Mogs,254,124,202,291,261,254,280,236,371,244,285,474,257,223,264,444,380,407,252,271,100,314,261,197,245,281,228,308,328,319,238,211,237,168,237,213,217,211,217,124,390,236,220,197,203,233
Mon1a,85,47,78,101,46,83,84,72,115,68,90,121,60,89,81,102,92,82,87,86,20,77,89,67,70,70,80,70,93,86,60,57,77,76,102,68,60,85,91,65,109,95,83,54,70,81
Mon1b,12,7,18,24,16,14,14,17,19,18,19,30,18,7,21,24,19,15,15,17,10,18,25,15,22,18,26,15,22,30,25,9,14,11,20,11,14,10,17,6,16,19,8,16,10,25
Mon2,14,3,9,20,12,18,18,9,29,10,15,23,10,17,19,11,15,17,11,12,1,20,15,11,14,12,11,16,15,19,4,9,20,12,14,10,11,18,13,9,13,15,12,10,16,8
Morc2a,21,15,19,27,19,18,26,20,25,22,24,41,28,22,25,27,27,28,27,19,9,22,20,14,15,24,18,14,38,32,13,9,16,11,24,15,15,16,28,13,20,18,20,24,22,25
Morc3,32,15,43,55,38,32,42,49,48,39,46,69,33,31,56,47,49,54,50,42,22,77,55,31,41,37,40,45,63,51,65,40,50,31,36,38,37,29,34,20,48,29,40,30,21,26
Morc4,2,1,3,1,3,0,2,2,3,2,0,3,3,4,3,4,4,13,0,3,2,4,1,1,4,3,4,3,5,2,0,1,1,1,0,1,0,0,1,0,2,0,0,2,1,1
Morf4l1,106,50,122,129,78,83,95,83,101,100,119,103,121,102,97,161,136,198,111,84,43,235,117,58,93,101,63,85,126,112,105,48,95,59,106,72,83,95,94,61,164,102,87,56,84,93
Morf4l2,61,27,51,45,54,52,38,46,92,49,36,91,33,60,68,60,62,146,63,59,15,62,60,30,43,33,55,89,58,58,48,34,42,42,43,38,44,58,39,27,71,45,43,24,40,41
Morn1,10,2,9,11,3,6,6,13,19,12,12,16,10,9,12,13,14,9,7,9,2,15,9,7,5,8,6,3,9,2,4,5,10,1,4,9,4,6,2,3,9,3,5,4,4,4
Morn2,33,15,29,52,44,43,57,37,62,39,51,58,44,21,49,54,56,76,45,44,12,51,44,38,63,51,55,45,59,74,34,33,40,42,35,32,36,51,53,33,66,55,47,24,35,47
Mospd2,49,33,45,58,43,54,61,44,70,69,52,69,71,57,60,63,49,54,62,57,22,66,70,39,48,48,50,57,75,63,45,34,49,28,43,60,43,41,37,34,61,54,48,40,38,51
Mospd3,136,78,165,193,92,164,218,121,136,132,204,181,141,142,141,175,173,135,161,161,48,146,250,105,153,122,185,165,164,151,84,122,148,96,177,175,134,158,202,72,212,125,158,135,136,112
Mov10,70,32,64,137,77,55,124,92,82,65,86,71,66,38,89,110,82,91,84,63,27,72,91,50,74,73,82,75,110,96,106,49,74,71,72,64,62,78,69,64,109,64,72,58,69,70
Mpc1,178,70,96,230,172,114,193,140,239,147,184,220,168,139,203,134,251,416,159,175,75,424,174,89,155,129,120,202,249,205,176,127,183,99,148,165,156,128,138,83,209,132,138,128,132,143
Mpc2,2682,1326,2027,3786,2143,2693,2697,2501,3944,3443,3193,3496,3438,3203,3881,3728,4491,3020,2958,2670,1480,4667,3442,2019,2808,2964,2616,3324,4348,3662,2085,2361,3459,2205,3086,3547,2919,2976,3539,1747,3830,3069,2843,2435,3116,3115
Mpdu1,417,179,371,504,277,405,437,426,453,331,530,403,428,366,494,498,505,635,411,373,150,585,515,284,391,372,350,447,556,465,470,342,458,389,440,387,333,416,507,291,578,456,410,326,339,371
Mpdz,46,25,55,77,41,34,46,62,65,59,70,59,46,54,51,58,53,63,37,43,30,59,69,35,44,44,41,66,76,63,42,31,58,26,42,42,47,59,63,35,71,56,53,39,53,37
Mpeg1,8,6,22,47,40,32,46,40,59,21,25,29,31,16,38,21,18,47,27,30,17,62,32,18,42,20,38,24,29,50,136,23,29,15,14,18,18,32,18,5,26,23,25,9,19,19
Mpg,70,40,78,116,58,55,101,89,94,76,95,97,80,56,87,101,92,159,66,73,35,126,85,58,84,70,78,88,99,98,71,61,71,62,99,55,83,86,74,46,109,72,78,56,55,68
Mphosph10,28,25,48,53,46,44,57,35,50,45,63,62,48,53,53,31,44,56,34,44,21,57,54,28,31,38,27,34,47,44,33,22,30,21,35,17,24,31,38,23,45,39,38,25,30,46
Mphosph6,13,5,19,19,29,19,21,17,23,18,24,35,21,21,22,13,12,43,12,18,5,24,22,10,18,10,18,18,18,23,25,8,10,7,17,16,8,11,19,13,22,15,8,9,17,15
Mphosph8,30,9,21,38,30,17,31,30,54,29,19,37,41,29,30,14,31,32,26,29,12,40,34,14,27,33,21,26,50,28,20,12,32,13,18,25,23,23,30,18,24,26,27,12,29,31
Mphosph9,4,1,1,2,5,1,2,3,2,4,4,7,1,1,3,6,2,3,4,5,2,5,0,1,0,4,4,1,2,1,2,0,2,0,3,3,9,3,1,3,7,2,3,1,1,5
Mpi,34,21,39,57,45,28,65,37,58,45,46,57,59,50,46,44,43,69,42,35,19,62,51,28,37,40,48,47,33,41,45,28,49,29,46,50,43,47,49,36,67,47,42,43,38,47
Mplkip,5,7,3,11,5,5,11,10,10,7,10,6,10,14,11,10,15,5,7,6,8,15,19,5,10,16,6,11,18,11,5,8,8,4,8,9,11,9,5,2,6,4,7,4,6,8
Mpnd,389,186,449,499,297,356,377,383,591,426,455,597,410,377,374,516,408,334,365,374,105,324,436,319,414,403,459,426,525,381,354,261,439,335,513,412,341,410,385,293,581,393,511,351,369,382
Mpo,0,1,1,0,8,0,1,0,28,0,2,3,2,0,1,3,0,1,0,0,0,3,0,0,4,1,0,0,0,0,0,0,0,0,0,1,2,0,0,1,0,0,1,0,0,0
Mpp1,130,73,108,185,153,114,156,164,182,147,152,217,160,124,193,161,211,322,192,154,56,290,156,76,133,150,144,163,201,191,136,114,165,103,124,114,104,159,126,71,165,115,126,114,109,123
Mpp4,7,5,11,9,5,7,21,13,2,5,11,8,3,2,7,7,10,0,13,8,3,4,10,8,7,4,12,13,8,1,0,7,15,5,5,5,9,7,11,7,15,8,16,6,14,7
Mpp5,44,12,30,51,41,39,50,33,54,44,49,45,41,30,44,35,40,55,40,31,16,52,47,29,26,30,38,40,57,41,31,26,35,25,27,32,27,36,26,20,37,30,34,27,27,33
Mpp6,149,69,116,172,145,123,173,134,223,160,155,213,159,148,201,198,208,337,152,150,100,289,169,91,124,137,118,164,155,203,133,105,147,43,126,140,106,114,116,85,177,103,108,82,88,114
Mpp7,22,11,14,25,23,18,18,23,24,15,23,27,19,14,17,29,12,23,16,17,10,31,11,7,23,16,17,17,15,20,8,11,24,10,11,7,17,11,10,10,18,15,12,7,4,8
Mppe1,4,5,8,12,6,6,11,4,11,12,14,17,11,7,9,10,11,24,2,2,2,13,18,10,5,4,7,5,11,13,9,7,6,5,10,6,13,3,12,3,14,10,5,4,8,6
Mprip,10,3,10,11,6,6,9,8,13,13,18,10,13,13,11,8,11,11,12,5,3,18,24,5,8,9,5,7,11,14,4,7,7,9,8,3,9,10,6,6,11,10,7,5,9,14
Mpst,125,48,106,162,77,122,139,140,124,102,136,143,146,120,123,113,124,72,119,105,34,91,181,117,165,120,128,149,171,129,98,121,128,127,138,162,105,126,161,79,175,157,158,132,116,109
Mpv17,227,89,154,248,183,193,202,180,240,164,251,318,166,129,172,209,243,407,223,177,100,308,177,105,160,173,150,193,234,211,148,122,168,120,195,158,136,146,170,80,190,141,143,114,111,116
Mpv17l,22,8,13,38,29,23,31,29,45,27,30,30,24,30,24,25,21,12,28,21,7,29,37,27,37,24,26,37,56,28,27,19,38,22,21,27,25,37,33,18,37,20,23,28,34,26
Mpv17l2,78,40,47,103,49,63,112,80,103,65,73,107,73,67,81,73,78,100,80,55,24,129,104,52,89,67,62,81,109,94,57,58,69,59,58,88,68,57,83,44,121,97,72,60,61,58
Mpz,7,2,4,14,2,5,4,2,4,3,5,7,7,3,7,10,9,5,5,3,1,6,3,0,3,0,2,4,7,6,4,2,2,3,6,3,1,2,2,1,3,3,2,0,4,1
Mpzl1,11,3,1,16,11,8,6,12,14,10,9,12,11,12,12,13,14,37,7,6,4,35,11,7,7,10,12,17,4,5,7,11,11,9,7,7,6,13,12,6,11,6,6,4,5,6
Mpzl2,37,20,35,34,44,38,56,39,69,50,40,87,47,47,62,44,39,68,42,41,17,38,82,33,43,71,38,44,83,54,41,29,44,17,41,37,48,42,30,38,50,40,43,29,48,28
Mr1,4,1,1,3,4,2,6,7,3,1,4,5,5,2,6,2,4,2,4,3,3,1,10,2,1,1,2,4,7,7,3,2,7,1,4,3,1,2,4,5,3,1,4,2,0,3
Mrap,342,198,446,453,437,565,653,665,697,396,487,618,548,557,632,483,420,556,454,514,253,439,1005,709,905,597,447,687,728,702,635,626,700,634,793,1072,627,749,792,565,1104,794,876,623,691,596
Mras,11,8,10,16,10,11,13,16,11,13,12,15,8,11,8,15,15,19,8,7,1,11,11,10,8,12,11,13,18,12,15,8,18,7,14,17,8,18,20,10,24,12,12,7,4,17
Mrc1,24,9,27,30,27,28,49,35,24,25,34,36,25,28,31,16,27,28,24,16,12,30,26,21,21,17,20,11,26,30,19,11,19,6,6,7,9,9,16,9,10,13,4,3,10,9
Mrc2,2,0,1,11,3,4,3,9,1,3,6,4,6,3,6,2,3,7,6,4,0,6,4,2,2,4,1,2,4,4,4,1,7,9,3,7,1,3,4,0,7,3,3,4,4,2
Mre11a,3,5,11,9,10,7,17,14,10,11,16,9,8,4,6,8,11,21,9,12,3,17,8,2,10,4,6,3,14,8,12,8,12,6,10,8,7,6,7,4,8,8,10,2,13,8
Mreg,92,63,93,158,101,119,109,93,177,148,148,145,148,164,168,141,148,83,147,111,51,170,148,141,149,115,141,139,199,176,82,91,146,72,158,147,127,131,157,85,177,176,142,102,142,163
Mrfap1,382,220,339,535,561,407,411,361,632,376,612,588,483,329,455,494,572,573,406,417,234,578,482,286,430,453,417,475,507,539,335,280,440,215,392,425,415,408,400,270,560,428,403,327,404,315
Mrgpre,4,3,5,5,6,0,7,6,9,3,11,9,6,5,8,14,12,17,7,4,0,18,9,2,12,6,5,5,8,2,4,4,1,3,2,1,4,5,6,4,4,5,5,8,5,7
Mri1,91,44,76,135,72,109,116,106,123,100,120,115,96,96,135,135,152,229,95,73,47,165,132,72,94,98,78,103,133,118,75,61,113,61,116,78,80,125,92,83,143,116,116,63,96,74
Mrm1,18,6,14,21,14,13,9,16,26,20,17,37,14,18,24,28,16,15,14,5,6,22,8,6,11,15,12,17,16,18,9,14,14,12,15,13,12,11,12,9,22,6,17,10,14,18
Mroh1,115,67,87,142,78,101,128,125,126,106,149,170,132,71,138,151,132,185,121,120,45,165,117,83,96,115,84,123,130,107,140,100,127,93,94,97,69,107,102,66,174,100,109,90,96,91
Mroh6,7,2,1,1,1,1,1,0,0,0,2,4,1,0,3,0,1,0,0,1,0,1,1,0,1,0,0,1,1,2,0,1,0,0,0,0,1,0,0,0,0,0,0,0,0,0
Mrpl1,12,4,18,22,12,9,23,14,15,22,16,18,23,19,26,15,21,12,31,17,6,23,21,9,13,21,16,32,29,17,13,18,23,15,13,22,23,13,29,20,27,22,18,16,13,18
Mrpl10,215,130,221,318,156,274,264,210,280,243,292,384,222,234,334,335,326,309,222,220,75,307,299,195,291,250,215,293,316,343,217,195,247,225,257,227,200,254,275,162,311,271,248,175,216,192
Mrpl11,3,3,3,7,2,4,3,4,6,4,5,5,7,1,5,5,3,4,1,2,1,5,4,2,4,5,2,6,6,8,2,5,2,2,2,3,6,4,2,1,9,4,9,4,3,7
Mrpl12,897,374,642,969,587,758,825,734,899,889,737,902,766,843,932,1126,1103,1252,912,793,303,1223,1034,591,697,822,801,939,1188,1110,866,598,831,618,929,844,677,949,861,554,1224,954,905,679,892,843
Mrpl13,200,86,171,244,173,182,244,236,239,181,277,238,245,205,263,246,238,276,224,212,90,225,302,150,221,191,197,213,296,237,184,150,197,134,228,212,171,210,209,147,279,203,200,164,172,176
Mrpl14,1008,498,1040,1399,636,1203,1145,1131,999,1059,1143,1214,1127,1093,1198,1376,1414,1205,1277,1028,342,1464,1283,958,1263,1064,1036,1232,1833,1317,1185,839,1134,889,1160,1176,926,1114,1317,689,1472,1127,1143,962,1061,944
Mrpl15,4,3,6,5,6,7,8,5,10,5,3,10,7,4,13,12,10,4,5,5,3,3,4,0,5,5,5,5,9,4,5,4,7,3,7,3,4,7,7,4,10,12,8,4,4,6
Mrpl16,189,77,180,302,211,189,253,250,329,222,268,350,230,210,258,234,251,357,220,208,84,354,307,188,289,232,233,234,287,246,224,206,213,216,253,244,213,254,244,172,352,294,236,187,236,244
Mrpl18,511,293,529,740,475,542,554,549,627,537,614,718,536,549,645,681,621,745,554,525,231,848,619,384,578,528,495,620,732,605,468,439,514,377,520,514,496,485,596,365,744,563,470,378,441,477
Mrpl19,16,7,12,12,17,10,20,15,15,15,19,34,14,11,20,15,10,18,13,7,7,27,13,7,11,9,20,14,17,16,15,7,15,9,16,5,5,10,11,8,23,9,12,10,16,4
Mrpl2,347,170,266,452,263,363,380,336,392,295,450,419,386,292,406,437,427,429,323,280,110,426,371,250,371,356,306,395,433,396,260,246,331,286,329,270,252,343,360,213,446,304,326,262,265,291
Mrpl20,415,245,407,641,385,413,577,591,596,474,564,768,577,532,566,610,592,803,522,517,211,904,617,346,546,484,493,555,568,550,492,368,445,387,550,483,421,506,538,331,750,599,475,344,434,444
Mrpl21,102,28,51,56,74,72,65,74,61,64,94,101,32,61,77,81,101,119,78,52,28,109,86,43,53,44,79,96,70,54,58,36,58,38,53,45,37,72,63,38,57,49,27,22,35,32
Mrpl22,116,61,108,139,136,160,162,116,182,113,170,197,117,130,136,132,191,169,145,107,42,157,187,104,174,139,114,120,173,154,107,103,140,107,162,124,114,125,142,71,196,135,135,60,109,95
Mrpl23,10,6,5,10,7,21,24,22,24,8,30,10,10,7,24,22,15,13,10,13,3,12,13,4,25,21,5,16,37,27,7,0,7,14,26,9,16,9,23,16,29,21,19,9,22,9
Mrpl24,452,207,394,612,351,442,446,472,598,479,532,672,407,392,541,525,615,623,424,406,146,613,465,300,463,438,392,544,610,496,310,333,436,324,429,384,385,494,376,306,580,468,445,323,378,398
Mrpl27,248,138,291,530,221,385,400,315,489,296,370,413,383,378,408,345,427,373,262,297,150,389,491,306,443,399,277,404,501,428,368,301,347,242,381,357,324,429,392,259,563,409,397,272,376,361
Mrpl28,377,142,328,470,342,348,385,410,465,406,439,469,394,397,451,554,572,543,394,376,146,505,482,286,432,412,369,455,597,484,404,253,357,269,445,370,339,394,509,284,604,416,426,280,382,401
Mrpl3,82,42,63,86,79,81,110,87,113,61,114,120,99,93,84,94,77,143,75,90,50,132,112,60,91,81,85,82,124,146,82,69,82,53,80,78,65,77,74,43,95,83,83,66,74,65
Mrpl30,648,292,599,939,553,748,737,669,918,633,868,840,822,766,829,794,921,996,693,681,312,1013,914,561,819,749,651,826,943,942,667,525,762,448,813,748,819,719,808,486,1018,809,668,659,729,753
Mrpl32,124,66,110,223,136,156,149,127,190,138,179,206,176,171,200,215,183,193,159,160,77,208,213,115,170,148,140,184,196,182,140,128,167,104,166,154,139,164,154,92,218,184,176,121,162,157
Mrpl33,151,99,159,250,179,185,233,202,240,195,267,245,219,175,237,217,232,305,224,205,104,251,240,149,210,192,179,210,238,252,191,164,244,146,175,217,194,195,213,125,307,209,205,168,184,176
Mrpl34,428,211,397,595,455,560,491,500,793,497,529,722,660,562,594,666,577,633,445,439,234,692,638,387,547,540,450,566,585,544,418,400,562,407,542,536,464,504,626,292,800,552,413,373,442,477
Mrpl35,6,1,8,8,3,4,6,4,8,5,8,5,5,11,5,3,5,6,4,3,1,3,7,6,4,4,6,10,8,12,5,2,3,2,1,5,6,8,7,3,5,5,6,1,7,2
Mrpl36,206,130,190,345,246,249,292,277,325,272,328,405,303,265,327,309,304,332,280,233,119,378,380,240,332,285,266,323,353,385,254,226,312,199,308,288,270,284,322,194,391,332,301,229,282,266
Mrpl37,283,114,211,324,167,235,281,219,275,231,306,280,196,233,278,324,330,360,241,235,103,342,259,172,259,253,222,293,331,278,205,198,186,187,214,192,196,226,231,170,331,251,250,150,258,221
Mrpl38,334,157,245,500,168,293,367,280,310,275,424,324,284,254,359,444,330,323,305,298,80,323,312,203,262,256,308,360,321,330,289,216,283,245,320,264,231,273,281,202,412,301,253,195,261,248
Mrpl39,147,73,116,189,124,145,158,152,176,162,163,214,174,164,210,170,184,213,171,151,74,195,247,106,158,98,164,219,217,184,105,133,152,89,178,181,133,154,160,102,246,159,193,94,137,166
Mrpl4,185,96,207,270,191,265,249,228,342,214,283,381,221,225,296,257,283,275,215,189,89,221,310,180,260,239,225,302,315,258,257,193,202,174,236,175,185,248,225,178,349,220,246,153,195,218
Mrpl40,186,101,168,275,187,214,237,271,286,196,253,291,255,241,242,254,260,376,206,213,84,380,269,167,234,224,190,249,328,289,232,193,216,155,243,260,222,252,257,154,332,243,248,166,213,202
Mrpl42,345,164,299,406,321,331,397,378,476,323,441,473,371,318,420,355,373,469,361,302,140,392,513,257,358,330,295,343,518,410,281,260,323,235,327,349,319,347,368,207,458,312,325,253,269,286
Mrpl43,395,238,335,518,464,407,370,391,593,420,486,552,513,399,425,526,502,642,372,384,212,728,497,324,439,467,415,462,539,466,413,326,416,331,471,434,396,356,453,275,632,463,390,323,353,374
Mrpl44,111,60,86,150,121,116,121,112,163,113,161,143,162,113,135,155,171,198,127,107,49,170,133,87,122,111,111,162,177,170,117,102,139,98,141,130,135,119,140,86,214,117,130,118,120,113
Mrpl45,159,65,131,227,136,190,185,142,167,144,200,192,181,191,184,198,252,262,138,142,81,257,226,123,170,160,149,169,245,221,178,126,194,130,187,198,182,177,233,104,218,160,227,187,180,179
Mrpl46,182,70,150,238,207,215,219,206,284,211,205,250,197,205,224,234,266,255,156,202,107,308,251,145,216,214,191,209,262,256,211,154,213,161,214,221,203,212,252,130,307,242,205,179,187,191
Mrpl47,40,36,44,52,45,38,43,47,52,53,62,60,71,57,67,57,62,63,52,50,27,70,61,44,55,44,48,43,49,40,44,38,55,29,45,45,62,37,56,33,73,38,33,39,47,45
Mrpl48,167,84,162,201,137,187,200,190,228,173,208,201,188,162,231,204,212,298,177,198,60,216,195,144,179,181,137,184,258,192,167,127,196,120,129,159,169,192,173,100,210,190,180,109,194,195
Mrpl49,121,50,101,163,93,130,149,124,136,104,138,119,125,105,139,131,141,89,103,94,45,98,157,100,122,107,117,153,155,136,80,90,139,82,135,122,107,137,129,87,180,119,116,85,106,99
Mrpl50,23,16,21,38,26,19,31,21,43,39,31,45,24,30,21,20,31,47,43,31,11,35,26,17,21,16,38,38,35,41,18,19,16,7,31,26,21,12,24,13,29,22,35,16,19,18
Mrpl51,82,45,80,118,62,79,101,118,132,83,114,122,86,87,147,96,128,136,114,102,32,147,125,71,112,107,87,115,131,129,110,89,87,53,91,90,84,112,84,73,112,93,103,74,87,91
Mrpl52,1074,492,942,1527,992,1057,1249,1212,1545,1053,1400,1521,1211,989,1231,1273,1375,2038,1113,1088,502,1795,1266,768,1114,1055,1119,1156,1489,1338,1164,841,1016,779,1125,1104,1024,1081,1157,667,1609,1097,1038,867,972,1029
Mrpl53,320,193,239,515,328,479,476,427,482,396,485,620,503,438,499,463,516,490,403,418,165,536,492,361,460,435,395,547,559,516,354,320,417,327,446,474,359,461,524,273,738,487,437,332,424,406
Mrpl54,266,134,298,513,208,280,373,331,402,273,390,440,311,292,343,363,412,713,323,327,85,503,391,187,349,269,276,311,454,411,461,300,334,315,329,321,257,341,364,236,450,416,311,229,256,291
Mrpl55,246,132,303,398,299,319,361,358,412,288,380,486,318,331,326,336,342,475,292,283,111,489,418,259,332,324,294,318,398,337,316,225,324,227,335,312,254,329,407,203,454,329,303,234,301,280
Mrpl9,114,42,81,159,67,111,96,57,144,72,116,116,137,90,98,167,130,68,97,93,36,152,124,59,80,101,67,100,169,107,72,67,81,58,100,107,49,99,104,56,159,87,110,64,62,95
Mrps10,181,101,207,299,189,244,230,224,256,223,263,240,289,279,279,296,314,352,212,211,109,370,253,187,228,259,216,274,291,308,239,199,263,199,279,227,226,256,253,178,379,332,275,222,261,271
Mrps11,107,56,91,181,85,121,156,116,121,102,144,169,114,97,134,127,163,148,100,124,28,148,117,81,127,109,100,142,143,161,99,96,112,107,115,114,76,137,138,74,148,99,96,91,85,104
Mrps12,308,148,299,402,342,384,353,399,603,338,453,600,343,323,395,587,506,593,327,356,133,533,465,266,371,384,326,458,475,507,400,273,321,245,391,335,312,381,318,228,541,363,348,268,300,314
Mrps14,5,0,9,10,9,8,4,4,8,9,6,9,7,4,5,8,12,11,6,10,0,3,15,10,8,7,7,8,7,7,4,6,5,4,3,10,8,5,9,5,8,7,6,6,3,4
Mrps15,220,133,182,341,191,207,297,290,332,243,303,301,280,242,305,280,296,317,247,271,100,277,284,177,259,217,230,274,372,309,233,217,206,164,228,265,199,240,253,153,350,220,221,186,219,189
Mrps16,339,163,284,412,312,311,407,349,458,320,388,465,399,361,435,388,378,554,327,348,161,482,449,300,381,320,349,429,491,484,371,278,358,233,439,386,345,363,451,235,529,386,383,274,369,336
Mrps17,277,125,265,378,306,298,345,338,476,277,357,388,343,313,357,372,360,488,319,309,161,521,367,266,347,365,264,332,453,422,284,253,364,243,340,340,322,284,361,212,447,355,330,272,299,292
Mrps18a,178,79,136,206,115,165,170,166,157,195,252,251,192,158,189,254,208,299,153,172,40,217,242,120,214,186,183,211,245,252,221,152,182,162,232,173,160,190,170,146,311,223,227,147,218,186
Mrps18b,8,3,4,3,3,4,5,4,10,2,2,10,4,4,3,7,2,7,3,6,3,3,2,3,1,3,2,5,3,7,1,1,3,1,0,2,2,5,9,5,4,5,3,6,3,7
Mrps18c,63,19,55,64,45,60,78,61,71,64,56,71,83,65,85,69,74,104,83,73,30,85,86,44,59,36,41,54,87,83,54,38,54,25,51,73,48,54,57,45,77,54,47,42,63,73
Mrps2,82,44,86,125,95,69,94,100,141,88,92,184,120,89,98,98,113,129,72,91,25,143,147,76,94,124,85,120,142,122,90,86,98,64,107,86,99,96,101,64,122,115,129,73,108,102
Mrps21,251,144,260,377,189,271,340,292,346,334,414,436,290,282,369,393,352,295,364,312,101,247,363,221,294,253,317,351,370,354,212,242,324,242,308,296,238,289,338,203,454,350,323,269,316,317
Mrps22,141,62,111,217,125,165,185,152,169,161,163,227,164,129,161,189,176,198,146,154,72,230,229,127,177,162,141,184,202,180,126,145,177,102,173,129,175,161,170,88,249,182,160,114,143,146
Mrps23,122,75,105,182,112,118,115,135,191,116,162,223,158,123,169,186,143,192,115,144,53,208,141,106,126,132,128,145,174,157,130,93,136,97,156,130,106,133,129,78,195,142,105,109,113,139
Mrps24,523,280,446,706,421,576,594,536,881,643,712,863,522,564,678,693,712,646,613,540,206,758,759,455,653,577,583,669,826,688,458,454,531,401,675,614,496,595,627,391,876,676,608,412,606,548
Mrps25,3,4,5,8,5,3,1,1,2,4,4,7,4,4,2,2,6,8,8,5,2,4,3,2,3,2,3,4,3,4,0,1,1,0,1,1,1,1,2,0,4,0,0,1,2,3
Mrps26,151,89,153,204,115,174,180,165,150,159,212,272,189,178,169,219,213,305,154,151,64,343,166,119,179,181,146,206,235,206,193,139,142,134,192,137,133,164,215,104,218,198,191,128,197,226
Mrps27,96,31,68,124,85,111,101,106,197,105,105,173,89,53,114,120,116,112,106,87,31,109,86,80,119,118,100,130,148,135,79,66,105,63,89,99,109,119,104,71,159,88,102,92,107,92
Mrps28,298,159,278,488,339,326,445,396,424,273,470,422,365,313,385,440,422,720,385,355,177,638,435,285,436,363,318,339,485,424,325,258,371,275,408,427,320,368,408,244,547,388,333,311,313,337
Mrps30,94,42,71,137,120,118,107,98,114,93,108,152,125,91,94,122,140,166,106,115,49,190,106,82,107,101,89,128,177,106,107,54,98,55,97,113,91,114,103,63,176,96,117,71,90,106
Mrps31,135,59,111,184,123,137,176,137,201,114,152,198,192,138,154,125,167,200,129,144,91,209,221,114,147,142,113,162,223,176,115,97,163,109,145,137,150,168,196,113,224,161,120,98,134,128
Mrps33,13,6,11,16,18,10,17,19,15,11,26,10,9,13,15,16,16,20,14,21,9,16,17,13,20,13,8,19,20,16,11,11,16,9,6,14,10,16,17,4,19,10,17,11,21,13
Mrps34,240,143,256,321,181,240,246,187,345,235,290,438,307,254,301,337,267,317,253,231,86,369,294,188,223,247,226,302,275,353,257,218,247,207,341,263,248,243,286,183,359,313,232,201,285,285
Mrps35,194,108,171,278,157,188,201,174,232,171,257,228,252,225,231,280,312,211,232,186,71,337,236,168,213,205,181,213,293,263,148,152,212,132,234,228,183,182,244,142,272,207,210,186,190,176
Mrps36,16,5,7,9,7,9,13,11,8,12,14,27,9,8,10,14,9,9,13,16,1,10,16,12,17,7,8,16,8,11,4,10,12,7,11,11,13,5,20,6,20,14,12,5,16,8
Mrps5,77,31,64,118,42,75,86,63,104,82,111,98,70,81,74,91,87,84,59,56,18,81,92,82,72,57,65,87,88,104,58,77,81,42,83,75,58,106,70,53,103,88,52,60,65,71
Mrps6,103,53,102,147,101,85,143,131,148,106,118,171,124,103,132,181,149,186,94,105,38,144,157,64,119,116,116,138,149,142,117,96,127,97,100,119,117,136,132,76,178,133,110,76,120,112
Mrps7,452,234,415,588,347,527,510,498,622,456,595,648,428,510,556,606,612,597,459,466,174,625,641,375,597,566,421,567,632,621,541,385,538,405,594,452,416,541,544,388,715,635,550,449,468,477
Mrps9,142,68,124,210,127,133,178,151,167,138,181,177,164,145,154,249,250,230,179,137,53,266,164,100,142,161,150,138,232,160,155,107,125,109,146,153,119,128,196,89,210,126,142,108,113,159
Mrrf,81,31,49,83,70,82,93,70,91,66,103,92,71,100,92,88,99,84,61,80,27,88,88,63,86,84,60,107,117,92,76,56,76,68,78,75,72,86,77,44,98,97,96,51,66,87
Mrs2,39,9,30,55,35,30,36,20,36,36,30,27,34,31,31,26,51,49,37,27,20,41,45,30,40,29,37,34,41,42,34,21,36,24,33,32,23,39,38,25,54,27,42,19,27,33
Mrto4,105,59,81,161,92,104,123,103,121,136,137,162,128,109,147,148,161,180,125,122,42,206,147,89,122,107,88,151,146,143,142,96,133,115,129,115,124,115,157,92,178,131,126,103,117,110
Mrvi1,6,2,4,8,7,6,7,9,6,4,10,11,3,7,5,7,8,5,8,4,2,8,5,1,4,8,8,12,8,13,6,3,5,5,5,4,7,6,11,6,13,5,3,4,5,3
Ms4a4b,3,0,0,8,0,1,4,1,0,2,2,0,1,0,6,2,2,2,2,0,0,2,3,1,1,0,0,1,1,1,3,0,2,0,0,1,2,2,1,1,0,1,1,0,0,0
Ms4a4c,3,0,0,2,2,1,1,2,0,0,2,0,0,0,2,0,1,1,1,0,0,2,2,0,1,1,0,0,1,0,6,0,0,0,0,0,0,0,0,0,1,0,0,1,0,0
Ms4a4d,11,7,13,11,7,10,20,17,10,17,16,14,16,6,13,5,12,21,17,6,9,31,18,6,11,19,8,16,16,16,12,6,7,6,6,11,8,18,10,11,13,7,19,6,7,15
Ms4a6b,1,1,4,1,3,3,7,4,2,1,7,3,5,1,2,2,1,2,3,1,3,5,6,0,3,2,1,1,3,6,13,3,4,2,1,2,5,4,2,0,3,3,1,0,2,3
Ms4a6c,4,10,13,26,20,14,21,34,17,9,27,17,11,1,16,11,16,13,4,9,8,21,15,11,28,11,22,8,9,10,64,6,7,13,7,7,10,11,8,1,14,14,11,8,5,4
Ms4a6d,3,4,4,5,12,4,6,6,3,1,6,5,3,7,13,4,6,16,2,5,1,8,5,7,12,4,4,3,3,8,24,4,6,4,2,0,1,5,1,1,3,2,4,1,1,2
Ms4a7,2,5,11,21,4,9,12,22,8,4,19,2,6,5,9,6,9,18,5,9,7,12,12,6,10,8,5,9,12,14,7,7,4,11,0,3,10,11,9,4,6,6,11,3,3,4
Ms4a8a,6,4,4,4,3,3,2,5,10,4,5,11,3,1,3,1,2,3,0,4,1,6,6,2,6,2,3,3,1,4,4,0,0,2,3,2,1,4,0,0,1,4,4,1,3,1
Msantd1,1,1,0,2,1,2,6,2,3,0,1,1,1,5,5,2,0,1,1,5,0,4,4,0,3,0,0,4,3,1,4,5,0,3,1,1,0,4,0,0,3,3,2,0,1,2
Msantd2,20,10,45,49,26,39,46,34,43,23,39,38,29,28,27,35,30,28,27,20,10,31,38,21,26,31,21,28,51,34,17,15,27,18,18,22,14,22,21,17,38,24,30,21,15,23
Msantd4,22,13,30,50,27,21,32,21,38,26,30,55,35,34,34,37,41,35,23,29,12,31,33,19,31,27,31,26,38,42,25,15,28,13,34,19,18,22,21,13,34,39,33,21,27,24
Msh2,24,17,41,63,30,34,27,45,54,33,46,41,39,34,35,40,41,55,39,30,6,56,51,32,37,54,32,29,63,47,39,28,30,35,37,33,43,30,40,33,53,22,48,37,34,35
Msh3,16,5,14,37,12,19,16,34,22,23,31,42,18,22,23,31,34,38,15,26,10,35,23,8,27,23,22,15,27,33,17,10,16,16,25,15,14,26,22,17,22,20,20,12,20,17
Msh6,30,17,29,30,31,29,32,34,62,35,40,27,36,38,35,48,38,45,37,23,8,38,46,24,25,42,22,35,46,41,30,22,27,35,38,35,33,36,30,24,44,23,40,23,30,31
Msi2,45,15,29,59,26,31,34,27,48,41,41,28,40,25,33,53,44,62,42,36,23,65,32,19,28,35,28,33,38,30,39,38,36,25,29,44,34,35,25,23,40,42,31,25,26,32
Msl1,102,47,97,128,72,87,117,91,104,102,122,130,115,96,123,112,73,94,71,85,41,136,130,69,102,113,82,95,125,104,69,49,97,80,91,84,93,86,80,82,158,87,81,72,70,86
Msl2,6,5,10,14,6,11,8,7,6,11,9,10,12,9,11,11,9,9,7,5,2,7,8,5,4,9,4,8,8,6,5,5,6,1,6,1,3,8,6,6,8,6,2,3,4,7
Msl3l2,3,0,0,5,3,1,6,7,10,5,11,8,4,9,8,4,3,14,6,4,3,10,2,6,5,5,6,5,12,6,9,5,4,6,5,5,2,2,4,1,10,6,5,4,6,4
Msln,10,7,1,14,7,5,13,2,7,2,5,11,7,7,9,7,5,6,1,3,5,1,16,3,4,7,6,18,14,21,6,5,15,8,6,3,5,8,7,2,9,2,4,7,3,13
Msmo1,213,45,154,152,219,168,136,161,333,211,178,472,142,89,151,177,232,28,244,205,85,32,319,127,180,276,213,212,385,231,92,103,172,70,117,134,137,174,167,130,203,139,148,86,117,94
Msmp,26,9,14,19,1,20,3,4,4,32,44,37,11,15,34,9,40,24,14,13,7,30,16,11,10,4,7,11,20,19,2,6,11,3,12,5,7,11,21,6,18,6,6,9,9,8
Msn,31,18,28,59,46,42,60,43,34,28,67,48,23,25,48,36,41,92,43,31,15,48,52,24,37,30,51,30,34,45,106,17,31,34,23,34,26,42,27,18,27,18,28,21,27,29
Msr1,4,2,7,10,11,4,6,5,7,4,5,6,2,1,6,4,7,7,5,1,3,10,9,4,5,0,9,6,7,8,9,5,1,1,3,6,7,4,3,3,3,4,8,0,4,1
Msra,966,422,856,1377,648,914,1079,909,1211,982,1173,1127,1097,1048,1201,1507,1399,1181,985,983,402,1180,1223,830,1009,1074,878,1172,1389,1315,1122,874,1111,824,1347,1218,969,1070,1274,744,1569,1246,1185,831,1022,1048
Msrb1,2625,1135,2565,3315,2007,3084,2427,2718,3953,2737,2975,3283,2745,2578,3490,3673,3049,1557,2521,2941,940,2064,3049,1833,2811,2618,2773,3169,3995,3565,2440,2069,2642,1946,3405,2616,2302,2941,3246,1702,4100,3058,3051,1962,2695,2619
Msrb2,62,22,61,105,52,77,87,70,76,43,70,103,68,58,78,69,70,104,73,45,22,79,106,58,95,70,57,85,90,94,29,63,79,62,74,89,68,84,82,44,113,87,60,48,62,65
Msrb3,73,27,42,91,75,44,73,72,89,60,95,123,73,73,62,96,75,106,60,58,28,92,87,34,56,97,65,77,53,70,45,39,65,48,65,53,56,80,57,34,96,48,53,42,32,63
Mss51,7,2,5,6,3,2,3,4,3,5,2,3,1,4,3,6,6,4,2,3,0,4,4,4,2,5,5,4,2,3,4,2,5,1,0,0,7,1,1,1,2,1,5,0,1,4
Mst1,616,314,587,969,552,571,728,593,1214,635,716,1130,789,656,721,830,847,795,593,589,196,899,925,521,794,701,641,672,1051,673,551,511,622,520,703,702,668,734,733,446,966,731,691,434,627,682
Mst1r,3,1,3,6,6,2,2,1,5,2,3,5,0,7,0,2,7,6,6,5,0,9,2,1,3,0,2,2,2,2,1,1,0,0,0,3,3,3,2,3,6,0,1,0,2,4
Msto1,42,22,29,50,41,23,46,32,45,46,36,66,37,24,38,53,49,77,35,33,16,71,37,33,35,37,29,32,47,28,40,21,35,20,27,33,33,38,43,16,41,29,26,29,21,43
Msx1,3,1,2,7,4,3,8,1,5,1,5,5,1,1,2,0,2,1,3,1,0,3,7,4,8,4,3,1,0,2,1,2,2,1,3,2,1,1,0,1,3,5,2,0,4,4
Mt1,206,345,4204,2132,13604,2086,470,375,39520,500,3518,18445,3669,3744,1822,1320,1529,4797,294,1272,311,4533,242,352,1340,734,4184,191,2505,981,2037,112,225,390,337,285,498,235,259,199,353,222,561,471,347,248
Mt2,63,198,2324,1552,9997,852,250,199,43939,189,3312,10887,2982,2645,1523,779,835,2446,146,360,147,2615,76,93,1054,441,4560,59,635,523,2106,40,113,278,207,262,236,115,59,110,172,56,273,179,90,73
Mta1,209,131,241,372,197,229,293,260,292,191,329,295,249,196,231,317,342,427,255,186,99,476,229,185,222,199,217,223,299,251,241,155,189,159,187,197,179,227,229,116,307,204,206,160,178,178
Mta2,109,54,105,162,74,80,130,98,125,111,147,170,133,98,119,135,93,142,116,93,27,162,142,80,114,105,107,121,128,93,80,78,94,73,109,97,73,119,88,58,118,106,96,69,81,93
Mta3,84,28,61,133,85,63,110,113,86,77,95,80,76,67,69,90,98,126,90,64,26,73,82,68,98,97,72,86,95,81,93,58,78,61,52,61,65,87,71,49,80,78,79,64,78,73
Mtap,31,15,29,45,36,32,47,40,69,42,44,77,50,46,55,26,48,75,32,33,11,90,49,32,52,58,47,53,65,69,41,41,40,29,42,43,37,39,32,36,45,41,38,27,25,43
Mtbp,11,5,10,9,7,2,7,7,9,5,6,9,7,5,5,9,10,19,5,2,2,11,6,4,6,5,7,7,6,5,8,5,4,5,4,5,8,1,1,1,4,2,9,7,5,4
Mtch1,335,154,270,342,304,332,307,283,477,339,410,427,384,349,348,428,391,436,314,280,99,406,293,285,343,341,244,346,507,384,321,227,291,241,359,311,293,327,319,230,376,356,348,256,330,358
Mtch2,52,15,56,69,58,60,46,48,90,52,72,70,83,54,73,73,65,85,70,48,26,123,76,46,59,73,60,69,79,72,44,47,60,38,59,66,68,57,49,44,97,75,60,43,61,66
Mtcl1,1,0,1,3,2,5,7,2,2,1,1,3,7,2,4,2,1,1,5,2,2,8,3,0,3,5,1,2,2,6,2,2,2,4,4,1,0,3,4,1,4,2,2,3,2,2
Mtcp1,1,1,1,6,1,0,6,4,5,3,5,6,2,2,2,4,1,1,1,3,0,9,6,1,3,2,3,5,5,8,3,2,6,2,1,0,2,1,1,2,5,1,1,1,1,2
Mtdh,2,1,2,4,8,4,9,3,12,10,10,11,5,6,5,6,4,12,5,7,3,8,9,5,7,7,7,4,12,6,8,4,7,0,6,10,7,11,3,3,6,6,11,5,8,4
Mterf1a,4,3,5,4,1,4,0,3,5,4,9,5,1,3,3,8,2,2,4,4,1,2,5,1,8,2,3,2,8,4,3,4,4,1,3,2,1,3,1,3,2,4,5,2,1,3
Mterf2,3,1,3,3,4,1,8,4,1,5,2,4,3,2,2,1,1,2,6,4,1,3,3,4,7,3,2,3,10,10,2,1,2,0,2,2,6,0,0,3,8,1,0,0,5,1
Mterf3,41,19,30,72,29,44,49,23,60,40,37,58,55,48,58,48,39,47,39,37,12,55,46,36,44,43,27,43,50,61,16,29,47,24,39,35,41,47,30,17,54,44,31,33,30,32
Mtf1,30,14,22,36,43,24,37,33,40,27,38,59,31,37,43,27,18,31,28,24,12,25,44,32,31,26,32,26,38,29,46,25,26,21,27,19,28,23,24,22,43,29,22,14,19,20
Mtfmt,30,20,32,43,37,31,46,45,42,42,41,57,32,30,34,51,46,65,35,39,23,70,58,27,38,41,26,45,53,57,28,41,45,35,42,31,28,47,32,19,60,34,43,23,53,33
Mtfp1,196,98,190,205,157,136,222,190,221,193,188,230,242,205,229,189,193,162,167,224,89,211,301,168,221,186,193,215,255,241,153,132,214,142,194,232,199,208,225,138,223,196,235,173,197,202
Mtfr1,131,66,110,226,132,142,165,112,177,129,188,147,165,165,178,197,193,118,144,120,71,185,207,103,159,133,118,174,202,218,92,92,162,93,163,165,119,140,168,96,233,160,144,126,135,150
Mtfr1l,292,172,309,485,339,355,344,344,468,425,402,489,365,388,374,459,461,469,348,358,161,488,484,301,395,432,337,473,535,531,410,305,469,276,472,439,380,397,483,260,612,500,395,336,443,381
Mtg1,72,26,81,108,46,68,72,56,89,69,99,98,86,69,79,111,127,125,73,61,25,133,88,47,90,77,50,101,81,81,61,58,75,54,85,80,60,74,80,56,107,74,72,64,86,69
Mtg2,58,32,58,102,59,71,80,76,90,59,97,118,64,60,83,81,82,53,69,53,22,77,71,55,63,46,64,94,82,78,47,52,64,65,67,59,47,64,63,50,95,70,72,44,68,48
Mthfd1,673,325,642,899,795,772,816,790,1104,750,817,790,978,760,814,826,853,638,799,743,335,862,1065,654,936,839,682,771,1294,953,564,533,847,576,842,864,699,769,925,513,1277,837,879,672,717,774
Mthfd1l,30,6,16,25,23,7,13,17,21,20,40,31,20,17,18,44,38,95,26,20,8,87,20,4,18,27,15,13,15,15,37,13,24,17,14,14,30,29,12,11,23,10,20,11,7,12
Mthfd2,12,4,2,20,17,4,13,30,8,9,14,24,9,8,13,39,63,53,25,10,9,41,9,4,7,12,14,11,5,7,28,3,9,11,4,2,9,9,6,8,14,13,7,9,5,4
Mthfr,22,9,15,33,31,20,23,30,40,20,35,51,21,14,35,30,56,48,26,21,10,43,26,9,26,32,20,22,11,17,45,28,22,20,17,24,17,17,20,10,29,19,23,11,13,15
Mthfs,110,58,111,184,150,126,150,120,200,113,182,159,152,132,140,164,172,190,99,121,84,184,176,110,159,141,113,117,183,163,108,82,125,123,129,148,113,121,148,87,166,127,113,137,103,116
Mthfsd,36,15,25,61,32,35,41,54,57,41,44,89,55,23,57,50,50,93,41,59,14,54,65,26,60,63,33,44,55,45,58,28,29,43,46,31,33,61,38,20,61,46,41,23,31,39
Mthfsl,129,54,121,183,135,138,127,124,183,120,141,156,172,128,146,177,177,202,114,140,56,242,166,111,125,133,96,136,162,189,145,92,135,117,117,147,105,110,150,94,187,149,119,120,116,112
Mtif2,62,29,50,80,45,64,93,59,63,57,72,88,60,44,50,75,65,55,77,64,27,80,75,51,55,70,38,81,49,62,34,47,61,37,72,49,51,65,43,37,79,53,65,45,51,35
Mtl5,5,3,10,8,6,6,1,8,4,9,5,4,5,6,8,6,13,16,2,6,3,15,5,3,4,5,6,8,6,4,1,6,5,4,5,6,7,4,7,5,8,2,6,3,5,6
Mtm1,18,9,14,44,18,22,44,31,25,22,34,28,28,23,31,34,21,41,19,23,13,59,29,17,25,17,25,48,41,34,15,18,28,13,28,18,20,17,22,13,26,24,22,17,9,14
Mtmr1,92,48,78,126,110,81,70,76,110,78,130,101,99,106,94,112,110,96,106,84,30,138,102,62,94,86,74,77,106,115,84,78,111,80,99,92,85,91,106,64,146,86,110,84,79,67
Mtmr10,111,71,113,172,109,110,135,124,190,83,155,188,152,146,139,165,149,154,100,106,36,171,149,74,95,111,95,122,131,113,120,83,119,79,74,100,87,98,135,69,147,88,102,87,92,109
Mtmr11,22,7,6,34,73,8,15,30,51,7,22,51,18,9,13,11,17,119,20,17,12,43,17,2,10,28,16,12,11,12,15,5,10,15,6,6,9,20,4,8,22,11,9,7,10,11
Mtmr12,29,19,29,40,25,25,48,37,44,34,35,58,29,46,36,27,40,48,34,20,18,58,46,28,24,26,29,25,47,27,30,14,29,26,30,22,31,28,33,16,41,30,34,29,14,30
Mtmr14,84,36,60,106,80,100,85,86,116,82,97,108,100,95,90,128,114,111,87,80,39,126,94,61,98,73,90,96,139,127,108,53,89,54,112,94,73,88,87,49,115,75,98,66,74,97
Mtmr2,26,12,22,29,25,23,22,26,29,24,29,46,28,22,31,32,32,35,28,18,11,45,35,16,28,22,26,28,40,30,23,20,26,13,22,25,9,19,28,13,35,33,20,12,26,19
Mtmr3,101,67,124,154,127,110,148,120,180,119,144,144,143,118,128,188,161,139,110,114,50,202,124,78,112,115,104,123,155,150,104,80,100,88,130,117,105,115,119,80,193,128,123,87,90,118
Mtmr4,22,11,21,24,23,39,19,19,28,26,29,69,26,23,43,23,24,22,31,33,6,30,38,15,17,26,36,30,28,37,10,25,36,25,32,15,26,25,32,13,29,23,18,17,20,23
Mtmr6,56,25,35,56,48,34,65,42,54,48,36,66,52,39,47,64,62,69,36,38,22,62,58,33,31,50,29,35,56,52,31,27,41,26,41,40,49,25,49,19,61,29,43,19,31,35
Mtmr7,0,0,0,0,0,1,1,0,5,1,1,1,1,0,2,1,2,3,2,2,0,8,5,1,2,4,0,2,9,6,2,3,3,1,1,2,7,4,3,0,4,1,1,1,3,2
Mtmr9,10,2,5,11,3,6,9,9,6,19,2,6,14,7,6,9,6,23,6,9,1,20,9,5,9,7,10,11,8,5,7,8,8,6,2,9,8,9,14,9,13,13,5,4,9,7
Mtnr1a,0,1,0,9,1,7,2,1,1,1,3,2,6,3,7,7,0,15,7,1,0,4,10,3,4,2,1,5,5,4,3,11,2,3,5,6,1,3,6,2,7,2,7,2,4,3
Mto1,43,25,64,80,55,63,71,63,77,53,87,78,60,61,57,118,90,75,58,59,14,78,91,51,70,59,67,72,78,84,67,40,66,48,81,57,55,44,78,32,90,91,75,52,77,56
Mtor,137,74,173,344,184,166,215,190,200,174,308,223,215,165,198,237,291,330,200,159,88,329,208,127,187,183,186,165,205,213,153,149,216,170,169,195,168,179,201,135,276,199,214,162,192,167
Mtpap,54,30,55,102,64,58,73,73,91,62,77,77,76,83,82,60,85,78,72,72,25,104,97,50,58,54,52,67,98,91,60,49,74,45,70,55,56,53,49,55,104,69,71,53,59,61
Mtpn,182,94,156,263,87,175,202,119,226,199,277,248,209,157,238,241,206,204,223,142,62,200,267,119,170,217,183,189,226,219,132,154,256,137,209,174,199,186,232,95,238,163,170,135,176,159
Mtr,7,4,8,9,11,8,11,9,5,6,3,15,8,8,8,13,9,15,12,9,1,11,10,3,12,12,5,8,11,7,10,6,6,7,8,13,5,9,7,4,15,5,7,15,6,4
Mtrf1,34,13,24,50,27,45,43,37,49,32,50,73,50,47,56,46,39,70,31,52,16,63,47,35,36,43,33,52,53,60,30,38,41,33,50,48,33,42,42,33,54,38,37,36,32,51
Mtrr,48,16,33,49,34,29,37,31,37,28,44,53,38,34,41,33,49,44,31,36,8,51,34,31,30,28,27,37,36,46,39,34,26,21,24,33,33,40,39,30,45,30,49,25,22,43
Mtss1,339,265,394,432,493,365,373,344,769,434,608,803,635,444,458,419,414,300,353,406,181,416,467,310,364,451,481,416,580,534,252,330,424,232,375,354,387,374,490,321,568,473,447,447,369,446
Mtss1l,13,6,5,14,5,9,14,11,8,15,8,18,13,8,9,11,16,12,9,5,3,12,10,6,11,4,7,7,17,11,6,8,11,6,7,2,6,12,4,6,11,7,9,6,2,16
Mttp,203,128,195,394,283,281,378,296,446,316,313,409,298,361,420,385,421,328,277,303,140,318,475,234,308,340,281,371,411,427,234,335,347,154,352,340,296,338,338,234,432,393,331,210,292,337
Mturn,2,0,0,7,2,2,2,3,3,1,1,8,0,2,1,5,8,11,6,0,0,11,0,1,2,1,2,5,2,3,1,0,5,2,1,0,0,3,1,4,5,3,2,2,1,5
Mtus1,130,42,90,153,115,79,117,111,150,131,153,137,106,84,116,170,139,126,121,97,52,156,146,67,83,119,103,136,150,136,95,83,123,54,129,92,99,108,97,63,116,117,109,57,86,105
Mtx1,204,122,213,265,121,204,239,231,189,186,263,267,158,189,254,257,224,288,202,181,66,302,187,130,217,170,192,250,279,182,177,159,178,178,218,156,138,147,171,142,230,187,170,98,155,168
Mtx2,198,95,199,299,199,201,255,214,302,219,223,230,249,230,268,303,266,373,243,238,116,443,340,199,258,228,200,271,354,279,284,175,253,142,280,227,218,228,257,163,337,229,255,143,182,240
Mtx3,13,7,18,29,20,23,28,19,20,18,24,20,12,19,18,23,22,23,20,13,8,33,22,7,10,23,10,17,30,15,18,22,8,7,19,19,9,21,9,13,15,18,14,8,17,12
Muc1,6,1,5,16,5,1,17,14,7,7,9,11,7,3,0,10,14,6,14,9,3,4,4,3,4,7,5,7,4,13,8,5,6,12,4,5,3,8,9,5,10,7,3,0,4,5
Mug-ps1,198,53,150,239,155,159,201,195,240,230,244,213,119,74,162,222,172,103,168,154,58,147,159,110,170,205,125,177,193,185,132,160,171,111,151,126,113,171,132,91,196,164,181,93,110,120
Mug1,2250,1109,1408,3677,2015,2510,2523,1950,5646,3670,3659,5440,2582,2682,3792,4065,3891,1459,2760,2676,972,1709,3334,1683,3241,3766,3421,3358,4070,4104,1546,1873,2789,1260,2536,1487,1727,2806,2580,1863,4166,3347,2252,1458,2222,2676
Mug2,645,358,660,1083,948,911,846,838,2046,890,761,1307,672,762,835,807,702,476,710,722,334,561,1302,786,1041,887,1035,1060,1899,1133,836,720,970,513,826,621,824,723,680,519,1219,842,915,554,631,848
Mul1,31,27,39,51,26,40,62,36,60,38,54,68,57,41,51,38,29,51,36,35,9,51,64,36,51,42,38,44,69,60,17,44,34,33,44,28,33,58,39,34,66,28,37,34,30,37
Mup12,8,1,22,4,14,23,28,15,6,7,13,4,8,11,9,10,9,0,57,10,20,1,83,23,55,18,14,18,16,19,17,9,31,17,24,28,11,24,39,28,90,33,22,13,17,12
Mup14,2,0,0,0,0,2,4,2,1,0,5,1,3,0,1,1,1,2,2,3,0,0,3,3,2,6,2,2,0,5,4,0,3,1,8,5,2,1,8,3,20,5,2,2,2,1
Mup15,0,0,0,0,0,0,0,0,0,0,3,0,1,0,0,0,0,0,1,0,2,0,16,9,12,8,0,10,1,0,0,4,4,0,12,5,0,13,2,18,32,15,8,0,2,0
Mup2,0,0,0,0,0,1,1,0,0,0,1,0,1,0,0,0,0,0,0,0,0,0,9,0,1,3,0,0,2,1,0,0,1,0,0,1375,1,1,0,0,0,0,1,2,0,0
Mup20,212,89,107,308,154,219,312,200,47,105,258,255,210,68,108,178,93,49,190,113,49,15,278,49,284,347,68,105,87,104,40,81,156,109,93,49,113,262,211,234,711,304,47,46,72,137
Mup21,198,74,144,224,46,756,457,216,44,176,514,234,539,228,433,337,175,19,419,262,70,18,799,397,930,883,207,753,797,758,239,427,735,169,548,499,621,528,1463,1052,2169,1831,373,496,630,753
Mup3,9763,3850,10610,9338,4991,18356,17328,11938,6086,11750,15105,10838,13216,11591,16379,12065,10086,593,13713,11775,3758,516,23328,11537,19987,16611,10875,17197,11310,19534,4635,10206,16079,7622,17141,14885,8812,16972,21502,10862,22148,17186,11567,10287,13218,11908
Mup4,1,0,0,0,0,0,1,0,0,2,2,0,1,0,1,1,0,0,2,3,0,0,12,0,2,0,1,0,0,7,0,0,2,0,0,0,2,12,2,1,2,2,0,0,1,1
Mup5,17,451,14,11,6,75,29,12,9,8,32,21,8,10,19,13,15,41,73,14,19,0,175,22,28,33,19,71,17,31,13,15,46,7,30,85,11,20,25,38,74,54,81,14,19,12
Mup6,1,1,2,1,0,3,4,11,3,10,5,14,9,5,2,1,3,0,11,3,2,0,11,12,14,9,4,12,14,16,1,4,4,4,13,21,11,19,17,71,159,11,5,4,8,1
Mup7,0,0,0,0,1,0,0,0,4,0,2,0,1,0,1,0,1,0,0,1,0,0,3,1,6,2,0,1,0,2,0,0,1,0,1,1,0,4,6,0,6,6,1,0,4,1
Mup8,0,0,0,2,0,0,0,0,0,0,0,0,0,0,0,0,0,0,0,0,0,0,0,0,0,0,0,244,0,1,0,0,0,0,0,0,0,0,1,0,1,1,0,0,2,0
Mup9,9,1,18,4,15,22,34,12,5,3,16,11,5,16,9,15,10,0,135,20,12,0,24,31,44,35,11,28,13,27,7,6,29,3,21,21,10,22,33,41,136,43,8,15,17,8
Mus81,35,31,32,41,35,33,47,43,51,23,41,51,29,44,40,44,48,63,25,29,6,37,48,35,30,46,31,50,48,48,34,20,28,18,32,27,22,48,30,20,38,36,38,36,42,35
Mustn1,32,23,43,75,42,39,50,54,36,30,83,63,47,34,55,46,57,116,36,25,13,131,39,19,30,17,40,37,37,43,44,19,26,28,25,17,20,20,26,10,37,21,25,12,26,24
Mut,96,66,100,224,89,117,181,122,194,135,158,161,219,155,165,186,148,150,132,123,52,213,202,116,146,159,130,178,265,205,99,120,161,74,200,176,190,151,157,102,218,181,158,126,141,146
Mutyh,1,2,2,7,4,0,8,3,2,1,1,8,1,3,3,2,3,7,5,3,0,6,0,0,2,4,3,1,0,3,4,2,2,3,3,4,2,9,0,0,7,1,2,2,1,1
Mvb12a,334,136,219,429,188,265,333,259,379,326,341,441,288,266,332,286,334,418,284,310,85,407,385,217,301,234,275,351,393,319,343,215,278,261,345,292,231,311,372,154,379,313,344,205,272,290
Mvb12b,10,7,5,19,10,9,9,11,8,15,16,21,12,11,9,10,14,19,8,4,6,37,13,12,11,9,9,14,8,19,21,5,12,8,15,8,17,8,15,7,22,6,4,3,2,10
Mvd,109,29,52,63,103,58,77,119,296,103,62,400,42,34,44,79,97,18,102,141,40,21,158,115,48,136,126,176,128,88,92,103,111,125,71,156,78,102,94,104,133,141,93,75,87,58
Mvk,169,44,121,235,230,130,150,170,286,182,217,428,132,78,145,153,226,85,147,185,73,61,148,96,180,182,197,183,222,184,136,93,136,110,113,90,128,159,128,75,237,143,123,91,138,132
Mvp,324,177,367,644,509,321,375,428,482,318,626,529,386,272,376,545,639,1242,426,343,149,812,361,195,290,308,312,321,331,366,912,226,275,294,302,277,238,324,299,144,356,281,299,261,225,257
Mx1,2,3,3,12,5,3,2,10,4,4,9,4,7,3,5,3,7,4,3,1,2,6,7,1,9,3,0,3,4,4,23,3,3,8,3,2,5,0,5,2,6,5,5,1,1,4
Mx2,39,16,31,30,19,26,16,26,52,19,26,30,23,20,35,25,30,15,14,25,8,26,21,16,26,25,42,23,28,19,52,12,16,24,24,11,16,18,18,16,44,38,19,13,23,14
Mxd1,6,1,10,12,7,13,12,9,15,5,15,22,8,5,7,15,13,14,12,8,3,11,8,5,7,9,5,11,10,9,15,8,7,11,12,7,7,14,7,6,23,12,8,6,5,6
Mxd3,2,5,1,2,2,0,4,8,3,1,2,2,2,2,1,0,4,15,1,1,0,5,3,2,2,2,3,0,3,5,9,3,6,6,6,1,4,6,4,1,4,5,5,0,1,4
Mxd4,91,35,90,97,55,89,101,93,81,77,85,96,90,94,96,96,123,95,90,80,21,69,90,67,77,68,50,94,109,98,97,68,109,91,105,90,62,108,107,62,124,98,101,63,82,78
Mxra7,8,5,6,13,7,8,11,15,11,1,15,9,8,6,13,10,11,12,17,9,3,8,10,1,8,7,10,6,12,13,12,9,12,8,8,7,6,12,7,6,16,8,5,13,6,14
Mxra8,29,16,24,41,20,32,34,30,26,22,40,23,46,30,37,39,30,42,26,26,11,39,35,19,30,27,23,28,41,33,18,20,18,22,18,16,20,28,28,13,52,13,30,17,22,18
Myadm,81,36,72,128,96,63,82,95,160,96,95,148,96,69,80,98,88,164,82,83,29,130,87,47,80,98,87,116,129,93,74,56,61,56,54,52,57,98,65,54,91,65,73,41,76,84
Mybbp1a,173,143,182,276,209,198,252,217,241,195,251,374,214,163,220,251,265,395,169,206,83,407,255,191,225,204,206,199,244,202,180,151,230,184,182,179,191,179,184,132,284,173,184,140,191,163
Mybpc3,1,0,0,0,0,0,1,0,0,1,0,1,0,0,0,0,0,0,0,0,0,0,1,0,0,0,0,0,2,0,6,0,1,0,0,0,1,0,0,1,0,0,0,0,0,0
Myc,11,6,13,18,16,10,49,25,13,6,34,25,25,19,15,31,33,80,88,16,15,127,117,8,119,10,15,11,19,11,20,5,38,21,20,11,8,67,14,10,93,12,10,6,8,12
Mycbp,34,12,28,68,30,37,46,49,59,43,57,75,39,56,53,44,53,56,25,37,18,71,63,43,37,48,37,42,52,64,41,37,60,27,49,39,29,52,43,44,71,58,45,31,51,58
Mycbp2,34,27,41,72,49,21,59,51,76,41,46,66,62,45,42,57,83,67,45,42,16,78,59,36,53,38,54,57,71,71,61,25,58,41,41,36,32,43,45,37,62,31,36,29,29,37
Mycl,8,4,8,20,7,5,9,10,19,9,17,4,8,16,14,25,27,25,11,6,6,16,12,16,18,8,11,15,17,25,8,11,10,9,12,21,5,16,6,9,18,13,20,12,10,19
Mycn,3,5,3,9,7,1,8,5,10,5,4,13,4,5,13,3,4,4,4,3,6,1,8,4,6,3,1,7,4,1,7,4,19,6,10,10,7,4,10,5,16,5,4,5,7,5
Myct1,1,2,2,5,2,3,5,2,2,2,5,1,3,3,1,1,2,4,1,1,0,1,1,1,2,0,1,2,7,2,1,2,3,1,4,0,1,5,3,2,2,1,1,1,2,1
Myd88,103,60,91,168,98,116,124,132,144,66,169,153,101,84,113,116,88,126,82,92,42,121,130,60,120,96,90,66,100,104,173,71,82,73,98,74,58,90,90,48,124,86,92,73,96,99
Mydgf,488,198,374,563,403,462,506,479,733,511,541,848,416,402,551,687,633,690,516,496,171,539,619,308,552,487,546,633,584,608,506,369,456,302,564,451,437,554,544,343,711,545,501,350,454,427
Myef2,11,2,7,21,8,9,14,9,12,11,17,12,12,12,12,11,7,16,10,11,0,13,11,5,10,14,16,11,10,7,19,8,12,5,10,15,9,14,7,7,13,8,6,5,5,10
Myeov2,396,201,368,626,421,433,506,485,608,482,582,601,564,450,580,567,602,688,504,482,237,632,625,378,534,472,487,460,649,618,569,427,588,390,517,594,502,507,609,343,825,654,494,438,546,524
Myg1,111,64,116,155,80,97,137,131,123,92,106,188,83,82,114,144,132,176,128,87,29,146,113,71,118,100,97,106,114,110,109,68,100,103,104,105,85,97,101,66,140,90,109,81,70,72
Myh10,13,4,4,12,14,13,19,23,22,14,16,26,17,7,12,10,13,38,19,13,6,28,18,8,13,19,16,18,13,10,13,13,9,10,11,7,11,12,13,8,21,15,7,3,8,9
Myh11,2,10,4,9,3,4,9,5,2,2,3,2,6,4,4,4,5,4,5,5,2,8,5,3,7,2,6,9,9,2,3,3,2,1,5,1,2,5,6,3,5,5,4,5,3,2
Myh14,48,11,32,55,24,21,41,40,52,45,59,35,42,31,33,44,44,37,43,31,19,32,38,30,41,45,28,59,56,56,45,28,43,35,22,33,33,31,41,20,55,28,29,24,42,36
Myh9,198,141,248,326,453,277,353,342,492,256,348,408,260,168,239,271,232,510,269,228,103,413,298,159,249,221,280,232,334,328,354,190,255,191,227,197,197,225,226,142,319,188,242,151,175,179
Myl12a,428,194,373,763,476,413,532,546,704,434,524,682,599,460,529,536,596,1169,441,387,223,1325,639,324,554,510,393,480,617,543,602,315,433,405,508,430,434,483,540,290,743,482,454,308,395,467
Myl12b,347,162,306,558,358,357,470,452,450,350,455,496,419,340,349,348,366,626,353,310,130,532,528,238,387,396,298,373,462,378,419,270,353,295,337,305,298,406,339,258,531,367,307,221,262,316
Myl4,5,1,7,7,3,4,5,4,6,4,4,6,7,6,6,8,4,5,4,7,2,8,8,3,3,5,4,3,6,5,3,1,4,1,6,5,3,3,10,4,7,2,9,6,1,7
Myl6,285,119,198,359,222,228,331,229,282,261,306,359,232,210,277,247,295,301,310,224,87,270,279,165,226,202,232,266,259,334,269,189,282,241,189,249,220,222,311,159,375,254,187,203,192,216
Myl6b,6,2,2,7,1,6,8,4,4,6,4,4,4,8,3,9,7,5,3,5,1,4,5,3,6,4,2,6,5,6,2,4,3,3,0,1,3,13,4,1,6,4,6,4,4,4
Myl7,2,1,3,6,3,6,7,4,4,4,3,2,6,2,3,3,0,4,2,2,0,5,15,4,4,5,3,8,7,8,2,2,9,6,5,7,3,7,6,3,10,1,7,1,2,6
Myl9,24,7,20,28,13,13,40,47,18,12,27,17,8,24,17,21,17,21,21,12,7,12,32,8,22,22,25,46,18,35,20,10,17,21,16,18,11,23,21,15,21,15,15,11,13,21
Mylip,25,13,23,29,25,26,33,24,41,25,40,43,33,31,28,52,41,56,35,18,26,107,27,21,24,26,20,30,28,33,22,17,24,12,18,28,14,27,17,19,25,15,24,16,10,13
Mylk,86,46,67,128,93,79,111,132,158,132,127,151,99,113,111,111,133,102,102,101,29,108,159,87,116,110,87,149,139,130,101,93,102,38,99,95,76,125,115,75,200,94,131,90,89,88
Mylpf,9,5,2,4,6,5,6,7,6,3,5,3,3,7,8,9,3,2,7,4,0,7,2,1,10,3,3,4,5,3,5,1,4,3,4,3,3,6,5,5,8,1,3,2,3,3
Mynn,5,2,4,7,4,1,2,5,5,3,5,12,6,2,1,2,7,3,6,3,2,9,3,6,12,1,3,4,4,1,4,5,4,2,3,2,5,3,8,3,4,5,2,4,1,5
Myo10,86,47,83,136,119,94,136,137,132,108,110,142,98,86,108,81,122,175,128,93,45,135,163,53,122,97,65,100,130,147,85,76,94,89,107,99,89,119,103,83,151,80,93,83,84,106
Myo18a,99,58,106,183,108,110,126,113,231,119,176,220,134,106,140,158,146,159,131,106,46,143,108,58,112,114,121,105,164,145,88,68,106,69,85,67,104,114,92,45,115,75,88,65,67,103
Myo19,35,23,32,62,43,40,55,46,51,33,54,70,42,42,50,34,45,36,36,43,11,50,49,35,53,46,39,47,46,46,25,28,44,30,31,26,35,37,43,15,82,33,30,17,33,40
Myo1b,89,57,100,133,110,91,144,105,227,126,115,178,140,161,140,107,125,91,127,112,41,122,181,107,148,125,129,139,194,132,65,80,120,42,117,97,91,119,105,78,163,125,113,81,80,89
Myo1c,204,110,169,323,212,164,257,266,236,216,266,299,265,210,204,299,370,546,223,189,98,417,239,131,218,216,190,242,248,228,291,137,229,214,220,183,203,237,225,137,337,207,203,184,185,199
Myo1d,60,27,60,77,82,63,77,62,86,36,58,59,71,59,51,53,84,117,41,35,23,118,85,45,52,54,46,67,84,60,46,50,58,54,73,63,58,65,50,35,96,59,60,55,53,67
Myo1e,104,49,80,160,97,96,136,99,114,108,126,157,136,118,113,111,115,129,91,87,29,125,144,79,109,92,94,131,118,99,82,62,100,80,93,82,98,128,81,83,147,96,84,64,77,92
Myo1f,13,15,20,53,20,31,41,38,25,31,48,20,17,8,26,26,18,48,17,19,9,60,32,15,38,14,25,12,13,22,120,9,14,31,9,18,26,21,18,6,21,18,18,18,3,13
Myo1g,9,11,17,31,21,14,25,25,14,12,22,27,18,7,16,21,17,35,6,8,6,29,17,5,22,11,17,5,13,11,65,10,15,18,12,15,12,22,8,4,8,13,8,11,5,10
Myo5b,59,28,51,103,69,45,95,89,91,61,64,78,74,67,76,78,94,98,78,68,19,56,80,37,48,69,50,84,83,74,75,73,80,55,85,66,62,82,73,45,115,55,74,55,74,63
Myo6,51,27,39,68,29,45,51,48,63,50,66,56,36,33,64,73,60,45,66,55,18,34,64,25,56,52,46,52,56,74,37,49,76,32,57,48,44,54,51,43,76,59,47,38,40,47
Myo7a,48,11,48,62,62,38,55,56,56,37,53,52,49,33,53,67,66,61,38,44,20,82,58,34,37,40,32,45,47,48,70,35,48,28,29,20,47,40,30,20,46,34,60,27,26,30
Myo7b,0,0,0,1,0,0,0,0,0,0,0,1,0,0,0,1,0,12,0,0,0,1,1,0,1,0,0,1,0,1,0,0,0,1,0,0,0,0,0,0,1,0,0,0,0,1
Myo9b,85,34,81,121,151,94,108,119,140,91,146,120,90,72,85,112,116,262,84,82,32,237,110,47,77,74,82,84,98,92,188,60,80,60,69,68,60,81,72,52,126,69,89,65,62,57
Myof,8,5,8,12,8,7,16,14,11,4,10,17,13,5,13,12,13,23,10,7,6,15,14,5,8,6,1,8,5,10,26,5,4,15,9,7,5,9,8,4,8,6,7,3,7,6
Myom1,3,0,2,8,3,2,3,1,2,0,3,3,4,2,2,3,2,18,1,2,0,11,1,3,4,1,5,1,1,1,1,1,3,1,1,2,4,3,1,2,5,0,1,0,2,2
Myom3,0,0,1,2,2,0,1,2,19,1,0,1,2,1,2,0,1,0,0,0,0,3,0,2,1,2,0,1,0,0,2,1,0,1,2,0,0,1,0,0,5,2,1,0,0,1
Mypop,16,10,7,13,1,4,16,5,22,15,12,25,10,7,15,15,19,9,13,11,2,9,11,13,8,16,5,22,3,8,4,11,7,6,14,4,7,5,7,4,9,6,6,5,7,8
Myrf,135,76,126,167,147,134,179,155,190,161,191,212,168,129,159,205,209,203,150,152,64,242,162,78,127,146,163,168,177,147,133,90,192,111,145,96,83,141,172,91,228,149,115,98,122,152
Mysm1,70,33,53,94,49,56,75,50,60,53,89,73,63,53,57,61,78,72,47,41,27,74,55,32,50,45,38,61,57,57,45,37,57,26,47,38,42,31,60,32,58,36,49,33,41,32
Myzap,4,1,3,1,4,1,8,2,3,2,3,6,3,3,7,3,3,8,5,2,3,5,4,6,4,7,4,10,4,1,3,6,2,4,2,3,1,3,2,0,5,0,4,0,1,3
Mzb1,3,0,3,11,3,4,4,2,9,3,6,7,3,3,1,5,4,4,5,2,1,8,5,2,7,3,0,5,6,1,2,1,2,3,2,7,2,6,3,4,6,3,4,2,4,1
Mzf1,1,0,1,1,3,0,1,2,1,0,5,6,4,5,3,0,2,3,1,1,3,4,1,1,1,3,2,1,1,3,3,0,1,1,4,0,3,1,0,1,4,2,0,1,4,1
Mzt1,49,18,63,96,53,37,77,64,86,52,67,84,82,45,74,106,73,96,68,60,19,117,74,49,64,53,56,65,64,66,74,41,65,52,75,78,36,58,75,38,81,60,71,40,47,58
Mzt2,177,74,218,308,194,263,236,196,253,176,248,219,214,177,205,220,249,265,184,189,94,255,275,193,236,240,172,213,303,258,199,168,230,149,205,240,162,215,241,122,323,247,223,197,191,192
N4bp1,38,20,39,55,28,24,36,40,38,43,47,40,41,42,51,42,52,60,37,30,12,58,42,25,37,36,39,33,50,39,51,15,20,21,38,23,26,36,36,20,34,31,26,24,23,36
N4bp2,21,3,16,18,17,10,14,6,12,11,16,11,5,9,8,21,21,10,15,12,2,20,11,4,9,10,17,17,12,6,11,7,7,6,8,15,11,6,4,2,12,9,13,6,6,11
N4bp2l1,68,31,44,111,54,74,65,47,146,96,73,70,97,93,84,164,169,102,106,41,28,133,77,71,115,139,78,68,139,59,57,65,101,75,94,90,90,99,89,60,157,77,82,57,45,59
N4bp2l2,6,2,3,5,2,4,11,4,6,3,7,6,6,6,6,9,9,2,9,5,1,1,3,6,10,7,5,5,3,5,1,7,6,2,5,5,8,7,5,2,8,3,7,8,8,5
N4bp3,26,12,27,23,27,21,24,33,43,25,26,46,34,17,30,20,22,18,30,23,4,26,35,13,30,20,35,29,46,28,25,22,35,26,30,18,25,20,26,7,30,21,24,18,25,25
N6amt1,36,23,36,65,38,26,53,33,42,31,45,45,34,24,36,33,37,76,36,29,28,81,41,23,36,27,28,34,38,33,34,27,39,21,29,22,25,26,38,22,51,29,24,29,20,24
N6amt2,41,22,38,69,38,39,44,72,112,59,55,92,47,39,56,58,55,77,33,47,20,44,77,29,69,65,44,65,87,84,65,46,56,43,64,50,60,71,45,46,70,65,70,23,59,50
Naa10,172,82,172,247,139,176,217,210,237,170,223,261,176,180,210,176,222,220,183,200,41,224,183,121,208,166,170,187,240,202,106,117,188,146,140,179,145,180,181,130,225,180,141,104,160,152
Naa15,10,8,6,8,15,10,13,15,19,15,16,21,16,13,11,14,13,14,24,17,2,16,20,7,17,16,18,13,19,23,11,12,10,6,13,9,8,12,12,6,12,10,14,7,10,8
Naa16,4,3,3,15,7,4,6,9,14,6,7,23,12,6,12,8,8,14,7,10,2,15,10,3,6,3,7,14,12,10,4,7,13,2,11,3,2,4,8,4,10,5,11,3,8,3
Naa20,22,10,11,15,12,10,27,23,23,20,24,30,24,11,19,13,15,29,26,17,4,14,16,10,9,16,12,11,24,14,9,9,12,14,12,9,18,19,10,7,13,22,14,9,15,21
Naa25,38,31,45,45,48,38,48,43,55,36,57,66,56,32,40,54,42,84,55,30,10,73,41,27,33,31,34,33,30,38,32,25,36,23,30,27,24,31,36,17,36,27,34,24,35,30
Naa30,6,1,2,7,0,3,6,4,2,4,4,11,2,8,6,0,7,8,6,1,1,2,2,2,2,4,1,2,3,3,3,3,5,1,6,1,1,4,2,0,2,1,2,3,2,3
Naa35,66,31,65,109,76,91,101,80,101,71,96,93,70,86,66,70,104,115,62,79,27,116,122,65,74,76,81,70,114,94,69,71,60,51,69,69,72,77,84,40,91,87,106,60,67,65
Naa38,417,171,329,566,301,457,476,435,519,502,488,615,345,404,490,466,555,572,454,423,146,495,475,298,487,386,341,489,551,489,418,325,429,381,491,351,390,409,495,310,573,453,389,353,413,392
Naa40,38,17,32,42,33,29,62,48,26,34,43,37,34,21,28,35,29,50,28,28,18,51,27,33,29,31,29,29,33,42,37,21,25,21,31,31,36,28,31,19,62,39,33,32,37,42
Naa50,15,5,9,30,11,13,3,11,20,14,23,19,18,19,24,12,18,29,10,16,4,32,12,10,16,9,14,9,18,20,14,8,14,8,22,4,14,6,9,3,14,10,13,7,9,7
Naa60,490,290,585,777,479,604,677,614,746,577,704,684,637,682,704,745,786,509,586,530,241,776,559,489,622,660,601,708,842,843,534,572,645,469,667,566,624,693,819,394,950,799,642,469,677,656
Naaa,10,15,29,59,35,32,42,46,35,26,40,41,25,13,37,22,36,28,31,35,17,32,32,24,29,32,29,27,30,35,112,23,19,18,26,32,25,33,14,21,27,18,23,20,22,14
Nab2,105,36,67,139,72,79,114,102,111,80,109,141,85,63,71,106,87,108,75,59,21,94,97,69,119,94,116,115,154,76,113,41,77,77,114,68,72,68,65,61,137,60,82,58,90,72
Nabp1,16,6,11,23,13,10,25,14,26,12,16,56,19,19,15,13,8,25,8,18,7,36,38,17,15,11,10,25,18,17,19,13,18,6,12,16,5,10,9,5,6,12,19,11,6,6
Nabp2,140,59,84,166,108,121,153,168,194,156,175,205,139,136,158,151,166,215,120,132,42,177,186,97,159,154,162,158,235,205,116,112,127,125,132,108,120,159,145,89,198,146,158,100,120,131
Naca,1095,540,1078,1559,1137,1171,1086,1152,1765,1462,1482,1441,1545,1464,1443,1676,2006,2225,1162,1217,539,2451,1662,945,1448,1351,1110,1350,1810,1518,1114,805,1261,699,1370,1340,1229,1317,1391,896,1746,1465,1321,993,1338,1419
Nacc1,65,35,63,90,64,56,83,69,80,69,73,98,64,59,86,72,69,70,73,56,27,85,71,47,60,73,85,75,61,72,69,56,78,56,59,52,54,65,59,47,101,60,64,50,45,50
Nacc2,46,11,48,61,53,50,57,50,68,51,52,78,42,41,60,47,46,77,68,48,23,73,62,31,44,49,44,45,69,64,38,49,48,18,36,46,40,44,48,26,89,34,45,33,48,50
Nadk,575,236,484,671,431,514,693,611,723,583,710,816,546,576,693,663,691,836,657,480,193,763,740,408,485,538,530,662,786,631,559,498,494,487,538,536,467,610,669,358,729,514,539,364,467,521
Nadk2,49,32,30,81,34,54,37,37,65,57,64,69,54,63,72,85,70,55,65,53,14,70,72,46,60,40,56,75,97,70,30,36,53,22,60,38,46,41,51,31,58,65,50,39,38,48
Nadsyn1,121,60,114,239,100,96,185,118,166,156,179,171,156,129,176,150,158,196,146,95,45,224,174,94,149,168,108,128,156,139,103,106,148,75,128,105,112,137,109,76,196,135,151,106,104,125
Nae1,32,16,23,50,27,39,33,32,50,42,43,60,36,23,26,33,41,69,42,31,18,66,47,22,35,32,32,41,51,47,35,18,37,19,26,25,32,38,24,17,44,35,34,36,23,37
Naf1,6,4,13,19,11,9,14,12,16,11,14,15,14,13,15,9,17,18,20,10,6,41,13,13,14,17,9,10,17,28,9,6,17,10,8,19,15,14,8,5,17,12,13,9,10,13
Naga,42,34,47,69,26,30,40,43,56,35,48,77,35,37,42,63,43,37,43,29,13,53,45,27,38,33,45,37,69,41,46,29,29,30,29,24,20,30,27,23,35,28,21,18,12,27
Nagk,143,57,113,213,117,124,160,175,135,102,171,133,133,101,130,146,178,260,138,115,52,220,129,94,142,121,90,172,178,169,202,111,120,102,138,119,107,145,170,96,204,150,135,99,110,125
Naglu,115,71,118,163,137,104,152,153,240,138,166,206,132,139,140,189,142,224,129,135,54,166,166,110,168,194,163,161,193,183,150,98,120,131,151,105,122,151,142,100,241,145,125,102,153,116
Nagpa,67,50,95,154,100,112,116,96,149,123,130,146,122,126,133,122,132,126,81,93,32,143,111,84,101,85,112,116,133,136,110,56,103,69,114,101,81,88,133,72,197,120,134,99,109,100
Nags,386,212,381,547,346,430,426,455,613,388,461,672,462,477,467,441,375,400,410,388,117,523,531,357,462,390,431,445,653,415,312,255,393,343,480,335,286,443,452,280,590,406,390,294,441,438
Naip2,13,7,15,27,17,15,19,22,33,14,30,32,25,7,25,20,28,46,10,11,6,44,25,15,24,12,19,21,30,34,28,10,17,21,11,21,13,25,18,11,25,10,17,10,10,23
Naip5,6,3,9,10,5,5,9,4,3,6,7,2,2,4,7,4,7,5,2,2,0,6,10,1,5,3,4,3,2,4,2,1,2,5,2,5,2,2,4,1,2,0,2,3,2,6
Nampt,2,0,0,3,1,0,2,1,3,3,3,0,2,1,4,5,2,2,5,4,0,3,0,0,1,1,0,3,2,1,2,0,2,0,1,6,2,1,2,0,2,0,0,2,3,1
Nanp,2,0,2,6,3,2,8,5,3,6,3,9,4,5,3,2,5,5,4,4,2,14,4,2,3,1,5,6,3,6,2,4,5,1,1,3,5,1,4,3,2,1,8,2,5,1
Nans,69,33,53,113,80,58,111,96,78,60,71,110,67,56,69,93,77,162,78,62,31,88,98,57,103,81,83,103,86,88,92,68,98,54,94,84,79,78,107,68,132,77,88,78,63,67
Nap1l1,185,80,104,236,142,124,136,159,206,143,227,260,214,112,168,251,200,358,178,110,42,266,188,91,124,138,127,152,184,127,151,120,146,91,124,154,117,138,159,106,207,119,106,85,90,108
Nap1l3,1,1,3,4,2,3,2,4,7,2,1,5,2,3,3,0,1,3,2,1,3,5,0,1,4,3,2,5,6,1,2,1,3,2,6,5,1,2,3,1,2,1,3,1,0,0
Nap1l4,107,67,141,176,116,125,154,144,167,121,200,175,145,153,152,163,173,180,131,133,54,188,162,109,149,130,121,134,180,163,164,104,144,102,150,123,116,153,156,105,200,150,145,124,158,137
Napa,459,264,446,702,427,488,623,574,623,460,606,617,594,446,547,661,614,771,445,402,151,865,651,329,509,557,454,482,668,551,413,327,447,400,524,513,406,477,511,323,662,451,485,344,383,463
Napb,6,4,5,6,3,7,8,5,7,6,5,7,3,1,5,7,5,8,4,8,3,8,5,2,2,3,3,7,2,5,5,6,2,3,4,1,2,5,3,2,2,4,2,3,2,4
Napepld,5,2,4,5,6,2,4,6,5,4,7,6,9,4,7,4,7,13,6,8,3,6,10,2,2,4,3,6,5,7,10,5,10,5,6,7,3,5,7,8,13,4,7,5,6,5
Napg,60,29,43,95,58,44,63,61,70,59,68,85,62,56,63,53,71,100,53,64,24,88,80,30,63,68,54,59,81,51,66,41,58,38,58,48,49,56,47,31,86,47,68,52,60,50
Naprt,653,310,650,887,595,709,735,705,1085,644,954,965,794,685,801,863,915,649,668,706,227,684,719,409,580,636,639,729,803,799,607,476,597,500,779,613,566,646,583,382,896,600,694,535,600,568
Napsa,3,3,8,20,7,6,11,13,3,6,13,6,21,5,10,4,8,17,9,5,4,16,10,6,15,5,17,3,10,7,31,1,3,14,5,3,8,11,6,4,6,6,4,5,7,1
Narf,8,6,7,9,7,6,12,4,12,7,11,16,7,12,13,12,9,7,5,7,4,5,14,5,3,5,10,6,15,11,6,6,9,7,9,12,14,7,7,3,16,9,9,11,9,13
Narfl,58,38,81,123,84,83,93,88,115,97,120,145,108,97,96,96,105,90,74,97,43,120,117,61,70,88,78,88,111,96,89,61,98,75,89,102,87,82,91,57,149,77,110,56,70,98
Nars,389,199,310,560,297,312,434,310,505,393,533,663,384,326,447,581,642,634,485,416,130,581,491,269,384,394,407,421,396,480,313,251,390,250,361,336,329,389,387,255,509,455,345,298,315,332
Nars2,5,0,4,9,4,2,6,8,4,2,5,2,8,7,5,7,8,8,0,3,4,6,4,3,6,5,6,2,8,6,4,2,3,4,4,7,2,7,4,2,8,7,3,1,2,6
Nasp,96,66,111,149,74,81,137,94,122,86,123,130,116,105,113,116,120,169,73,74,37,194,93,64,79,80,104,92,97,88,81,50,96,64,75,75,72,71,90,54,115,94,83,72,83,92
Nat10,63,41,66,69,93,57,67,78,88,58,63,102,64,49,67,102,67,88,61,63,28,84,86,47,67,63,60,73,84,62,64,51,75,55,62,51,61,85,59,48,97,67,65,59,46,52
Nat14,4,3,1,3,3,3,5,1,2,3,5,7,0,1,2,4,4,6,4,2,1,4,2,1,0,2,2,5,4,2,1,1,1,0,1,1,2,2,3,2,2,1,4,2,4,3
Nat6,242,102,179,298,135,182,239,184,255,220,277,333,199,172,228,246,252,208,190,193,63,172,243,120,197,173,213,264,290,230,140,157,191,140,191,182,120,200,190,112,299,187,213,174,159,147
Nat8,855,377,737,1341,601,926,781,780,697,1084,951,677,1103,864,792,1028,949,337,1375,795,527,500,1409,956,1674,1342,753,1142,1207,1493,963,800,1303,608,1152,979,793,986,1308,812,1988,1454,1259,992,1202,1152
Nat9,99,55,92,116,54,93,133,96,119,94,110,133,105,72,114,113,136,138,120,100,38,142,152,64,102,82,94,121,155,130,106,89,87,97,121,90,75,89,145,70,135,110,105,76,94,87
Natd1,13,7,23,28,19,26,31,30,43,23,24,16,18,13,25,28,32,28,19,15,8,24,23,21,23,23,16,33,32,40,17,20,20,21,14,21,24,25,25,22,37,24,16,15,25,29
Nav1,2,2,7,10,7,4,5,7,7,4,4,6,14,6,3,13,8,16,4,3,5,13,9,4,3,5,8,10,4,9,4,2,7,3,4,10,5,12,5,4,10,3,8,6,4,6
Nav2,28,23,45,36,42,40,44,51,42,45,46,81,50,48,54,39,50,62,53,41,19,66,48,33,41,46,37,47,38,31,34,25,44,42,33,41,20,31,22,13,84,24,28,37,22,26
Nbas,65,28,71,126,77,74,99,112,113,70,108,150,86,49,111,86,94,155,84,63,29,85,99,62,108,101,91,117,105,101,106,70,89,64,66,66,56,68,96,64,118,86,98,66,89,69
Nbea,2,1,1,8,9,1,2,3,2,0,2,2,3,3,3,2,2,8,2,0,1,5,1,2,2,1,1,2,5,0,4,1,3,2,0,5,2,4,1,3,3,1,3,1,1,4
Nbeal2,25,25,34,39,25,42,45,47,47,31,41,66,36,31,44,33,44,36,40,42,15,53,53,35,29,30,39,32,44,38,42,31,27,28,34,33,20,40,45,19,52,34,30,24,24,27
Nbl1,4,4,2,4,2,5,2,2,14,4,3,2,3,3,7,6,9,8,5,3,2,6,12,2,6,6,5,15,5,12,3,1,11,6,4,6,2,6,5,4,4,1,5,1,3,5
Nbn,68,27,62,129,65,88,84,80,65,56,88,80,75,71,74,83,83,116,66,65,40,100,91,53,66,76,58,77,84,87,56,40,86,57,80,63,50,68,73,37,76,64,67,51,61,45
Nbr1,417,205,351,684,482,495,455,452,668,442,528,603,433,352,508,495,576,574,430,473,203,617,510,280,449,434,398,491,593,562,376,324,424,243,437,370,356,378,423,257,538,393,436,311,370,401
Ncald,36,15,35,51,22,28,39,34,37,38,55,33,34,21,46,51,34,13,30,30,21,22,28,16,27,31,40,38,44,42,25,21,39,21,23,22,21,18,27,12,41,26,32,33,22,24
Ncapd2,5,1,11,11,11,7,5,12,7,5,14,7,7,4,13,9,6,30,4,0,2,13,12,1,10,7,6,5,10,11,15,3,3,10,4,8,6,6,5,1,6,2,9,5,7,4
Ncapd3,20,14,25,42,29,29,35,29,39,21,38,37,29,25,37,30,31,39,25,20,15,35,37,24,22,22,23,32,31,27,17,17,37,20,25,28,28,30,16,16,45,21,28,28,16,17
Ncapg2,0,2,1,3,2,0,2,5,1,0,1,2,0,1,2,2,1,7,0,1,1,6,1,1,3,1,1,2,3,3,4,1,2,2,1,0,6,1,1,1,0,1,1,0,0,0
Ncaph,4,4,4,9,5,2,13,17,2,2,6,3,3,3,7,3,3,24,2,5,4,9,3,1,3,2,11,1,3,6,18,2,2,10,1,3,5,6,7,1,6,4,4,3,1,8
Ncaph2,17,7,16,26,16,22,16,21,20,14,23,20,18,15,26,20,19,38,10,18,10,20,21,18,22,15,20,23,24,16,28,16,22,16,24,19,20,29,19,12,27,18,22,8,15,16
Ncbp1,66,49,61,86,46,58,88,72,99,61,86,134,88,79,78,105,95,120,72,74,29,139,105,61,66,81,88,97,82,91,68,66,52,58,83,56,62,77,77,47,103,60,66,46,52,59
Ncbp2,86,40,67,79,58,75,88,86,78,69,95,132,82,58,67,90,89,86,56,68,30,92,97,53,71,76,84,90,101,90,82,45,76,62,66,75,71,92,74,48,112,61,80,57,69,60
Ncdn,46,40,34,75,34,31,59,40,62,37,62,92,54,35,52,38,45,65,37,28,13,65,38,29,38,42,60,47,48,41,26,40,37,37,41,31,29,46,48,32,61,49,38,28,46,40
Nceh1,58,10,26,100,42,36,49,44,41,45,69,23,55,45,65,67,72,101,45,33,21,84,51,23,27,36,33,43,56,63,47,30,39,20,39,43,32,48,36,23,50,23,67,34,44,40
Ncf1,35,24,38,61,39,23,58,66,32,34,48,62,34,27,45,44,61,38,24,27,15,19,47,28,34,19,42,18,40,42,172,19,28,42,13,24,28,39,29,11,32,29,42,27,22,34
Ncf2,12,9,15,33,28,16,25,48,17,15,37,35,14,8,24,29,24,42,10,11,17,57,10,16,25,19,18,22,19,17,85,10,9,10,5,13,13,9,11,12,17,14,28,8,11,12
Ncf4,7,6,26,29,26,23,38,31,14,14,28,29,12,8,24,14,25,18,5,8,7,19,23,11,13,15,23,15,23,18,59,13,9,28,10,19,13,18,13,3,13,16,12,10,5,17
Nck1,34,18,31,45,38,39,33,36,54,33,41,72,35,41,55,49,31,45,28,30,24,50,50,21,35,35,40,43,46,40,32,33,29,24,38,31,37,36,30,18,55,50,38,21,24,38
Nck2,16,8,10,21,16,8,20,24,14,17,27,16,18,11,15,20,23,37,17,11,8,33,10,12,18,14,9,6,18,14,22,8,10,9,7,11,12,15,11,8,8,12,9,16,5,15
Nckap1,261,129,230,345,285,229,321,226,359,231,345,318,287,261,276,324,304,469,306,268,105,361,318,162,252,282,236,264,295,306,227,205,258,169,276,248,228,241,279,145,341,235,248,224,221,254
Nckap1l,13,3,16,27,10,12,33,17,13,13,23,31,15,9,22,11,19,24,14,7,5,20,19,8,16,14,13,9,14,15,42,6,8,12,8,10,6,9,10,7,12,7,10,13,8,10
Nckap5l,4,1,5,7,3,3,7,6,2,4,7,5,6,2,2,6,4,5,9,1,1,6,3,3,3,2,6,5,4,1,9,1,4,1,2,4,4,1,3,3,5,0,2,2,1,3
Nckipsd,34,15,25,40,27,17,31,34,29,25,40,38,27,16,26,20,26,44,17,24,10,55,43,21,32,19,38,27,37,29,37,14,22,28,23,15,27,34,29,24,43,22,30,20,21,29
Ncl,5,2,4,5,1,5,5,4,4,9,10,5,3,1,5,14,5,15,5,3,5,8,8,1,10,5,9,9,16,8,2,2,1,5,7,4,6,1,3,3,5,6,4,7,1,12
Ncln,323,235,341,514,339,347,431,348,471,383,466,570,389,350,415,504,465,606,403,357,125,619,376,265,359,331,396,390,407,368,326,244,332,293,384,316,287,368,360,206,485,412,356,294,327,306
Ncmap,2,0,6,8,3,8,3,6,3,1,4,2,7,2,3,7,5,2,3,4,2,3,3,10,12,8,4,5,7,8,7,4,5,3,1,2,0,11,10,3,12,3,9,6,6,4
Ncoa1,46,18,40,67,41,50,41,38,52,41,50,44,53,33,44,43,53,61,49,40,29,65,55,29,33,60,33,34,47,47,26,32,32,21,44,25,38,39,35,29,49,34,41,32,28,42
Ncoa2,24,16,32,43,35,30,35,28,61,31,36,28,32,32,27,45,38,37,43,26,19,51,33,23,26,40,21,32,46,53,27,15,36,13,35,30,25,29,25,13,39,29,31,17,23,22
Ncoa3,36,14,38,36,44,36,47,33,46,49,57,37,40,29,37,50,54,26,39,34,18,29,46,32,30,24,37,33,48,45,40,21,31,18,24,25,26,36,23,23,35,36,30,25,28,41
Ncoa4,18,2,15,29,17,15,16,8,23,21,10,20,15,19,33,12,14,17,14,17,8,35,22,7,14,19,20,23,14,24,12,12,22,14,15,9,12,12,11,10,12,12,20,7,9,21
Ncoa5,59,45,66,76,67,61,66,68,97,66,105,124,81,63,81,69,79,123,63,62,23,95,88,45,64,65,76,60,71,78,77,65,48,49,56,54,76,70,63,37,95,56,64,59,54,59
Ncoa6,52,37,70,96,108,64,67,54,116,54,91,90,90,78,81,96,107,79,66,67,27,120,81,64,64,58,57,63,62,98,48,42,50,28,61,55,64,59,55,30,61,64,53,48,43,58
Ncoa7,1,0,2,3,4,2,1,2,2,1,4,3,2,2,2,2,2,5,1,2,2,6,7,1,4,3,4,3,3,3,4,0,2,1,0,1,2,1,2,4,0,0,2,0,0,2
Ncor1,127,72,119,220,110,122,135,109,166,134,168,164,162,129,149,181,169,164,153,108,50,194,131,73,123,136,111,122,145,136,104,90,97,76,117,108,98,91,117,73,173,100,108,79,107,101
Ncor2,109,77,131,164,127,94,133,128,104,115,191,163,130,78,122,182,158,139,142,125,33,118,127,93,138,139,114,132,186,121,85,93,141,101,100,112,88,105,126,67,192,113,115,105,98,97
Ncstn,99,66,81,134,97,93,99,103,149,91,144,172,80,104,120,115,103,137,88,74,33,137,84,80,93,114,121,101,137,94,112,80,80,73,101,57,77,92,72,42,133,87,77,43,91,96
Ndc1,2,4,2,5,4,0,7,2,4,2,3,8,4,6,8,4,3,9,2,4,2,3,10,3,3,3,3,3,7,8,6,5,6,2,5,4,8,4,5,0,5,3,3,3,3,0
Ndc80,3,0,3,1,5,3,6,6,1,3,2,1,1,1,1,2,2,11,2,0,1,5,2,1,3,3,2,1,3,1,8,2,1,4,3,1,4,4,1,2,2,2,5,1,1,0
Nde1,67,35,73,92,68,98,90,96,93,92,98,127,84,80,104,100,75,98,56,76,26,106,102,63,95,94,81,85,101,79,93,63,79,78,89,67,67,93,86,52,163,95,67,71,90,60
Ndel1,179,61,130,263,213,154,156,165,260,171,216,241,188,156,168,261,299,256,149,140,68,349,186,111,167,187,156,167,238,201,152,135,164,114,158,137,165,168,184,75,269,175,139,133,122,143
Ndfip1,239,114,164,297,156,203,231,179,279,289,293,295,271,283,258,363,310,306,244,208,84,386,216,158,260,261,188,252,355,275,153,163,212,178,236,197,224,232,229,132,321,267,258,171,221,234
Ndfip2,87,37,85,148,92,86,102,62,124,102,118,132,99,109,122,119,111,179,101,92,44,192,137,56,81,126,84,108,142,129,74,77,110,50,102,117,108,92,81,68,147,92,130,69,79,97
Ndn,8,0,5,10,2,5,5,6,2,2,7,2,5,3,3,3,6,7,6,3,4,5,7,1,5,8,2,4,6,3,3,8,7,4,3,0,6,5,7,1,7,1,3,4,2,4
Ndnl2,171,112,161,280,166,158,211,153,235,194,255,237,209,176,184,263,243,203,159,149,77,239,184,117,193,168,147,185,237,199,152,121,194,99,201,182,151,159,178,96,242,164,196,163,120,166
Ndor1,28,20,25,41,19,31,41,33,39,23,34,52,27,26,35,42,39,40,23,20,5,44,37,21,30,25,12,36,30,25,24,27,21,19,25,27,17,24,19,13,28,25,28,26,27,27
Ndrg1,30,6,18,31,23,23,24,17,22,31,19,20,33,17,22,34,29,47,27,22,5,40,37,16,18,27,17,26,34,35,30,13,18,15,16,20,19,29,22,10,22,25,21,10,12,18
Ndrg2,6347,3111,6003,7268,4547,6862,6315,5275,7959,5907,7504,6488,6759,6214,6496,7493,7554,4363,6311,6396,2361,6394,7701,5327,6784,7209,5687,6878,9612,7710,5634,4976,6968,5019,7325,5284,4898,6324,6840,3988,9634,6872,6747,5754,6255,5598
Ndrg3,75,39,81,116,56,61,93,76,74,74,107,103,98,73,101,79,74,72,83,56,27,89,79,37,82,72,78,73,72,70,52,52,79,55,73,56,61,62,60,34,103,56,66,62,52,63
Ndst1,267,121,272,336,190,272,224,214,222,217,331,327,240,146,224,326,268,271,204,246,89,244,237,163,217,204,211,200,296,193,144,155,181,189,178,119,141,185,154,111,279,193,178,111,122,148
Ndst2,71,40,49,132,67,107,91,83,141,73,122,94,71,81,90,96,79,96,79,69,22,149,89,46,68,66,79,92,107,80,56,52,95,50,76,66,53,84,74,48,110,66,75,56,61,73
Ndufa1,848,445,732,1224,723,995,1014,737,1289,941,1273,1279,1168,936,1088,1238,1128,1015,1025,829,402,1317,1232,798,1056,1101,830,980,1209,1100,695,720,1264,804,1014,1027,993,925,1105,622,1541,1083,914,884,911,874
Ndufa10,912,488,763,1291,716,924,1091,1079,964,909,1220,1274,901,880,949,1083,996,1095,768,732,295,1344,986,636,910,848,885,1048,1199,999,781,837,886,729,869,881,589,915,845,612,1055,874,896,664,752,770
Ndufa12,407,250,501,731,422,499,564,483,729,456,584,629,685,676,702,583,577,621,505,511,222,877,788,485,631,601,429,598,813,713,468,440,678,308,506,633,579,536,664,335,756,585,571,511,632,534
Ndufa13,2784,1458,2809,4045,2372,3494,3880,3231,4311,2981,3797,3943,3850,3623,3792,3916,3723,3650,3236,2964,1114,3948,4587,2770,3936,3670,3040,3711,4958,3983,2762,2553,3399,2608,3796,3855,3435,3641,3917,2371,4971,3909,3410,2843,3352,3370
Ndufa2,2080,1034,1686,2534,1166,1838,2052,1747,2742,2132,2567,2810,1749,1895,2194,2619,2363,2533,2095,2076,574,2754,2102,1314,2064,1607,1930,2338,2740,2046,2068,1509,1832,1643,2141,2030,1480,2086,2116,1368,2400,2327,1827,1284,1961,1948
Ndufa3,1416,776,1351,1953,971,1464,1714,1432,1828,1545,2031,2024,1426,1507,1696,1784,1606,1382,1881,1418,513,1733,1738,1146,1644,1479,1463,1648,1728,1780,1302,1274,1916,1312,1615,1602,1283,1398,1603,997,2116,1687,1457,1166,1460,1429
Ndufa4,626,380,522,975,416,545,943,770,1118,648,918,1003,574,930,969,894,849,872,797,676,226,934,920,528,701,475,665,790,1070,720,539,632,564,457,988,648,697,913,601,513,719,867,760,419,804,881
Ndufa4l2,5,3,6,8,3,8,11,8,10,8,6,8,10,11,5,8,11,4,11,8,1,7,9,7,5,7,7,10,12,9,3,6,9,8,6,8,8,13,10,5,14,4,10,6,2,4
Ndufa5,700,322,611,807,565,664,817,674,648,600,829,708,652,570,799,578,722,899,776,627,288,943,867,543,804,664,524,609,800,813,444,613,858,505,567,685,622,651,563,389,810,745,558,632,703,599
Ndufa6,2816,1441,2741,4116,1784,2721,3677,3064,3849,3129,3435,3759,2681,3548,3614,3950,3472,2826,3328,2816,1012,3873,4742,2549,3506,2847,2785,3513,4658,3369,2162,2422,3019,2428,3534,3553,2810,3567,2608,2268,4325,3662,3433,2335,3163,3249
Ndufa7,1127,569,1013,1687,712,1160,1275,1086,1321,1187,1547,1703,1223,1129,1463,1592,1506,1431,1274,1106,417,1670,1225,869,1201,1088,1072,1251,1613,1461,976,807,1225,1049,1144,1094,974,1100,1317,645,1471,1118,943,875,1007,1049
Ndufa8,769,490,868,1351,886,913,1330,1118,1263,892,1267,1293,1038,1134,1114,983,1149,1039,865,952,413,1051,1408,902,1088,934,963,1145,1220,1266,968,856,862,807,1062,1080,969,1180,1167,763,1432,1060,1145,854,1084,1111
Ndufa9,497,296,504,751,252,429,645,592,598,575,746,671,543,618,593,693,601,529,660,577,144,641,742,417,568,492,566,736,773,622,456,464,555,426,611,670,496,632,705,438,708,645,566,452,573,584
Ndufab1,406,212,367,632,419,401,517,488,587,447,570,534,560,473,529,474,575,559,448,432,222,786,605,410,588,488,368,467,567,549,441,397,510,370,479,537,458,429,556,324,652,550,520,378,423,434
Ndufaf1,45,15,30,42,34,37,42,45,49,38,40,42,41,35,42,35,34,40,46,33,22,63,61,43,52,40,37,43,53,68,24,25,34,22,52,42,34,27,38,28,58,48,63,35,22,51
Ndufaf2,124,70,134,189,181,127,179,141,162,154,163,186,155,123,159,141,203,207,145,139,66,169,171,101,161,156,142,142,147,194,152,104,185,113,160,150,146,139,182,87,218,152,170,134,139,109
Ndufaf3,124,63,108,172,100,137,166,145,204,153,166,226,173,137,165,158,155,141,117,152,52,152,162,103,166,166,112,167,208,164,126,102,148,119,155,132,97,162,162,87,189,123,150,103,134,119
Ndufaf6,90,53,81,128,71,81,108,103,109,98,82,115,123,117,128,121,105,84,68,82,51,127,117,82,98,120,93,123,201,126,87,64,99,65,109,106,93,110,108,63,166,129,114,68,101,99
Ndufaf7,35,17,33,74,38,41,62,35,66,35,44,42,48,21,58,37,53,68,29,41,21,90,59,31,53,51,43,42,50,64,46,36,52,37,38,45,45,39,39,25,76,62,52,33,38,38
Ndufb10,1653,812,1294,2104,1171,1602,1898,1703,2060,1652,1891,1862,2031,1570,2037,1870,2111,1844,1574,1618,574,2565,2180,1292,1960,1880,1636,1769,2706,2097,1068,1289,1795,1210,1810,1881,1680,1789,1990,1253,2357,1961,1774,1431,1761,1739
Ndufb11,1660,835,1539,2300,1362,1957,1821,1790,2358,1807,2193,2385,1784,1783,2102,2460,2453,2130,1924,1731,831,2875,2385,1477,2201,2197,1708,2085,2828,2164,1341,1377,2043,1149,2210,2088,1827,1900,2076,1230,2834,2260,1933,1406,1984,1865
Ndufb2,1042,578,1056,1609,939,1308,1419,1338,1502,1224,1394,1596,1429,1524,1335,1508,1425,1470,1392,1132,481,1748,1807,935,1587,1516,1145,1457,1850,1607,1099,1103,1531,1146,1219,1605,1482,1527,1436,999,2218,1786,1534,1166,1578,1524
Ndufb3,340,213,395,621,376,497,548,391,634,386,549,474,536,441,563,481,515,360,470,420,205,521,537,419,633,450,313,459,552,676,371,370,643,360,436,508,515,473,524,323,788,540,462,502,494,472
Ndufb4,227,140,231,437,298,282,380,348,388,302,401,352,342,289,419,303,367,381,342,303,188,463,375,228,406,324,243,303,432,424,256,275,426,178,291,445,483,318,341,228,492,305,319,317,283,293
Ndufb5,681,379,609,938,374,687,727,759,1188,887,828,1043,681,941,975,1007,845,869,810,647,245,1234,1086,505,983,832,659,985,1233,951,630,601,800,614,972,533,719,869,596,625,1048,1039,902,510,884,936
Ndufb6,1116,592,964,1629,1059,1230,1497,1332,1487,1223,1346,1490,1527,1406,1491,1485,1482,1675,1261,1152,612,2192,1837,1027,1503,1422,1046,1486,1759,1502,1043,1015,1360,986,1512,1615,1376,1353,1621,855,2035,1464,1293,1131,1363,1387
Ndufb7,969,402,929,1282,684,975,1165,1084,1327,947,1274,1303,1036,994,1097,1146,1193,1180,1023,885,329,1330,1208,734,749,926,940,1154,1316,1068,1073,800,1003,765,964,1076,862,1022,1105,655,1280,972,917,841,924,903
Ndufb8,1375,604,1215,1812,1230,1464,1662,1565,1662,1556,1646,1687,1661,1764,1503,1880,1902,1850,1539,1405,567,2235,2147,1274,1718,1677,1399,1842,2542,1928,1342,1215,1583,1158,1696,1871,1329,1847,1882,1226,2233,1933,1728,1310,1715,1486
Ndufb9,2911,1488,2512,3825,2100,2922,3354,3082,3618,3090,3676,3988,3747,3396,3580,3922,3432,3783,3245,2969,1205,4942,4225,2503,3297,3089,2583,3536,4591,3526,2400,2557,3437,2424,3504,3710,3103,3196,3968,2189,4505,3526,3341,2671,3082,3108
Ndufc1,399,232,389,662,528,454,608,520,625,518,656,582,591,517,613,510,587,570,521,518,282,779,576,448,624,593,469,581,718,653,514,451,730,498,552,612,642,551,543,351,850,642,545,560,638,602
Ndufc2,803,469,786,1478,989,893,1126,1059,1248,936,1143,1075,1185,1107,1155,1097,1221,1230,1045,959,515,1797,1271,819,1275,1181,828,1075,1428,1421,893,788,1232,775,990,1088,1032,985,1202,637,1548,1143,1052,907,1097,1078
Ndufs1,289,163,293,465,251,355,441,331,371,308,409,383,388,351,435,463,427,419,413,324,127,513,460,263,342,328,276,383,445,397,264,259,365,240,326,332,318,339,381,218,443,356,335,244,340,322
Ndufs2,893,475,740,1391,560,844,1074,867,1062,950,1183,1224,1042,990,1081,1246,1172,1138,1029,846,259,1445,1139,712,967,791,822,986,1236,1004,861,808,919,848,1006,1120,803,949,1081,658,1233,1017,901,684,903,943
Ndufs3,276,126,204,411,171,281,338,225,324,291,349,322,260,272,358,318,316,322,295,289,90,456,329,223,296,291,262,354,359,384,254,245,366,255,271,312,283,243,315,219,406,339,246,219,252,282
Ndufs4,426,203,374,667,431,463,578,514,612,473,526,540,593,533,649,533,600,687,450,434,192,796,653,392,588,590,376,538,684,604,435,427,528,321,529,402,506,538,418,332,770,566,531,374,511,509
Ndufs6,1661,927,1443,2173,1397,1750,1921,1756,2160,1827,2131,2247,1842,1934,1945,2357,2233,2410,1801,1598,690,2596,2258,1299,2060,2061,1582,1910,2464,2141,1725,1458,1965,1522,2232,1788,1697,1924,2022,1356,2900,2287,1614,1324,2043,1936
Ndufs7,1037,484,968,1433,769,980,1168,1112,1297,1042,1299,1335,1175,1139,1270,1288,1279,1429,1130,872,416,1506,1228,790,1000,1039,884,1236,1296,1303,1058,769,1023,751,1077,1022,896,1120,1065,673,1346,1115,1024,817,1011,1002
Ndufs8,641,349,788,1102,667,899,1027,1029,1254,820,993,1077,988,916,1050,915,957,891,786,878,293,936,1212,763,1111,967,901,1042,1242,1131,862,745,1048,714,1106,998,885,965,1126,501,1404,1066,1163,784,903,886
Ndufv1,809,379,636,1153,673,738,883,765,1111,818,1066,970,1041,959,967,1153,1101,1021,853,738,322,1482,1041,624,942,912,759,963,1130,1009,802,677,921,651,897,778,859,891,947,600,1142,930,876,656,848,828
Ndufv2,632,393,614,1047,462,662,817,600,883,766,791,885,948,714,898,849,733,718,776,758,203,874,958,580,799,732,630,743,984,878,507,564,772,560,739,755,682,809,852,527,1014,897,756,570,741,683
Ndufv3,1589,968,1774,2468,1525,1846,2389,2237,2738,2019,2528,2527,2178,2173,2254,2403,2251,1984,2061,1877,679,2143,2804,1670,2347,2262,2180,2451,2951,2370,1939,1746,2337,1530,2350,2731,2004,2132,2489,1423,2970,2538,2318,1792,2143,1929
Neat1,845,428,733,925,557,572,601,910,1016,733,1156,2028,703,505,918,681,687,1176,456,616,270,873,1030,708,787,685,764,896,787,632,868,613,823,619,670,702,515,772,566,419,757,638,640,450,604,489
Neb,23,5,20,42,26,38,34,28,31,25,27,14,19,20,29,21,15,9,29,18,7,8,35,25,56,23,33,13,86,49,9,11,23,14,18,18,44,23,19,20,35,25,20,20,26,21
Necab1,33,11,25,32,29,30,28,41,56,41,38,74,45,33,48,43,35,67,46,35,14,41,73,35,44,52,38,42,72,57,32,34,36,12,27,35,40,36,31,26,61,53,37,30,39,30
Necap1,89,36,73,120,78,95,115,102,143,90,114,122,114,116,117,107,103,147,117,75,42,120,124,47,86,98,79,69,114,130,83,69,104,49,70,70,54,78,86,51,98,64,60,39,45,82
Necap2,55,35,43,118,66,51,99,77,89,65,91,76,69,49,68,90,86,128,61,40,23,108,59,31,64,73,55,52,88,72,111,41,60,46,38,49,65,70,55,26,77,59,69,54,57,75
Nedd1,9,4,14,29,16,9,26,21,17,24,14,14,25,13,18,27,19,29,23,14,6,36,27,8,12,14,13,18,24,17,20,6,12,5,15,14,21,14,15,9,19,14,14,8,10,18
Nedd4,770,388,753,1262,804,755,1087,785,1068,731,1056,1021,871,775,862,1113,1029,1230,925,715,354,1380,1022,666,852,921,736,856,1057,924,663,623,820,572,763,824,659,760,894,558,1219,787,778,650,674,637
Nedd4l,16,5,7,17,8,17,10,5,24,13,24,8,9,12,16,24,16,7,14,10,7,7,17,7,15,8,11,15,20,3,5,12,17,5,14,8,6,12,15,3,16,12,11,6,14,10
Nedd8,478,239,467,682,443,491,542,551,673,532,651,718,544,527,593,663,643,802,522,464,214,644,608,364,571,586,495,551,685,629,589,353,534,390,507,528,459,573,584,389,824,614,531,442,400,448
Nedd9,7,4,7,11,13,11,12,10,13,5,11,22,8,10,2,8,6,13,12,6,6,23,9,4,6,6,5,4,13,7,18,1,8,4,4,6,3,13,7,3,11,3,5,7,2,3
Negr1,1,0,0,1,0,1,0,0,0,0,0,0,0,0,0,1,0,0,0,0,0,0,0,0,6,0,1,0,1,0,0,0,1,0,1,0,0,0,0,0,0,0,0,0,0,0
Neil1,4,1,2,3,3,2,4,5,3,4,6,3,2,2,2,2,4,5,4,3,1,0,1,2,2,5,3,5,2,3,5,7,4,3,5,2,1,0,5,1,5,3,3,5,6,1
Neil2,4,0,6,17,3,6,18,5,1,2,11,3,2,2,1,12,12,8,4,2,4,14,8,1,6,6,4,10,4,5,5,4,2,2,4,4,5,7,5,1,5,4,10,2,3,3
Nek1,5,6,9,9,10,12,16,14,20,11,16,27,10,9,17,12,9,15,9,11,4,20,13,9,10,19,3,19,17,18,10,5,8,7,10,16,9,7,11,7,20,14,18,9,7,8
Nek2,7,3,0,16,10,2,3,4,4,7,9,3,7,5,6,11,5,26,3,4,6,14,7,3,3,6,2,6,4,6,10,3,3,2,6,7,8,3,2,4,6,3,4,5,8,9
Nek3,5,2,11,16,7,14,5,11,18,12,17,16,7,10,9,17,11,22,17,6,6,17,9,14,12,12,8,16,20,23,5,6,13,9,9,11,15,11,14,8,14,16,20,11,9,15
Nek4,26,19,24,35,34,25,31,26,40,23,28,47,28,26,30,31,31,41,28,29,3,37,28,23,29,28,18,26,25,28,26,26,41,18,28,22,20,20,31,15,42,22,25,18,24,13
Nek6,68,26,77,133,143,100,95,100,183,90,131,189,97,83,123,92,103,121,101,111,49,132,125,61,105,126,121,110,101,121,99,71,126,78,104,75,79,94,102,63,177,98,92,70,67,72
Nek7,144,51,104,127,102,112,96,84,76,78,124,103,87,74,94,145,152,159,88,70,46,196,105,76,76,76,79,81,78,87,85,52,64,46,60,68,48,64,84,27,82,54,58,42,49,46
Nek8,22,16,29,46,28,25,29,13,37,33,36,24,19,18,26,33,47,60,33,25,7,62,16,14,29,18,16,25,31,23,15,14,27,16,15,15,17,18,13,12,25,17,16,13,16,22
Nek9,110,78,126,216,151,153,164,174,219,127,208,207,140,164,173,208,218,259,140,154,72,249,218,119,169,155,154,172,192,213,147,110,173,102,149,154,124,136,174,91,250,166,147,108,151,160
Nelfa,66,38,64,83,56,64,60,62,65,54,74,87,73,39,60,71,91,80,65,51,21,74,73,38,59,45,39,52,63,44,67,38,43,57,61,53,47,47,48,49,83,57,43,55,34,51
Nelfb,138,53,106,189,105,120,179,149,165,133,153,186,133,115,124,182,171,172,154,117,45,150,161,101,175,130,121,126,185,149,110,103,139,122,131,124,115,139,154,70,212,120,123,111,110,135
Nelfcd,153,92,179,214,151,182,187,217,196,147,209,147,143,147,185,224,211,228,156,151,71,204,176,124,171,182,165,196,180,160,160,135,169,145,206,170,155,166,171,118,253,183,136,163,181,152
Nelfe,145,74,123,177,132,104,193,185,173,160,147,153,173,142,137,190,157,235,145,146,53,220,235,144,177,167,95,177,214,189,104,108,158,110,170,154,146,175,153,115,245,164,168,104,173,171
Nemf,9,3,8,16,9,8,13,14,18,13,17,19,11,15,17,11,13,25,13,16,4,17,14,9,14,10,9,13,20,16,5,7,14,6,15,5,5,14,8,10,18,5,5,3,4,11
Nenf,151,64,98,198,146,84,165,171,190,125,138,185,120,100,164,198,209,415,159,167,64,192,198,84,167,152,129,168,171,173,202,103,121,116,138,123,150,187,177,116,201,128,152,107,158,137
Neo1,28,15,25,34,21,38,32,27,38,27,37,36,27,30,23,45,53,27,32,24,14,30,36,28,33,36,24,39,38,40,19,23,28,27,47,23,30,20,40,16,56,38,19,36,28,35
Nes,7,6,6,8,4,3,12,11,2,7,5,11,6,3,5,7,6,9,9,5,0,9,11,5,7,8,4,10,12,5,13,5,7,4,4,9,6,4,7,3,10,4,5,3,3,11
Net1,351,184,341,631,323,308,398,426,376,367,447,563,397,405,472,516,503,537,366,338,156,703,421,244,336,330,349,402,458,378,435,261,354,251,396,332,307,358,367,214,491,373,359,282,320,307
Neu1,2,3,2,9,0,7,8,0,6,3,2,6,7,4,6,11,8,6,1,3,0,6,5,4,4,3,7,3,7,6,2,2,2,2,5,5,5,2,2,1,8,4,6,3,7,3
Neu2,2,2,3,5,3,4,4,7,10,11,6,9,5,4,9,7,6,11,8,9,3,10,11,7,8,9,9,10,15,6,7,9,8,9,6,10,5,10,8,3,10,9,10,3,6,8
Neu3,0,0,6,4,16,1,11,2,11,0,3,17,3,8,3,4,5,10,5,6,0,14,11,5,9,3,5,4,4,5,1,3,4,3,4,0,6,4,0,3,3,3,4,2,2,1
Neurl1a,1,1,1,0,1,1,2,4,2,2,1,1,2,1,1,2,2,22,5,0,1,5,2,4,5,6,3,0,3,3,6,0,5,1,2,1,1,3,1,2,1,4,2,0,3,3
Neurl1b,5,4,2,4,16,5,24,32,5,5,6,7,8,5,8,4,6,35,4,4,3,4,4,3,6,3,5,6,16,7,6,7,8,11,7,6,10,2,5,1,2,2,6,6,4,5
Neurl2,47,13,16,39,27,13,53,55,24,17,30,24,35,25,25,35,32,33,17,21,13,37,45,25,27,30,29,34,52,28,18,24,48,30,31,68,29,40,22,20,43,21,53,29,31,30
Neurl3,21,18,27,47,21,31,52,39,24,23,41,31,35,24,33,43,37,38,26,21,16,61,34,19,43,26,29,24,35,48,112,23,16,41,26,34,21,30,22,6,27,29,36,22,20,33
Neurl4,65,24,36,81,40,32,43,47,46,48,69,80,49,46,56,49,56,66,52,48,16,66,63,37,45,49,39,49,62,40,43,34,46,40,65,45,36,47,35,41,57,39,55,40,40,35
Nf1,12,6,7,12,11,7,11,4,9,8,11,12,8,3,5,16,15,14,8,5,4,13,8,9,8,7,7,8,10,8,14,2,6,9,8,11,5,4,4,1,8,7,10,8,4,9
Nf2,74,47,100,105,85,91,101,115,115,88,112,158,105,95,90,102,108,110,89,83,41,136,131,87,92,78,107,125,126,103,80,86,125,74,105,89,65,95,95,44,141,83,88,81,99,84
Nfam1,17,5,22,42,25,14,28,20,13,11,27,21,10,8,18,22,28,18,10,12,8,23,23,9,17,10,23,13,8,18,22,11,7,12,9,11,13,11,12,4,12,6,15,6,10,12
Nfat5,13,6,18,11,11,12,12,9,14,16,17,14,4,15,10,11,13,10,10,9,3,9,8,7,4,5,6,6,5,14,3,6,7,3,2,4,3,4,8,2,3,6,5,6,4,7
Nfatc1,28,11,21,33,21,22,44,20,31,28,32,33,25,35,34,28,20,36,17,27,7,30,27,18,30,18,22,20,37,22,29,20,25,17,23,18,25,19,25,19,42,19,20,15,17,19
Nfatc2,4,3,3,7,6,1,7,13,0,1,7,3,3,0,2,0,7,5,5,3,0,2,4,0,2,4,5,2,7,3,15,2,1,0,0,2,4,2,3,2,3,1,5,1,1,0
Nfatc2ip,4,3,6,10,5,2,12,10,5,2,6,4,11,5,4,7,4,11,6,2,2,7,8,7,7,4,1,4,3,4,5,3,3,6,4,4,1,8,4,1,6,5,4,4,2,3
Nfatc3,107,58,102,160,121,93,130,104,166,107,155,117,145,116,136,137,152,152,130,110,54,173,145,77,104,95,124,111,123,140,120,92,136,88,97,120,116,109,94,81,170,111,115,90,125,101
Nfatc4,3,0,3,3,2,1,2,2,2,1,0,6,2,3,4,5,4,5,6,4,2,0,6,2,0,3,3,1,4,1,3,2,2,2,0,3,2,3,3,1,4,4,2,2,1,2
Nfe2,8,2,8,7,14,2,0,12,38,8,4,12,5,3,3,8,8,0,6,12,2,4,16,13,8,20,9,16,33,4,4,4,3,4,4,10,7,14,6,1,4,5,3,6,8,5
Nfe2l1,339,175,332,531,259,356,368,307,419,294,431,377,336,271,398,417,490,354,439,335,96,258,406,242,291,278,322,389,377,373,388,279,347,266,347,386,232,341,408,225,454,323,388,284,329,280
Nfe2l2,189,76,124,234,175,148,210,156,101,181,149,240,148,142,177,115,138,237,162,140,96,218,178,103,194,140,146,160,234,181,166,141,171,160,164,196,146,121,155,97,236,140,138,113,79,144
Nfia,155,67,113,226,129,128,143,118,263,171,201,220,202,143,175,190,231,161,155,133,70,213,173,96,152,168,136,150,152,175,130,98,145,89,152,141,107,156,122,64,184,114,130,131,132,141
Nfib,292,126,223,361,208,211,246,205,302,311,338,294,251,201,257,427,353,303,350,240,96,294,309,162,204,267,231,288,408,311,185,170,262,147,239,264,171,251,248,156,293,232,258,158,183,216
Nfic,361,216,390,638,228,410,506,220,506,394,479,505,544,492,525,498,567,348,383,449,116,365,670,530,517,537,398,524,624,574,262,458,443,389,454,339,422,505,452,355,688,529,438,347,455,455
Nfil3,86,23,58,76,111,217,56,61,174,75,124,114,57,56,76,223,205,94,95,122,43,99,96,35,54,90,68,120,116,82,54,70,76,62,82,81,60,81,105,45,113,99,71,54,57,55
Nfix,198,88,161,247,140,205,223,158,195,194,182,194,238,185,221,267,222,110,222,234,57,136,255,153,219,211,217,231,201,284,94,143,210,99,156,159,148,193,227,126,344,233,180,161,146,158
Nfkb1,70,36,60,119,97,89,104,95,90,81,110,95,88,75,89,119,108,91,77,67,42,131,108,69,92,91,76,82,104,84,118,69,82,67,67,82,77,89,61,43,122,71,75,55,68,72
Nfkb2,37,26,48,125,88,48,93,95,104,46,99,82,50,38,63,74,69,114,58,43,19,163,57,22,57,41,58,38,57,61,167,38,45,45,59,49,45,49,51,38,72,51,45,35,38,46
Nfkbia,319,181,285,528,373,314,296,307,505,276,388,361,342,218,303,603,450,535,265,215,130,583,275,174,236,270,284,234,254,297,589,166,188,173,262,207,186,249,210,149,333,265,279,175,171,216
Nfkbib,172,83,142,262,171,211,228,220,388,123,223,306,212,162,264,198,199,218,169,176,81,251,159,111,213,189,195,223,243,273,348,150,181,135,112,117,124,183,127,125,217,185,132,144,162,143
Nfkbid,1,5,3,5,1,1,4,4,3,3,5,4,2,1,1,3,5,11,1,2,0,0,3,2,0,2,3,2,4,1,13,3,4,2,1,1,1,3,6,1,4,2,2,1,2,1
Nfkbie,20,9,26,39,32,21,37,42,32,17,48,38,20,14,23,18,30,26,20,26,13,29,28,12,19,12,31,13,16,28,51,14,29,18,18,11,24,20,21,7,14,19,9,11,12,25
Nfkbil1,26,13,21,42,19,24,33,20,40,20,31,39,24,21,30,52,32,35,31,29,15,49,31,18,32,22,24,31,40,29,17,15,31,12,26,26,20,23,37,15,27,25,28,20,14,19
Nfkbiz,27,12,23,43,34,14,25,30,48,27,30,51,16,13,30,17,21,26,12,22,13,28,15,8,23,16,20,13,20,24,27,19,12,7,16,19,19,17,13,9,19,13,14,13,6,14
Nfrkb,21,16,21,51,14,18,28,6,33,22,23,29,19,20,29,26,27,31,14,24,11,38,25,22,14,26,20,20,30,22,19,16,18,11,21,20,20,21,18,18,35,20,15,26,21,21
Nfs1,240,108,208,365,184,248,296,266,351,205,331,328,264,228,317,331,350,313,313,218,83,357,327,221,281,222,229,340,297,316,256,227,284,175,293,243,208,267,288,168,448,289,228,184,243,248
Nfu1,283,138,245,386,267,260,337,287,318,273,377,385,326,300,371,403,391,407,346,317,111,486,418,264,318,306,230,302,384,360,288,241,328,232,325,317,327,346,305,175,458,318,321,217,271,302
Nfx1,45,18,33,78,30,38,44,34,42,39,48,48,46,32,50,34,40,40,32,24,9,71,37,21,36,48,23,23,53,34,33,18,35,23,35,28,35,28,39,27,43,44,28,23,31,21
Nfxl1,39,36,44,60,50,46,47,46,41,41,40,115,39,51,53,46,42,54,45,53,19,76,42,33,36,32,37,29,39,30,36,38,25,27,30,22,29,26,32,16,48,29,29,22,22,35
Nfya,8,7,8,10,9,10,18,12,12,5,24,24,2,15,13,8,10,26,9,4,4,16,16,9,18,14,11,13,11,13,19,11,6,15,6,10,11,10,9,4,9,8,10,5,9,13
Nfyb,102,38,57,113,87,75,95,95,126,101,103,135,88,77,105,104,118,62,82,96,52,76,116,72,84,93,109,105,136,93,104,74,116,71,98,111,97,77,90,57,98,94,88,70,86,106
Nfyc,49,36,46,77,47,55,70,50,67,56,56,82,82,62,79,81,56,93,58,61,14,83,62,52,52,47,51,48,69,74,49,34,47,39,53,38,53,56,53,53,74,52,55,36,55,67
Ngdn,152,81,156,144,101,131,126,107,147,126,165,289,136,158,151,225,163,188,151,134,40,189,173,63,113,140,138,152,157,141,139,113,125,142,128,123,95,131,151,97,230,154,143,92,123,136
Ngef,232,106,235,397,225,256,299,267,259,239,287,210,212,175,243,318,316,235,238,223,106,258,294,235,307,274,242,244,380,275,210,155,238,173,252,246,245,224,223,172,351,233,246,217,274,224
Ngf,16,14,18,34,20,20,22,22,13,11,27,33,22,18,24,13,20,32,26,12,5,32,26,18,17,19,16,21,22,29,18,16,18,22,16,13,9,20,10,13,27,13,16,12,8,19
Ngfr,9,4,11,28,4,17,21,17,6,12,16,12,10,13,18,18,29,31,16,4,5,38,32,10,18,18,9,17,38,24,13,12,12,18,6,10,13,17,12,11,16,8,16,4,9,11
Ngfrap1,10,6,9,15,5,13,7,14,12,11,23,13,19,8,11,14,19,22,21,11,6,17,19,8,8,14,15,8,17,14,6,8,4,7,4,8,7,11,7,3,14,4,5,4,6,15
Ngly1,74,40,54,82,64,76,80,46,99,70,90,85,100,80,82,76,128,102,75,69,40,120,97,52,81,101,68,91,115,121,71,57,78,40,83,72,68,78,83,48,107,74,71,51,45,63
Ngp,1,3,0,1,22,0,2,2,41,0,5,5,5,0,4,4,2,3,7,0,1,4,2,0,7,0,2,0,0,0,4,0,1,0,1,3,8,1,0,0,0,0,0,0,0,1
Ngrn,142,66,111,175,141,115,158,140,182,119,181,202,143,120,164,183,217,150,130,135,84,222,170,82,132,124,109,142,198,144,134,104,145,82,141,119,111,134,138,89,206,116,129,103,136,125
Nhej1,26,14,17,36,27,26,40,33,22,44,36,37,26,33,37,35,28,52,31,28,17,43,39,19,31,32,22,45,38,35,27,19,31,29,37,27,34,37,19,14,46,41,31,28,29,20
Nhlrc1,2,0,3,3,5,6,6,2,6,2,2,6,0,2,5,4,1,1,1,1,4,5,4,3,8,6,4,7,4,5,4,8,5,2,8,2,4,4,2,2,7,4,6,1,4,5
Nhlrc2,36,19,37,60,31,37,36,41,38,32,44,38,43,31,35,39,57,57,28,23,15,88,39,24,21,38,32,31,40,29,31,29,26,20,26,17,26,27,30,15,37,24,26,21,23,20
Nhlrc3,14,5,13,17,6,16,8,10,13,17,8,23,10,14,8,11,15,8,6,8,4,7,13,6,13,5,19,12,11,9,18,8,11,10,9,14,5,12,15,5,12,6,10,12,8,3
Nhp2,243,112,226,309,258,279,280,325,299,244,316,390,280,217,300,307,342,874,236,280,120,526,349,210,333,272,240,324,342,361,318,231,288,231,332,242,274,309,303,207,438,341,269,223,290,238
Nhp2l1,63,30,65,131,72,85,83,76,105,76,95,90,81,79,93,86,99,190,84,79,37,166,115,59,100,87,56,65,56,112,89,59,89,76,74,88,65,65,110,46,121,84,70,74,70,79
Nhsl1,20,7,8,25,22,10,17,14,10,16,22,29,18,10,20,18,14,20,26,12,5,10,19,6,16,11,19,19,18,23,7,17,18,8,11,12,14,14,18,10,18,17,11,12,11,13
Nhsl2,1,2,2,3,6,0,2,6,6,2,4,7,4,2,3,5,8,4,8,6,0,10,7,7,3,7,1,2,3,2,4,2,4,3,5,5,3,0,2,5,3,9,3,4,2,5
Nicn1,48,26,34,60,36,56,49,51,55,52,68,86,56,62,48,75,75,87,51,32,18,72,53,27,39,36,48,81,54,41,35,37,26,30,36,34,40,43,35,22,63,34,43,29,31,30
Nid1,13,2,2,10,17,5,12,8,33,7,16,18,13,3,11,9,8,92,12,13,6,40,9,6,6,9,6,6,11,11,12,5,8,6,4,5,9,11,10,5,7,1,4,4,6,6
Nid2,23,18,22,23,31,21,26,39,29,25,29,53,19,15,23,29,13,35,24,23,6,31,42,24,20,28,36,24,34,18,10,21,28,29,16,22,33,26,22,16,23,16,21,11,19,20
Nif3l1,39,30,43,46,57,60,80,63,106,46,72,105,69,62,65,68,65,94,60,63,25,66,78,52,61,67,60,70,68,87,63,41,58,43,65,46,57,67,58,41,114,54,53,31,50,54
Nifk,49,33,52,79,71,55,56,62,91,60,62,106,63,62,70,85,90,110,55,59,18,125,68,50,52,63,64,65,81,73,65,49,44,40,68,25,39,63,38,39,93,53,58,49,50,55
Nin,3,5,5,12,10,8,12,11,11,7,11,13,12,5,7,9,8,11,9,3,8,26,8,6,16,6,10,5,8,12,22,7,10,10,4,8,10,13,6,6,4,7,11,10,5,6
Ninj1,986,484,967,1463,878,1048,1078,1141,2162,1077,1195,1618,1201,1105,1241,1319,1079,1136,1011,1133,324,1099,1371,943,1193,1249,1343,1404,1656,1521,1311,795,936,948,1278,1062,924,1116,1344,841,1559,1420,957,762,1121,1077
Ninl,12,4,10,12,7,5,9,5,3,2,14,8,14,8,4,13,14,9,8,9,1,9,6,3,5,6,5,16,6,9,5,7,5,3,7,4,5,4,8,2,7,1,6,2,0,6
Nip7,11,6,7,10,11,7,10,8,13,8,17,26,11,18,6,9,10,17,14,5,1,21,10,3,6,7,10,13,9,6,10,9,9,12,11,7,12,8,11,10,12,8,10,6,8,15
Nipa1,3,0,2,7,8,1,3,6,6,3,4,2,3,1,3,1,7,7,3,3,1,7,4,1,4,4,5,4,2,3,1,5,2,0,4,1,6,5,1,1,1,4,2,2,3,0
Nipa2,26,12,27,35,32,15,36,19,48,23,33,31,27,31,26,21,18,26,24,22,9,31,33,15,29,17,20,27,31,35,24,19,25,11,29,18,23,21,22,15,31,31,32,13,19,24
Nipal1,11,4,2,22,17,5,9,11,63,22,5,30,7,15,3,18,49,61,3,2,4,94,7,2,7,11,15,3,47,6,6,4,8,5,9,4,23,7,2,3,3,3,4,4,3,5
Nipal3,8,12,14,32,27,21,41,26,42,21,37,27,24,22,25,39,42,47,24,18,7,30,37,21,37,33,21,26,31,44,27,23,28,20,30,24,23,23,22,17,42,28,29,21,24,22
Nipbl,20,4,12,33,15,21,25,16,29,22,30,29,18,20,22,31,16,23,21,8,5,24,22,16,26,20,25,22,26,20,14,13,17,13,19,21,15,15,19,8,24,18,15,17,14,21
Nipsnap1,892,390,730,1074,606,822,1016,852,1094,822,889,1031,976,900,1072,1101,981,702,903,844,332,1080,1325,802,867,940,734,942,1427,1011,764,757,908,659,997,1000,850,925,897,570,1165,936,980,683,820,938
Nipsnap3b,420,172,378,594,434,499,478,426,546,419,571,570,424,408,555,603,666,849,505,501,240,824,578,281,449,477,385,445,592,556,458,374,437,299,398,405,392,463,495,239,572,439,437,333,345,402
Nisch,322,159,261,518,330,301,399,360,451,282,388,448,326,303,321,398,349,348,331,306,133,332,411,248,368,323,339,306,411,391,358,256,354,284,305,332,248,363,314,238,493,342,326,276,315,290
Nit1,337,146,329,508,314,361,441,365,530,345,442,416,423,355,405,478,481,445,382,367,160,497,442,239,448,406,305,420,558,499,360,287,389,225,371,350,372,379,424,234,555,354,384,306,357,373
Nit2,701,312,738,870,716,963,977,934,1073,886,917,923,922,783,983,949,890,340,939,937,360,527,1137,756,1085,1044,830,1011,1373,1081,599,625,1011,666,972,902,874,948,1012,532,1418,1011,827,756,789,792
Nkain4,2,4,3,6,3,0,5,4,7,1,1,1,3,1,4,5,2,3,1,2,1,1,7,1,4,5,2,4,5,11,1,0,3,2,2,6,2,8,6,2,3,1,1,3,2,4
Nkap,8,2,14,21,11,11,20,8,21,18,13,12,12,12,18,17,9,17,11,8,1,15,21,9,14,17,10,12,18,14,10,8,10,3,13,6,12,13,11,8,13,10,6,13,9,9
Nkapl,4,1,2,6,5,3,2,8,5,4,7,8,4,4,3,6,6,9,4,7,6,8,3,3,9,6,3,6,7,2,11,1,4,1,6,4,3,1,1,2,3,3,4,3,2,0
Nkd1,4,0,2,5,0,0,6,0,2,2,6,4,3,2,5,3,1,5,4,1,1,5,3,3,2,2,6,1,1,5,0,0,0,3,4,1,1,5,3,4,4,2,1,2,1,2
Nkg7,5,3,11,25,15,9,22,22,3,11,17,5,11,2,15,7,17,14,5,4,12,7,16,7,11,7,13,9,9,9,52,5,4,10,3,7,11,17,5,4,4,14,13,4,3,5
Nkiras1,6,2,4,5,4,3,4,2,4,5,8,1,2,5,4,5,5,1,5,2,1,4,2,2,5,1,2,4,6,1,2,1,4,1,3,2,2,2,6,1,4,1,2,2,0,2
Nkiras2,83,41,70,137,91,79,123,112,128,87,124,139,100,47,85,112,98,139,116,79,43,130,121,73,87,94,92,108,117,107,104,67,82,90,89,101,74,107,90,72,121,80,107,71,77,73
Nkrf,4,8,3,22,8,7,10,14,6,11,15,11,16,10,12,5,11,9,9,8,2,12,4,3,12,9,6,6,10,9,10,4,8,5,10,6,5,10,7,6,6,3,12,8,10,12
Nktr,135,78,117,158,139,164,131,140,163,115,171,254,129,109,153,128,123,207,151,155,64,221,156,103,95,92,117,94,105,115,111,118,130,100,87,91,85,97,133,61,166,92,79,98,113,108
Nle1,21,21,19,27,18,23,19,23,28,21,32,41,39,13,24,29,21,65,17,12,10,63,30,17,25,21,14,36,33,28,23,15,25,15,17,15,8,21,18,11,22,24,24,14,20,26
Nlgn2,8,6,8,22,9,16,17,8,16,12,14,15,14,12,7,22,16,10,9,6,1,17,11,0,8,11,4,11,6,10,9,3,9,7,6,6,6,8,10,3,8,7,9,6,6,6
Nlk,11,8,16,31,18,14,26,15,27,14,22,30,16,17,20,18,25,26,18,20,9,19,25,13,29,21,23,27,22,23,17,18,26,6,17,23,15,28,22,24,36,25,21,20,14,16
Nln,22,17,23,42,22,17,34,26,20,24,35,31,31,21,38,43,36,67,34,31,19,48,37,20,17,21,27,37,30,25,31,20,39,22,44,24,25,24,38,9,50,30,32,16,30,18
Nlrc4,2,1,2,5,4,2,1,4,4,1,3,4,1,2,3,5,2,8,1,1,0,3,2,1,1,4,4,4,2,0,6,1,1,1,2,2,2,1,0,0,1,3,1,1,0,1
Nlrc5,66,30,95,179,98,62,136,110,126,73,134,89,68,51,92,112,121,120,65,70,24,111,78,77,83,103,64,83,74,68,182,49,73,71,56,58,59,68,52,26,93,53,67,45,64,40
Nlrp12,86,45,80,249,56,114,73,43,217,95,304,184,175,169,224,278,435,382,62,69,39,433,88,22,106,80,72,138,54,147,42,58,78,18,119,70,62,76,120,41,91,84,135,62,86,84
Nlrp1b,1,1,6,3,6,5,1,6,3,2,4,3,3,1,1,4,1,4,4,1,0,3,3,2,2,1,4,2,0,4,13,1,2,1,3,5,2,1,0,1,1,2,2,1,0,5
Nlrp3,2,2,5,6,4,4,2,4,3,3,5,3,3,2,3,3,2,3,3,2,0,8,1,2,0,0,2,3,5,3,14,1,3,1,1,1,2,1,3,0,3,1,1,0,0,2
Nlrp6,223,101,229,315,124,208,183,190,301,229,274,318,192,199,282,244,241,161,252,191,59,227,212,153,190,198,203,209,341,212,115,149,210,158,212,153,142,222,216,142,265,187,173,134,168,143
Nlrx1,23,11,22,50,23,28,30,39,45,30,47,37,22,30,34,39,46,56,24,39,10,45,38,30,40,50,41,46,37,46,40,33,41,26,36,35,31,50,33,18,46,42,34,20,38,39
Nmb,8,2,5,10,3,6,6,8,5,6,5,20,13,11,4,11,5,22,2,10,2,15,8,5,6,3,7,6,6,7,5,11,6,5,7,8,3,7,4,3,7,5,7,2,13,7
Nmd3,45,25,39,71,49,38,58,41,53,66,71,88,65,60,64,58,60,70,50,36,13,99,67,22,34,39,39,58,70,66,39,38,55,24,43,34,56,36,43,41,58,54,52,29,40,56
Nme1,629,293,563,1080,596,574,838,776,1077,740,794,1162,752,712,860,967,884,1677,682,723,225,1188,880,464,810,782,683,780,909,839,792,511,708,522,792,699,546,789,816,488,1101,905,631,542,734,698
Nme2,2195,1276,2547,4027,2972,2981,3219,3127,4477,2696,3543,4764,2997,2996,3033,3263,3411,5141,2617,2853,1222,4663,3845,2083,4027,3452,3025,3257,3682,3176,2642,2232,3198,2017,3410,2808,2774,3080,3336,1973,4778,3624,3205,2493,3028,2864
Nme3,324,135,275,307,198,321,311,237,372,343,291,365,341,277,334,418,417,258,365,325,116,375,222,220,326,304,290,358,446,328,261,177,270,183,296,246,186,306,326,150,426,291,312,204,263,267
Nme4,16,5,4,32,13,9,18,14,19,16,28,14,13,5,11,12,13,23,16,12,8,12,18,18,26,29,14,12,18,19,26,10,8,12,13,9,9,16,13,15,28,17,10,21,10,13
Nme6,83,59,92,72,91,95,129,110,184,97,79,292,71,69,121,117,122,208,132,119,36,112,79,75,71,98,130,161,137,144,38,46,116,99,113,72,95,135,100,65,160,103,93,62,88,100
Nme7,13,6,14,21,21,16,16,12,28,13,30,40,16,15,21,33,31,38,16,11,7,31,19,6,22,17,15,21,21,18,19,6,17,13,21,14,15,13,13,11,23,17,19,9,17,14
Nmi,129,65,112,159,103,93,175,140,224,112,141,157,153,135,146,148,178,120,100,133,44,92,171,117,140,122,108,119,185,153,188,103,119,83,115,131,114,133,150,91,147,137,125,78,122,119
Nmnat1,59,20,34,64,61,58,65,59,56,49,67,52,51,51,60,58,73,69,49,46,24,51,67,58,61,51,47,69,60,59,52,48,61,53,53,82,57,56,68,42,70,48,54,54,60,41
Nmnat3,24,5,21,43,8,21,29,25,30,33,39,44,30,24,26,34,34,47,27,21,11,47,27,25,31,24,14,28,38,33,20,21,41,25,24,11,22,22,17,12,45,15,26,23,25,29
Nmral1,25,12,20,50,37,32,57,38,71,32,29,82,48,42,29,35,48,68,28,25,9,72,43,25,65,32,29,33,36,32,29,21,25,31,34,16,11,32,25,43,48,45,29,17,25,39
Nmrk1,104,42,81,159,89,75,148,81,114,84,129,167,87,89,94,103,137,80,87,83,39,102,126,61,91,90,85,89,99,129,56,70,91,51,67,66,62,87,78,51,101,69,86,62,79,80
Nmt1,133,71,157,229,174,170,194,172,285,182,230,277,199,158,195,228,233,211,141,159,76,270,233,160,173,182,158,191,218,198,184,149,174,134,189,174,157,148,171,135,249,192,195,147,159,152
Nmt2,30,16,24,46,21,24,36,18,31,18,34,26,24,35,31,35,33,28,18,23,6,44,23,22,20,15,19,29,31,32,17,25,24,12,29,26,27,21,29,17,25,32,37,18,10,33
Nnmt,116,111,805,226,721,1185,262,327,2725,244,659,1317,500,895,702,439,49,552,138,546,216,1064,374,551,1040,675,836,253,1256,795,571,253,324,341,636,315,537,161,271,418,1437,847,471,342,309,200
Nnt,270,133,213,445,217,246,255,228,375,344,398,415,331,304,371,440,471,494,334,227,87,633,289,151,251,266,249,290,394,283,202,225,274,161,266,254,262,239,224,144,309,240,231,182,228,259
Noa1,54,35,40,62,41,49,56,41,34,40,61,68,45,45,53,72,72,59,69,34,26,89,59,38,64,40,29,59,67,53,34,39,44,32,45,40,44,52,44,30,64,49,40,29,33,40
Nob1,59,38,41,86,53,40,59,55,66,31,71,99,76,55,57,52,54,107,43,50,22,88,64,31,43,42,42,47,61,58,49,35,47,37,43,46,41,40,47,28,44,34,58,31,48,44
Noc2l,99,63,103,156,83,115,130,104,149,73,143,171,110,87,116,126,146,184,100,101,27,185,96,84,111,109,129,117,125,133,83,76,97,73,115,104,82,115,115,74,125,95,103,72,70,88
Noc3l,3,12,12,14,18,18,11,7,12,12,13,18,14,11,14,7,17,21,9,16,4,21,12,9,8,9,13,6,21,20,17,10,8,9,7,5,16,10,6,8,19,11,14,5,15,10
Noc4l,54,45,61,79,71,55,64,68,60,59,92,84,64,59,83,81,66,121,65,66,22,99,74,30,67,61,64,59,64,77,94,50,74,50,51,59,60,78,57,41,84,76,64,51,66,69
Nod1,52,25,54,68,89,38,73,87,82,38,82,59,60,45,47,70,59,65,57,47,28,75,55,33,60,38,52,46,66,57,123,34,49,41,39,41,36,45,45,22,50,50,47,33,31,35
Nodal,6,2,1,8,3,4,4,3,7,7,3,16,6,7,7,7,7,12,4,10,1,10,8,2,7,4,10,2,8,6,8,2,4,3,5,6,5,1,2,2,9,5,5,4,9,8
Nol10,16,28,37,42,34,31,41,39,56,25,52,61,34,42,29,34,39,66,30,37,18,71,46,34,24,27,27,21,23,34,49,20,35,29,30,18,30,38,40,13,40,21,34,30,26,37
Nol11,26,14,37,48,33,21,37,31,42,20,38,64,35,34,48,27,42,43,35,34,16,43,32,20,33,26,30,29,34,41,37,26,27,24,25,24,29,40,28,22,48,40,37,24,27,22
Nol12,1,1,1,2,1,4,3,1,0,2,1,3,0,1,0,1,0,5,1,2,1,5,2,0,0,2,3,0,4,1,4,0,4,7,1,2,2,0,2,0,1,0,1,1,0,1
Nol3,7,5,4,4,4,1,3,3,2,2,2,2,0,0,1,3,5,11,2,5,2,13,2,1,4,5,1,2,2,1,4,1,5,1,1,1,1,2,1,2,2,2,5,5,1,0
Nol4l,4,0,1,5,1,2,3,4,3,3,4,5,7,1,3,4,6,6,7,5,1,6,4,2,2,6,3,2,2,4,3,3,2,1,0,3,2,4,5,0,5,2,3,2,1,0
Nol6,28,15,28,54,24,41,36,40,32,50,51,56,26,21,35,48,53,43,43,29,15,54,50,26,46,32,35,44,44,44,35,26,33,32,47,33,37,57,45,21,72,54,45,37,39,38
Nol7,170,86,173,338,209,207,231,214,287,238,260,329,285,232,290,249,320,390,192,237,105,413,290,165,252,234,200,242,286,261,205,158,249,136,263,253,249,231,233,169,389,274,218,174,196,206
Nol8,18,14,13,31,9,23,17,13,29,20,33,42,26,14,14,22,21,34,18,22,9,41,28,13,16,16,14,18,18,28,23,16,17,11,13,3,14,22,14,9,24,22,18,18,14,28
Nol9,58,48,54,112,43,66,80,60,90,36,97,128,89,52,75,71,62,72,50,55,28,94,83,49,58,56,55,66,73,87,44,38,49,49,57,49,41,55,56,41,75,66,72,60,79,73
Nolc1,43,53,50,68,36,62,64,53,56,56,62,111,62,61,71,45,55,62,44,48,23,55,56,45,63,44,57,46,48,72,53,55,49,35,42,37,38,51,64,42,67,50,62,55,65,60
Nom1,74,51,63,114,87,65,86,57,98,72,120,112,71,70,87,103,83,111,71,76,31,131,89,49,77,73,75,65,74,78,68,55,66,38,63,67,58,54,69,54,86,65,51,57,63,53
Nomo1,129,63,121,146,94,123,140,130,165,133,179,229,135,132,131,194,138,258,107,136,36,179,120,108,137,127,139,140,162,112,113,110,144,112,155,109,98,136,132,88,173,120,117,98,115,136
Nono,49,23,32,75,55,35,50,43,56,61,43,64,52,32,54,74,70,52,42,43,26,75,58,40,49,58,37,65,62,66,36,39,34,25,64,34,42,47,44,27,56,41,51,45,33,36
Nop10,5,3,3,0,1,12,10,5,9,1,5,10,3,7,4,4,6,9,5,2,3,12,7,4,2,3,1,1,8,2,5,7,5,5,1,5,2,5,4,7,8,7,1,2,3,1
Nop14,100,61,96,135,91,75,112,95,105,84,102,182,107,89,112,123,118,154,88,104,25,171,118,61,97,85,91,107,111,79,103,77,95,74,77,78,79,81,99,63,119,82,84,62,79,81
Nop16,139,82,129,216,148,167,151,121,217,116,186,243,163,163,177,236,183,219,145,141,75,215,200,99,155,171,190,215,173,177,118,110,130,77,171,150,143,129,186,111,286,159,137,93,119,138
Nop2,65,93,94,152,62,59,102,98,86,56,113,194,98,88,103,90,84,148,74,64,28,166,78,79,69,63,69,67,101,93,79,66,71,69,60,55,59,71,70,52,104,98,86,74,74,71
Nop56,17,42,20,71,54,26,57,24,23,38,43,110,36,35,30,36,45,69,24,38,18,81,31,11,20,24,44,35,50,37,53,42,22,28,21,21,17,22,21,10,30,25,19,25,21,16
Nop58,101,96,128,137,69,65,113,65,65,42,125,219,90,61,75,84,90,164,65,81,38,152,71,56,52,56,83,72,61,82,98,74,69,38,63,60,53,40,53,38,52,52,52,49,58,46
Nos1ap,24,4,13,5,27,18,9,11,33,8,9,22,12,8,11,21,14,12,8,9,4,18,13,4,4,12,15,3,14,9,20,2,8,12,13,6,2,5,6,5,8,7,9,6,0,2
Nos2,0,0,1,0,2,1,3,2,1,0,1,2,1,0,0,2,2,2,0,1,1,2,0,0,1,1,1,1,0,0,69,0,1,2,0,0,2,1,0,0,0,0,0,0,0,0
Nos3,23,2,12,16,28,24,32,20,33,11,23,36,25,16,25,25,32,21,22,33,17,24,21,15,16,23,24,24,23,33,36,19,23,10,14,23,19,34,14,16,35,19,26,18,12,19
Nosip,72,46,55,109,68,82,71,73,110,74,80,89,71,76,93,80,68,118,62,66,18,88,72,44,73,64,69,73,100,87,69,43,53,54,62,47,56,77,67,42,105,58,64,35,59,61
Nostrin,60,20,50,60,83,55,82,59,148,64,61,85,79,59,67,61,58,102,54,69,34,67,87,40,67,79,72,56,101,83,42,46,78,28,53,53,51,59,63,43,76,70,65,43,59,62
Notch1,76,43,53,92,52,61,68,74,76,52,74,64,58,59,79,89,89,114,65,47,21,103,68,28,43,49,57,61,71,54,79,38,51,44,56,65,47,48,30,25,105,46,59,43,39,56
Notch2,15,8,15,23,22,21,19,12,44,18,18,26,26,14,19,37,30,13,26,31,2,17,32,18,17,33,29,29,28,23,10,14,22,13,31,18,22,20,30,14,21,26,18,22,20,22
Notch3,8,5,7,18,9,8,17,11,13,10,17,9,17,7,8,13,13,7,13,6,3,12,15,11,14,10,12,16,14,12,9,4,13,10,9,10,8,13,17,4,16,12,15,11,12,5
Notch4,5,5,15,26,6,10,4,12,11,11,11,16,10,9,12,12,11,24,11,10,6,11,12,9,6,7,10,14,16,15,11,7,7,12,8,7,11,10,9,4,10,9,15,7,17,11
Notum,171,120,163,397,122,121,200,134,202,180,217,223,204,195,251,188,289,89,185,145,70,139,148,96,162,154,131,196,161,194,78,87,145,87,161,84,87,162,140,54,197,143,135,111,129,112
Nox4,13,8,13,18,8,13,14,4,10,20,16,13,11,10,12,22,16,5,21,11,2,18,15,9,8,13,8,16,21,14,4,6,20,1,18,10,15,17,8,4,17,17,16,9,12,8
Noxa1,3,1,1,9,12,3,2,9,27,5,3,12,2,2,1,3,2,8,5,5,2,1,1,1,2,2,4,1,1,4,5,5,2,2,0,2,0,1,2,0,2,2,3,1,1,0
Noxo1,5,3,1,10,7,5,3,14,11,11,10,8,4,4,5,4,18,4,10,5,2,11,8,2,6,11,4,8,8,7,8,3,5,3,5,7,7,8,9,3,9,6,5,6,3,7
Npb,7,3,3,13,3,4,5,2,2,6,10,3,8,4,9,7,1,37,5,3,5,23,6,4,7,8,4,14,5,4,2,3,8,7,7,5,4,10,3,2,15,8,5,2,7,8
Npc1,209,76,191,355,146,176,251,161,173,182,241,176,173,195,189,297,272,374,201,142,53,352,180,95,183,174,125,199,240,203,101,102,197,126,163,143,103,165,133,80,283,155,153,102,110,115
Npc2,15,9,11,18,15,15,15,8,14,12,16,13,15,10,15,17,20,15,13,11,7,11,14,13,12,12,11,8,18,21,25,8,4,4,14,11,8,16,9,9,10,15,20,4,6,4
Npdc1,27,11,21,39,39,34,36,41,49,22,39,26,34,25,24,26,44,98,22,15,16,31,28,18,24,34,31,27,46,37,48,17,20,29,23,18,23,22,17,16,51,16,27,19,14,24
Npepl1,204,101,183,272,97,157,202,159,212,166,227,219,188,180,215,242,225,277,207,204,47,307,180,118,173,130,155,219,205,160,178,148,177,172,187,183,131,163,206,92,242,164,158,113,127,144
Npepps,150,92,133,235,113,133,152,123,166,148,168,154,146,130,160,227,230,192,163,122,44,187,199,124,109,138,120,145,164,166,141,97,143,91,127,147,127,111,125,60,193,125,137,111,142,137
Npff,9,1,4,7,2,4,3,3,7,4,8,11,4,6,6,10,4,7,5,5,1,6,5,2,5,6,5,1,11,5,1,1,5,6,8,3,4,1,4,4,10,4,6,4,6,4
Nphp1,19,12,30,48,34,20,48,44,49,28,35,45,23,22,33,25,41,75,29,30,17,56,36,12,37,39,27,22,32,28,27,17,26,25,13,29,25,37,26,17,37,28,16,17,21,27
Nphp3,23,18,26,43,24,26,42,36,45,27,45,90,22,21,37,35,47,29,40,33,12,42,32,27,19,39,28,39,49,27,27,32,32,20,33,27,27,32,32,17,58,18,34,22,20,33
Npl,1,1,2,6,0,2,7,7,3,2,2,3,4,2,3,6,7,5,2,2,3,4,3,1,3,2,4,4,7,7,5,2,5,4,5,3,2,5,1,1,0,0,4,1,2,5
Nploc4,128,62,117,167,100,90,143,108,160,126,189,153,123,115,159,200,170,170,128,120,47,188,158,84,123,134,123,166,129,153,127,102,127,92,136,97,100,139,135,73,200,139,112,84,111,116
Npm1,46,9,45,14,27,33,65,31,60,17,26,42,25,43,27,17,27,131,114,44,22,27,29,12,24,14,8,4,26,36,14,16,11,4,5,8,8,7,17,7,15,6,8,3,3,5
Npm3,12,6,10,20,11,15,16,12,10,10,22,27,5,6,10,17,15,26,9,7,6,21,12,1,12,15,18,8,15,14,10,3,10,9,8,8,12,10,6,1,12,3,5,2,13,4
Npm3-ps1,0,2,0,2,3,1,2,7,2,1,3,4,0,0,0,0,3,3,1,1,0,4,0,0,0,0,1,0,1,1,1,2,1,0,2,1,1,0,0,1,1,0,2,1,1,1
Npr1,68,33,57,49,35,38,38,51,71,70,67,68,60,48,57,89,63,51,42,40,12,57,61,39,52,48,45,67,80,74,30,43,46,39,61,52,35,52,51,22,53,54,33,31,43,51
Npr2,103,61,110,171,58,102,114,92,102,136,165,120,104,120,117,112,136,62,103,103,42,70,120,77,107,79,90,94,96,129,62,77,134,57,96,41,26,109,53,40,131,98,75,56,80,97
Npr3,10,1,6,8,3,3,12,3,3,5,8,8,7,3,3,5,7,8,11,6,2,1,2,2,3,5,5,3,2,4,3,1,5,4,2,1,1,5,5,1,4,4,5,1,1,9
Nprl2,89,34,57,79,57,71,73,83,100,72,90,110,77,81,87,96,89,102,84,82,22,90,91,51,83,69,73,78,88,74,53,53,68,65,82,67,41,87,61,43,115,78,74,58,79,61
Nprl3,31,15,27,41,17,27,29,31,33,21,34,44,32,36,34,44,31,38,26,32,3,45,29,21,19,34,26,34,44,37,23,30,34,17,32,31,37,22,23,17,35,26,30,32,46,27
Nptn,80,36,73,125,96,96,97,83,122,98,97,131,92,100,109,117,123,147,107,103,40,155,128,66,91,103,94,119,117,122,84,81,90,47,68,84,63,87,70,62,92,77,88,61,66,64
Nqo1,12,6,8,33,12,10,16,12,19,15,16,10,19,7,13,11,25,110,18,10,7,118,11,12,11,16,14,12,30,14,109,11,10,13,18,16,8,19,5,8,12,13,8,6,10,9
Nqo2,9,3,10,17,14,17,21,12,24,18,8,11,22,18,23,13,2,6,23,15,6,23,29,7,17,15,20,21,35,24,12,12,19,4,12,23,16,17,13,9,15,14,19,12,12,11
Nr0b2,451,123,242,212,459,411,219,337,758,496,193,352,233,169,311,440,461,331,276,253,122,374,223,346,255,324,385,373,568,595,452,475,462,314,489,226,219,361,386,282,877,450,254,236,301,229
Nr1d1,150,40,69,257,80,133,106,90,123,114,176,105,82,68,138,240,207,129,96,78,21,172,90,54,95,122,82,161,150,145,66,90,73,72,121,120,75,83,89,53,157,108,125,82,112,102
Nr1d2,22,10,21,62,20,27,26,11,18,20,32,22,16,14,23,29,29,20,16,13,5,24,19,14,18,27,17,18,24,29,8,14,17,4,23,24,22,16,15,12,17,17,21,12,8,18
Nr1h2,166,104,179,281,90,169,258,140,270,148,241,222,202,183,234,207,214,159,173,164,38,157,217,125,179,182,178,147,235,210,109,124,164,121,202,175,133,202,168,137,217,159,172,127,145,166
Nr1h3,368,187,304,456,267,314,384,422,461,393,442,462,384,288,456,377,375,376,321,336,140,385,420,260,447,305,385,321,450,454,481,313,386,372,356,345,338,342,413,279,496,422,360,324,335,331
Nr1h4,781,408,913,1109,735,835,836,870,1068,814,1218,1136,1104,957,919,1176,1137,560,931,868,288,904,957,633,820,844,737,706,826,838,581,623,860,536,735,791,641,843,857,559,1068,929,808,721,792,825
Nr1h5,5,2,7,6,4,3,5,6,5,3,11,12,6,2,8,4,3,0,9,1,4,12,6,3,6,8,1,4,4,6,1,5,5,2,2,2,2,7,8,3,5,2,3,4,5,4
Nr1i2,493,231,433,899,262,350,446,349,466,453,565,452,594,441,539,541,538,653,394,309,141,630,438,356,378,421,372,429,507,369,299,360,419,352,491,352,402,379,435,260,524,417,429,390,342,348
Nr1i3,979,539,1174,1565,619,1093,982,911,1096,1087,1501,1262,1261,1261,1276,1352,1541,985,1021,981,338,1495,1080,625,726,802,937,1025,1340,1110,938,597,1029,549,1254,661,576,936,1236,480,1171,753,935,825,907,872
Nr2c1,5,0,4,17,10,9,4,12,13,10,7,8,7,10,13,13,13,10,8,8,5,20,6,7,21,5,12,15,14,18,8,3,12,3,9,7,9,15,10,4,5,9,12,9,2,9
Nr2c2,45,18,25,63,27,39,33,38,42,29,62,33,45,32,30,62,47,48,36,23,18,81,49,15,40,52,31,34,57,45,21,21,33,20,33,33,31,33,20,23,42,18,35,19,20,43
Nr2c2ap,88,49,84,123,73,85,103,105,117,90,114,165,83,68,120,99,119,171,90,78,42,163,82,58,75,84,75,112,117,115,101,68,75,61,92,34,73,79,48,52,102,80,70,45,76,71
Nr2f1,14,7,8,21,20,19,17,13,13,18,24,19,13,9,20,19,14,14,15,11,5,27,12,9,18,8,14,11,16,18,11,11,10,12,10,12,11,12,19,11,11,12,9,11,4,10
Nr2f2,25,13,30,38,27,32,26,23,35,40,45,50,39,34,38,38,37,43,29,31,4,47,34,16,45,27,26,35,37,35,27,20,29,20,26,22,26,34,35,14,46,24,28,20,20,26
Nr2f6,691,301,570,826,411,622,587,604,753,722,727,928,696,621,664,929,763,657,720,661,176,789,828,500,635,624,692,746,834,650,629,496,597,562,771,466,388,765,579,487,938,769,685,415,586,553
Nr3c1,186,81,139,223,152,130,216,151,248,155,204,226,209,157,225,259,227,174,208,172,83,236,248,151,176,173,152,247,317,194,144,147,184,100,203,175,160,166,194,115,247,178,210,130,140,155
Nr4a1,9,5,6,47,15,10,13,20,9,4,5,7,6,2,15,13,15,33,13,10,5,24,11,2,21,9,19,11,11,12,17,16,12,10,12,8,11,7,18,4,26,7,7,8,5,10
Nr5a2,139,73,76,85,135,109,100,115,128,76,163,104,73,78,108,102,126,142,88,84,47,136,115,53,82,63,78,92,119,63,67,41,72,54,58,54,40,75,57,20,93,41,61,57,41,41
Nr6a1,15,12,17,30,20,16,22,27,37,28,28,24,39,19,29,39,28,29,26,28,11,58,26,12,30,19,9,25,29,35,16,18,26,11,30,26,21,28,27,20,32,34,17,17,16,27
Nradd,4,4,7,11,1,4,12,8,10,3,8,14,13,9,7,9,6,16,5,6,1,8,16,2,11,6,8,8,11,9,7,0,2,5,3,5,2,12,6,2,6,5,3,4,3,11
Nrarp,9,5,2,8,8,6,7,11,6,7,6,5,3,3,8,3,5,12,5,6,3,7,8,2,8,9,2,9,7,7,5,3,2,4,4,5,10,6,4,5,4,1,14,5,6,3
Nras,12,4,15,29,18,10,20,15,29,14,23,24,20,14,15,27,27,18,9,15,4,35,18,16,15,25,11,14,19,23,22,15,20,3,14,12,23,12,15,9,19,9,19,13,13,21
Nrbf2,4,3,3,6,3,4,9,2,6,4,6,9,3,2,5,6,4,4,2,5,1,6,4,6,5,1,3,8,1,2,2,4,1,4,5,2,2,1,4,0,2,3,7,2,4,4
Nrbp1,151,95,122,212,71,147,156,151,141,141,165,206,139,112,156,151,154,202,148,131,35,200,143,112,123,107,148,146,177,120,135,95,139,134,139,119,89,125,132,77,180,107,151,108,120,102
Nrbp2,150,85,144,220,149,122,129,110,328,196,250,311,183,198,181,210,185,213,139,113,41,306,160,101,140,143,124,134,113,129,59,88,135,69,124,90,78,105,127,70,158,108,105,76,102,69
Nrd1,140,73,130,208,97,134,163,150,186,159,187,199,190,129,163,205,155,206,125,152,38,181,165,101,136,118,134,167,169,138,132,108,123,114,140,113,105,158,149,96,186,154,136,98,92,133
Nrde2,39,14,20,48,21,33,36,32,42,35,49,35,24,27,26,39,43,47,31,26,8,39,39,26,26,19,22,32,41,42,38,25,32,26,34,24,22,30,29,18,65,32,28,25,28,27
Nrep,123,60,76,81,48,69,173,87,42,68,202,84,29,32,68,135,162,32,131,171,58,24,112,49,130,72,110,123,135,219,49,129,113,34,90,116,138,158,155,86,139,155,148,114,180,159
Nrf1,35,28,44,49,30,25,21,31,35,30,44,45,33,39,41,43,51,55,35,29,6,50,41,19,35,30,29,31,45,36,25,27,22,21,24,13,21,34,29,23,33,30,20,18,24,33
Nrg1,1,1,1,4,3,2,5,1,0,0,0,4,6,0,0,0,3,46,4,0,1,37,2,0,1,3,1,1,0,0,6,0,1,6,2,3,1,0,0,0,3,2,1,0,1,2
Nrg4,18,7,17,37,22,16,25,11,40,21,28,34,18,27,24,19,17,55,13,9,4,35,24,16,26,13,37,22,25,25,11,12,18,15,9,21,11,16,17,17,22,11,21,27,25,25
Nrgn,22,18,25,50,12,24,39,23,24,12,31,43,18,16,24,32,40,6,22,12,5,15,31,34,41,40,39,18,41,37,25,33,32,25,28,36,17,27,38,23,37,14,41,13,16,15
Nrip1,22,13,21,27,23,28,8,26,4,20,22,26,25,15,18,25,25,29,12,16,7,44,15,16,12,13,12,11,14,14,19,12,13,9,14,21,20,7,10,9,7,5,22,9,15,11
Nrip2,0,0,1,1,1,0,2,0,0,1,0,1,0,0,0,0,0,23,0,0,0,5,1,1,0,0,1,0,0,0,2,0,0,0,0,0,1,1,0,0,0,0,0,0,1,1
Nrm,5,1,7,3,5,4,7,9,4,3,7,8,4,3,5,7,8,12,2,3,0,10,2,1,4,0,6,3,3,7,4,1,1,9,1,1,2,5,1,2,3,3,3,0,2,2
Nrn1,1354,560,1044,1864,1286,758,1268,1115,2009,1601,1184,1675,1537,1343,1450,1391,1501,1662,1321,983,465,1926,1661,842,1178,1034,1130,1118,1711,1083,692,642,995,728,895,871,828,1150,1039,602,1291,1071,1056,684,885,1085
Nrp,35,19,27,33,21,25,43,17,31,30,39,48,23,20,30,32,33,27,23,17,6,23,41,20,27,26,28,28,28,25,21,13,27,14,16,14,7,23,30,12,37,18,41,18,12,18
Nrp1,42,27,43,47,29,53,54,41,63,39,73,48,27,27,51,43,50,30,44,63,18,31,46,19,34,34,23,51,32,91,24,25,51,5,35,29,18,34,23,14,40,33,36,13,26,21
Nrp2,106,72,106,147,84,134,108,110,132,93,115,150,114,134,141,199,191,94,129,105,58,95,196,86,107,162,105,140,100,140,142,73,156,113,120,133,67,134,110,67,167,112,118,96,93,108
Nrros,17,11,16,39,38,27,36,51,30,27,37,39,33,17,26,32,26,31,20,18,8,32,24,11,44,27,26,18,29,42,63,20,22,23,12,27,20,16,24,15,28,29,25,20,16,23
Nrtn,25,13,11,19,8,9,13,16,27,25,21,29,18,8,16,16,24,18,18,19,4,16,12,8,10,15,11,19,4,6,5,13,14,10,9,11,4,16,15,6,18,14,4,8,6,11
Nrxn1,3,2,4,10,7,5,4,4,3,2,10,12,8,1,6,3,3,8,11,4,4,10,6,2,3,5,2,3,11,8,4,4,5,5,2,1,4,5,4,3,8,3,3,2,1,4
Nrxn2,11,10,8,28,5,13,21,15,16,14,20,15,13,12,11,11,12,25,9,7,6,27,11,7,7,18,11,18,9,9,11,5,10,10,11,9,9,5,9,6,15,9,11,9,9,8
Nsd1,113,50,125,159,111,117,123,172,165,116,187,161,138,124,145,150,150,148,165,104,46,140,153,94,127,115,111,137,149,144,148,106,122,105,124,109,101,111,133,71,153,132,117,89,100,107
Nsdhl,265,92,200,378,364,276,382,288,441,268,229,406,205,155,220,229,238,42,294,311,137,45,443,194,295,347,272,251,381,286,156,141,265,186,237,243,253,340,226,150,402,234,264,225,202,213
Nsf,65,31,49,63,78,85,65,74,89,63,68,101,57,62,71,97,102,128,68,74,37,109,74,59,71,72,67,72,68,81,87,59,66,43,69,63,59,59,84,49,111,76,62,66,50,51
Nsfl1c,208,81,169,226,163,214,228,195,165,131,184,198,223,152,170,294,241,341,220,178,81,338,301,148,169,164,205,198,314,210,215,116,188,118,268,201,155,197,207,108,296,194,238,148,175,120
Nsg1,2,5,2,7,4,4,3,5,4,3,5,2,6,5,6,8,3,5,2,6,1,3,7,2,4,1,2,2,5,2,9,1,3,2,5,5,0,4,3,3,3,3,2,2,2,6
Nsl1,3,0,0,0,7,1,9,3,0,2,1,1,3,1,1,3,1,3,1,1,1,6,3,1,1,0,0,0,2,0,3,0,3,1,1,1,1,4,0,0,2,1,6,0,0,2
Nsmaf,34,15,35,45,50,34,43,39,43,34,64,40,45,33,38,40,37,40,39,26,19,65,45,20,40,44,30,29,35,42,24,18,37,31,34,42,28,33,31,19,71,32,30,43,24,25
Nsmce1,95,44,100,126,109,120,146,138,145,104,160,107,112,88,89,126,140,240,115,101,43,168,137,84,117,108,90,117,165,135,166,59,91,79,115,109,86,99,123,75,166,119,104,92,114,105
Nsmce2,58,26,56,85,54,65,60,68,79,59,72,76,65,59,65,88,64,109,59,59,18,119,66,50,56,56,61,58,84,61,54,38,61,38,53,56,45,51,73,48,79,62,55,48,48,47
Nsmce4a,244,145,256,410,218,275,255,251,359,278,369,335,296,294,330,410,358,320,297,273,111,424,336,170,308,273,232,323,346,357,239,171,284,195,271,278,257,259,299,187,368,301,252,180,237,262
Nsmf,336,159,221,329,298,311,450,427,387,299,403,455,337,276,345,337,301,420,284,301,110,327,473,262,377,358,350,357,300,361,293,338,426,337,409,356,311,368,350,275,509,371,402,299,348,303
Nsun2,0,2,4,4,1,2,1,1,1,1,1,7,4,2,1,3,1,3,0,3,0,3,2,2,1,4,1,1,2,1,1,2,2,0,3,1,2,3,5,2,2,4,5,2,2,1
Nsun5,56,42,69,99,51,70,62,52,83,60,89,90,84,55,77,105,79,83,66,57,32,91,56,46,50,56,60,72,75,62,62,28,58,37,75,50,40,44,73,42,79,61,68,53,41,57
Nt5c,166,64,146,224,142,161,129,190,276,138,180,270,205,156,190,217,215,310,118,157,46,304,192,117,160,155,168,139,227,187,201,95,142,121,163,143,143,165,175,91,201,168,137,110,130,129
Nt5c2,3,3,4,10,4,3,6,3,13,7,4,8,5,2,6,10,3,11,7,8,3,19,7,4,1,5,9,7,6,6,4,5,4,7,4,3,6,5,4,4,7,7,5,6,5,5
Nt5c3,56,25,38,129,41,54,55,50,86,62,84,58,65,66,70,84,85,56,58,43,22,74,95,24,65,62,38,61,83,91,41,31,82,36,73,32,46,67,66,37,62,58,68,33,50,66
Nt5c3b,14,8,12,43,21,7,26,17,18,13,26,17,18,9,14,14,25,43,10,18,4,27,21,10,7,13,14,19,15,13,16,6,7,11,15,6,5,19,16,13,12,16,8,7,5,10
Nt5dc1,9,2,18,25,10,24,24,14,20,32,17,28,15,22,33,15,18,16,19,22,11,26,37,11,21,18,14,21,36,23,21,23,20,11,17,20,19,20,11,9,14,20,17,10,13,16
Nt5dc2,26,13,24,64,19,20,36,30,16,44,39,45,26,32,46,39,67,85,35,37,9,92,20,10,12,19,21,26,41,24,19,23,21,19,17,10,26,28,24,10,38,25,22,13,25,24
Nt5dc3,70,52,64,87,50,85,74,72,85,50,106,140,95,102,86,71,83,150,65,71,30,190,85,47,95,74,77,81,97,85,84,62,95,53,89,71,76,64,89,43,124,64,70,55,63,54
Nt5e,16,5,14,14,27,9,20,15,36,18,14,43,22,22,31,26,45,132,18,21,20,59,27,15,12,10,16,12,31,23,11,14,24,29,19,41,51,18,20,4,21,10,39,24,18,16
Nt5m,54,31,41,79,59,64,92,81,86,73,77,91,69,103,84,83,70,116,54,68,21,93,97,69,72,66,60,82,103,83,92,62,75,60,83,57,61,80,71,41,102,72,71,58,67,67
Ntan1,14,6,19,21,18,16,25,18,19,13,17,28,21,10,18,19,16,13,16,13,8,26,22,11,16,13,17,32,28,19,22,17,18,16,11,14,21,18,16,8,23,15,15,13,15,16
Ntf3,11,16,18,47,17,7,15,15,52,14,39,24,2,8,8,97,68,37,17,19,11,41,5,3,4,19,9,12,10,21,2,2,4,4,4,11,1,12,3,4,4,2,4,6,7,10
Nthl1,27,13,19,33,15,19,25,27,30,25,38,44,22,27,26,36,38,23,23,17,4,26,34,25,23,23,28,36,23,29,16,17,25,13,25,25,17,30,24,16,31,30,33,24,23,40
Ntm,21,4,8,22,9,11,11,7,15,11,13,14,10,8,9,11,9,13,10,12,2,16,9,4,9,10,11,13,8,4,4,4,8,6,6,6,5,6,5,5,19,6,9,5,7,4
Ntmt1,41,25,43,83,40,47,61,60,65,41,54,78,47,81,51,61,67,108,33,58,19,118,60,26,52,58,40,53,79,66,72,32,68,39,52,63,39,53,64,41,80,54,55,42,54,46
Ntn1,12,5,8,20,6,9,17,12,7,20,15,23,7,12,20,21,16,15,13,10,4,16,11,7,8,9,8,12,16,11,8,6,8,6,1,6,7,9,9,4,9,7,6,5,8,7
Ntn3,16,10,14,20,18,15,15,17,15,30,18,26,13,12,27,20,19,12,10,14,6,12,15,8,22,12,16,16,15,24,10,14,5,7,13,14,9,14,11,7,15,16,10,4,13,10
Ntpcr,65,20,53,94,51,53,84,76,81,48,77,79,69,60,71,92,77,102,74,45,22,75,70,51,68,73,71,83,116,104,78,29,69,52,57,80,45,72,76,46,118,99,84,41,80,56
Ntrk1,4,2,5,4,2,8,4,2,1,1,9,4,6,3,4,15,8,3,12,6,6,6,8,2,3,4,2,6,3,3,3,6,12,4,14,8,5,5,6,2,9,2,7,9,4,7
Ntrk2,0,0,0,0,1,3,0,3,1,0,1,3,1,0,0,0,0,0,0,0,0,1,2,1,1,3,0,1,8,1,1,0,1,2,0,1,2,1,1,2,1,2,0,1,0,1
Nuak1,10,7,2,8,8,7,4,8,8,5,9,11,7,8,7,8,12,13,3,10,4,16,10,3,6,4,5,4,6,5,4,5,6,3,9,13,5,5,9,3,9,8,5,8,8,6
Nuak2,23,10,26,41,12,17,32,9,39,20,23,27,35,33,44,14,24,11,11,20,2,18,30,12,44,34,25,32,47,28,14,7,15,6,23,8,18,26,29,9,20,26,26,27,16,21
Nub1,125,70,117,170,114,137,156,161,178,145,181,212,84,110,149,181,190,158,150,131,45,137,128,88,128,157,103,155,164,143,222,89,140,115,122,110,88,138,107,78,210,132,113,104,104,113
Nubp1,91,71,87,192,136,99,167,167,181,143,197,197,144,120,146,161,140,294,118,140,55,303,127,81,145,142,127,131,139,149,148,115,137,99,125,90,104,133,135,88,186,129,134,87,106,125
Nubp2,83,38,81,103,71,92,83,83,159,123,121,177,122,123,103,99,108,109,99,120,21,129,168,62,102,124,99,145,120,137,96,72,90,76,132,77,102,118,143,92,174,130,98,67,103,114
Nubpl,30,8,31,54,47,44,42,46,85,24,42,44,62,59,37,61,63,72,38,44,16,75,84,31,45,41,27,46,81,44,59,37,43,28,52,60,41,40,52,33,67,46,59,32,33,52
Nucb1,575,267,482,828,466,560,564,604,799,614,747,856,657,587,643,788,823,565,670,548,199,634,679,378,581,583,553,661,733,689,494,386,590,413,599,572,478,581,610,366,930,650,600,472,532,496
Nucb2,14,16,17,51,28,14,26,21,33,18,22,61,14,5,14,21,25,59,22,27,4,22,31,4,34,26,42,41,28,18,28,9,9,14,14,2,13,25,12,13,48,20,15,5,17,12
Nucks1,24,11,8,35,14,12,17,32,28,33,29,42,40,27,24,33,18,36,23,10,5,34,28,13,17,17,9,29,31,17,18,22,27,10,15,20,18,21,9,21,21,20,15,15,10,19
Nudc,253,137,183,359,196,215,275,201,292,210,343,340,268,189,274,336,300,393,267,239,78,228,227,167,227,241,190,249,268,287,236,163,192,203,224,189,207,180,262,140,272,257,223,171,188,192
Nudcd1,23,12,26,35,23,27,30,30,42,22,40,37,27,28,35,42,26,46,33,29,9,52,35,25,28,20,28,31,37,23,30,16,17,9,18,25,20,35,20,11,33,21,22,18,19,18
Nudcd2,122,63,110,171,140,116,156,128,164,116,128,214,136,106,163,135,158,269,110,119,56,189,167,84,119,135,109,137,147,182,139,106,134,81,148,140,102,129,122,77,166,135,144,86,85,126
Nudcd3,133,43,102,149,101,93,125,113,158,103,140,140,127,103,135,156,135,172,105,100,52,122,163,104,129,134,122,112,126,132,117,83,119,98,129,116,90,119,131,85,167,136,142,106,114,110
Nudt1,105,32,80,103,81,79,92,112,103,92,100,95,88,72,117,118,115,147,71,79,48,88,122,79,111,85,82,100,133,113,139,64,88,81,118,122,98,119,100,71,162,103,117,71,86,71
Nudt12,5,3,3,4,4,5,10,8,4,4,5,10,4,5,9,7,4,8,3,7,4,4,12,5,4,3,0,5,3,2,9,1,13,2,5,3,4,6,2,2,6,4,3,2,9,1
Nudt13,37,21,43,60,63,44,42,56,62,35,53,57,44,33,46,43,48,61,37,41,26,64,61,31,51,54,29,44,72,42,52,46,52,35,48,45,31,70,43,30,52,41,42,36,31,36
Nudt14,117,49,86,169,81,98,111,126,152,105,132,137,147,102,121,127,139,143,101,96,39,148,112,92,124,136,94,80,145,140,107,97,96,106,96,95,100,108,121,71,170,102,122,89,103,101
Nudt16,82,29,71,101,54,44,78,73,79,58,65,70,71,48,72,87,75,74,61,51,26,101,61,49,68,85,46,59,97,73,76,41,65,55,62,57,53,52,63,30,70,61,54,42,41,54
Nudt16l1,80,44,103,101,70,84,114,166,149,116,106,168,102,89,95,136,122,156,121,124,41,151,139,82,113,84,114,125,201,122,151,89,80,90,110,108,102,123,131,95,160,101,112,68,91,112
Nudt19,316,149,261,429,299,287,383,291,406,334,332,377,445,421,409,308,344,534,339,311,135,870,402,291,306,343,245,369,537,369,289,232,326,210,335,342,325,310,329,213,419,382,321,247,353,348
Nudt2,111,33,88,147,118,90,129,129,137,88,102,145,112,91,110,97,119,147,122,117,38,107,162,103,139,99,86,96,165,162,91,75,130,73,123,149,91,116,150,67,159,119,120,98,124,109
Nudt21,20,4,29,32,20,15,26,18,48,21,20,34,22,25,26,38,29,37,13,14,4,43,30,18,23,15,29,29,41,32,32,14,16,11,25,21,17,32,21,11,25,19,34,12,13,24
Nudt22,78,54,84,90,62,92,87,102,126,66,104,147,101,93,105,89,92,86,86,78,27,106,79,69,92,72,92,89,111,84,60,43,66,66,78,65,75,88,63,60,124,70,69,70,75,74
Nudt3,134,87,143,155,93,149,174,127,108,112,186,151,128,109,123,174,146,138,124,101,40,143,154,92,125,106,113,122,178,142,153,99,107,103,107,135,93,118,152,74,164,120,131,98,117,117
Nudt4,286,133,245,290,308,194,319,206,440,259,287,277,258,283,309,264,202,430,312,223,118,450,285,144,246,247,209,240,315,353,129,186,232,74,191,155,160,185,196,112,244,183,186,107,171,177
Nudt5,2,1,6,2,6,5,4,3,4,6,4,4,2,3,5,1,1,7,7,4,1,7,1,2,2,4,3,4,4,5,4,4,5,1,2,5,2,3,4,0,6,5,2,4,5,3
Nudt6,87,49,73,105,58,84,100,97,109,87,104,156,100,86,87,106,123,132,87,84,16,164,121,80,84,70,96,87,109,96,62,44,83,81,109,122,89,105,92,68,101,96,108,46,82,91
Nudt7,1384,601,1143,1292,1639,1869,3480,2644,1012,1208,2032,1495,1064,766,1552,1668,877,311,1961,2138,979,257,4472,1983,4049,3407,2248,3735,1956,4029,749,1956,3101,1217,2843,2603,2235,3371,3565,2295,5765,4080,3061,1942,2648,2477
Nudt8,144,52,87,136,64,132,112,114,165,138,123,128,151,122,160,137,141,166,112,113,41,146,133,93,99,115,109,154,135,144,123,123,124,104,147,111,115,113,148,101,195,156,119,90,131,123
Nudt9,333,155,305,461,280,341,411,350,373,304,462,375,320,259,352,386,449,596,322,321,170,571,418,285,381,297,265,380,417,426,493,271,388,285,315,383,311,317,359,190,452,368,355,301,333,278
Numa1,113,49,100,155,100,117,126,125,131,89,148,101,118,86,116,157,160,166,112,89,51,170,111,83,115,122,67,98,148,123,104,76,110,73,103,94,96,88,98,84,171,92,115,84,85,107
Numb,82,47,79,124,86,111,109,114,156,80,112,129,100,109,130,107,145,146,94,61,38,140,136,80,108,105,103,101,133,119,75,72,87,71,105,94,92,122,99,63,150,103,124,71,73,107
Numbl,3,5,7,11,7,3,6,8,3,3,5,7,8,7,6,9,10,25,9,6,1,16,4,4,11,3,6,6,14,8,9,3,3,4,2,3,8,5,8,2,7,7,8,7,5,5
Nup107,17,8,17,24,19,13,23,22,13,28,24,26,14,16,19,14,25,31,24,15,4,26,19,18,21,17,17,19,23,20,9,11,13,13,20,20,14,20,11,2,27,13,13,19,14,10
Nup153,2,2,6,10,4,9,6,5,17,5,9,16,5,5,9,8,10,7,11,10,7,6,6,4,6,3,7,3,5,7,3,3,4,2,2,1,4,4,7,2,4,4,6,7,5,6
Nup155,4,9,11,15,3,7,13,9,9,14,8,8,7,5,7,7,9,8,11,6,2,16,6,4,7,8,7,5,8,10,8,7,7,6,5,4,13,5,6,4,7,7,6,5,4,9
Nup160,6,6,7,12,11,6,27,12,15,16,8,23,10,4,15,8,16,17,9,8,6,20,8,8,9,9,8,13,17,14,2,8,9,11,8,9,12,12,9,2,17,12,5,8,5,11
Nup188,28,14,39,44,21,35,43,32,40,28,34,39,39,34,36,35,34,49,35,33,5,28,23,24,18,28,20,26,32,34,30,17,22,22,22,34,27,23,29,22,39,30,19,24,30,41
Nup205,16,9,7,28,7,10,18,11,13,20,12,13,9,16,14,19,21,8,12,12,3,17,23,9,17,23,13,27,12,8,5,11,18,9,11,9,14,10,10,8,16,16,12,5,9,12
Nup210,45,26,39,65,32,45,59,55,48,25,50,53,44,34,46,59,55,94,54,59,15,79,45,37,64,69,36,50,64,58,83,36,31,38,36,28,38,56,33,28,67,39,55,25,28,40
Nup37,12,2,5,9,4,3,10,11,7,2,8,9,7,11,5,5,9,13,11,11,3,7,16,5,13,4,6,8,6,6,2,3,9,6,3,5,4,9,13,3,5,7,6,4,5,7
Nup43,12,5,13,20,11,11,16,6,15,14,9,15,20,11,9,15,10,37,16,11,4,14,25,13,20,9,12,17,17,16,13,8,7,11,11,15,13,14,19,11,21,22,22,13,10,10
Nup50,70,38,85,99,75,67,95,89,114,64,88,82,86,89,90,82,86,120,71,64,34,116,128,63,86,83,68,75,90,107,88,52,83,42,83,63,65,92,94,50,110,80,87,52,64,85
Nup54,11,3,9,13,7,14,16,6,16,9,23,11,13,16,17,16,13,11,12,15,2,18,23,8,19,9,7,13,12,16,11,9,7,6,13,11,4,8,18,4,20,7,14,6,6,8
Nup62,58,36,60,77,69,82,77,82,99,79,86,88,63,63,74,71,89,99,55,51,30,98,67,66,57,56,60,63,110,91,95,67,67,56,77,54,65,61,77,56,100,98,70,54,60,60
Nup85,84,35,75,96,68,79,87,86,81,81,98,90,112,89,81,81,113,122,71,73,29,111,103,55,92,83,64,73,96,96,62,61,82,64,66,83,76,82,76,47,123,66,50,50,58,64
Nup88,69,41,66,77,86,57,100,63,88,72,93,122,82,68,82,101,95,100,80,76,31,135,88,59,90,75,69,83,94,92,56,63,74,44,66,65,51,75,67,30,118,67,78,71,58,41
Nup93,15,21,22,30,25,12,25,30,26,17,32,52,23,22,22,28,23,56,21,23,7,65,32,17,15,23,31,19,30,15,45,23,32,22,23,17,19,26,28,15,36,21,17,24,30,24
Nup98,23,10,25,31,33,24,26,29,43,29,36,62,34,36,36,53,20,42,45,27,5,42,26,11,19,11,20,24,27,19,17,21,21,17,17,16,17,19,25,12,28,19,31,20,19,26
Nupl1,3,3,9,10,3,2,7,1,3,5,6,7,4,3,3,6,2,6,3,3,0,8,4,2,0,2,3,2,6,3,3,2,1,3,4,4,3,2,2,1,4,3,2,3,1,3
Nupl2,8,7,15,12,8,6,11,14,13,8,13,18,8,6,12,12,11,13,10,4,2,12,11,8,13,12,11,13,11,12,10,9,3,2,8,4,13,12,8,10,17,8,8,14,10,6
Nupr1,40,16,16,47,22,16,31,33,19,15,39,23,17,22,21,40,69,346,24,11,4,129,33,9,18,10,31,32,15,28,52,16,23,12,11,25,27,15,11,7,18,15,15,17,12,15
Nupr1l,3,3,8,13,1,6,4,5,10,8,10,6,13,4,1,7,9,3,2,9,5,10,4,11,7,11,6,12,9,6,7,6,9,5,6,9,6,5,10,4,14,5,12,5,7,5
Nusap1,0,0,0,1,1,2,4,5,4,1,0,0,0,0,0,2,0,11,0,1,0,1,0,3,1,0,3,1,3,3,6,0,1,0,1,0,3,0,3,0,2,0,2,3,1,0
Nutf2,15,8,6,17,8,17,15,15,12,15,16,17,7,14,13,14,15,19,14,8,1,18,22,15,9,15,18,14,9,19,12,13,13,3,18,13,12,13,13,13,12,9,15,11,8,13
Nvl,15,9,9,16,17,8,21,11,10,9,13,23,9,9,13,19,18,17,9,16,4,17,13,7,12,10,15,16,11,17,15,15,19,8,9,14,10,7,7,11,19,19,9,17,12,17
Nxf1,154,86,149,188,102,132,180,143,179,112,197,224,133,121,165,172,181,231,156,129,36,260,151,80,115,134,150,132,157,140,121,71,131,102,98,104,106,117,128,77,165,90,116,89,96,100
Nxn,12,3,11,20,16,10,13,13,14,11,17,18,11,17,19,18,26,32,15,6,7,25,12,7,13,15,9,23,17,17,21,13,15,10,14,7,10,18,18,6,14,8,11,2,13,10
Nxpe2,42,22,34,67,48,56,71,64,53,64,51,59,63,42,57,55,49,19,81,58,29,10,87,21,44,52,43,29,48,78,38,41,51,23,50,38,32,62,36,28,88,33,42,22,23,28
Nxt1,69,48,86,109,66,61,76,87,109,72,93,111,92,80,79,75,106,103,68,67,32,126,107,55,65,69,81,70,102,76,79,45,72,51,73,59,63,78,80,43,106,69,78,69,62,74
Nxt2,35,16,23,62,26,31,53,34,39,50,36,28,34,40,52,29,34,24,49,34,13,46,46,21,38,46,26,36,51,45,24,34,36,15,40,38,37,32,27,16,35,42,38,22,31,36
Nynrin,3,0,1,3,5,0,5,3,1,5,1,2,5,2,5,8,3,9,5,3,1,3,2,4,3,3,4,6,9,7,1,1,4,1,1,4,1,1,3,1,4,4,1,4,2,5
Oaf,1137,577,1217,2059,1117,1426,1386,1405,1700,1265,1507,1409,1195,1282,1425,2088,1415,979,1372,1273,452,1132,1713,1121,1652,1531,1483,1531,2283,1713,1041,1041,1414,1135,1651,1372,1156,1291,1680,917,2549,1472,1467,1178,1371,1126
Oard1,166,88,151,237,128,139,176,159,180,161,211,173,126,151,164,217,225,211,160,158,61,234,180,118,161,149,157,157,185,209,165,127,182,118,191,209,142,149,193,106,220,156,154,123,123,125
Oas1a,0,5,4,4,0,3,7,5,3,0,11,8,3,5,13,5,3,8,4,3,1,0,1,4,5,6,1,6,3,6,18,2,2,3,1,4,0,1,7,2,1,5,4,2,2,5
Oas1b,7,5,6,8,8,14,12,4,5,5,16,10,5,9,9,14,4,2,10,10,1,7,6,7,5,13,9,10,11,7,13,6,8,5,7,3,6,6,8,6,7,5,3,4,2,6
Oas1c,6,3,4,4,11,2,10,7,4,6,8,8,9,10,10,7,10,6,5,9,0,8,4,6,12,6,0,12,5,7,11,2,9,8,10,5,6,7,5,6,10,2,3,3,4,2
Oas2,23,5,11,31,20,19,15,19,21,9,38,30,11,11,17,16,20,10,19,11,9,17,17,17,23,17,13,11,15,14,29,9,26,13,15,21,16,20,11,6,17,15,11,8,17,12
Oas3,5,4,1,7,9,2,8,11,6,5,21,4,9,4,14,4,11,6,9,4,3,8,9,9,6,4,8,3,8,14,39,4,4,6,2,6,4,5,9,3,8,10,4,4,8,3
Oasl1,62,35,50,85,90,65,62,126,110,57,72,135,103,74,107,76,52,130,69,90,16,93,240,129,143,161,77,130,126,112,398,83,115,115,77,90,62,115,121,86,158,147,69,84,88,89
Oasl2,7,6,10,8,11,4,11,17,6,10,14,8,10,7,18,7,16,15,11,6,5,13,10,13,7,13,12,13,11,8,49,3,13,3,2,4,4,7,7,7,8,6,5,6,1,10
Oat,1641,931,2075,3804,1401,3878,2428,2372,2096,2022,3059,1873,3249,2529,3371,2868,2516,808,1703,2014,1480,1486,3602,2667,3512,2469,1913,2232,5313,4331,2931,2159,2735,2401,3013,2269,2197,1876,3427,1262,4673,3479,2956,2644,2575,2292
Oaz1,359,95,149,357,265,258,319,201,290,303,263,212,356,211,314,543,337,302,291,376,127,389,427,211,236,357,200,322,376,483,251,247,300,232,274,316,294,238,394,196,487,299,274,232,246,284
Oaz2,116,54,117,165,116,113,155,121,131,111,148,100,141,97,125,147,151,134,114,105,45,172,145,91,115,127,114,107,156,125,105,97,108,79,140,108,116,107,108,77,170,113,107,106,101,119
Obfc1,9,2,6,8,7,9,12,9,14,8,13,8,10,8,4,9,6,8,7,5,5,3,9,11,10,7,10,15,17,12,14,9,14,5,9,8,7,5,10,5,14,18,8,10,3,15
Obp2a,0,0,0,1,0,0,0,0,0,0,0,0,0,0,0,0,0,0,0,0,0,0,0,2,1,1,0,0,0,1,0,0,0,0,0,0,0,0,2,1,7,6,1,0,0,0
Ocel1,65,32,57,99,45,71,92,85,92,48,91,90,91,59,89,96,110,128,68,61,35,109,74,47,89,75,58,78,91,86,83,46,71,57,85,77,72,77,84,44,98,82,59,57,76,65
Ociad1,304,158,275,493,255,332,421,330,358,311,441,484,400,309,418,402,403,480,348,283,123,401,411,291,357,315,285,364,430,407,350,241,337,295,359,326,314,357,344,227,443,344,389,252,312,328
Ociad2,176,76,141,203,155,107,151,162,168,144,203,166,143,134,202,201,223,120,168,179,78,125,213,108,161,174,136,168,251,183,164,141,197,135,191,150,193,168,193,103,253,143,166,157,145,174
Ocln,11,4,3,21,17,6,10,14,22,13,14,9,3,6,8,18,13,29,9,12,5,36,5,4,2,6,9,13,8,5,6,4,7,2,4,3,6,9,5,5,16,8,6,4,4,10
Ocrl,12,5,6,24,23,12,14,16,13,14,9,26,13,8,19,10,14,27,10,17,2,31,24,9,23,15,13,15,16,11,8,8,17,2,11,10,16,15,8,11,16,10,13,15,14,12
Ocstamp,12,0,7,7,8,11,10,9,17,10,14,29,14,10,11,8,16,16,6,10,5,13,17,7,12,7,6,5,8,12,15,10,16,11,8,6,13,13,14,12,16,8,12,9,6,4
Odc1,54,26,43,59,55,72,58,64,76,62,69,135,57,78,80,59,83,203,66,65,11,122,89,37,85,75,67,70,78,108,55,59,80,43,73,48,80,79,100,57,114,83,72,52,46,65
Odf2,26,17,35,36,24,24,22,38,39,19,43,30,30,25,26,33,32,47,19,25,7,61,27,13,29,30,37,32,21,29,18,24,35,10,20,30,23,26,13,18,24,16,26,32,26,18
Odf2l,24,6,30,54,28,20,28,35,37,23,44,39,30,18,23,34,38,36,30,29,11,34,30,20,27,24,18,25,29,34,23,19,32,6,17,33,23,27,25,16,34,17,30,19,20,24
Odf3b,24,8,38,39,15,29,20,30,55,38,27,26,37,35,33,32,39,38,26,24,3,36,40,30,30,22,33,56,39,29,13,27,24,18,47,34,7,20,41,32,58,45,46,17,34,27
Ofd1,5,2,4,10,4,5,6,7,5,5,10,6,4,3,6,5,4,11,5,5,1,7,6,0,2,5,3,2,8,4,1,1,5,4,2,4,3,4,3,0,4,3,5,5,2,2
Ogdh,19,4,10,8,9,11,12,7,13,12,14,16,11,7,12,22,8,9,4,8,6,14,13,11,6,11,9,11,7,8,6,7,11,14,6,9,5,7,14,3,10,3,4,5,7,11
Ogfod1,40,13,36,44,30,33,34,51,49,39,34,44,35,30,40,28,58,48,44,30,21,58,47,26,28,23,49,45,52,38,33,33,40,24,32,34,37,23,33,21,35,40,32,27,39,18
Ogfod2,212,87,180,251,104,196,196,167,210,179,277,252,193,176,220,298,227,194,218,179,62,240,235,130,175,167,175,209,215,225,173,130,198,123,209,206,161,214,236,120,265,182,197,163,147,176
Ogfod3,56,47,49,80,29,50,52,56,76,56,73,81,72,59,69,77,90,91,66,65,19,93,75,42,62,56,43,84,78,66,35,32,56,30,59,49,46,50,49,39,77,70,52,44,47,47
Ogfr,160,91,162,214,133,196,204,197,257,177,239,234,182,179,209,267,270,198,172,174,69,237,230,139,193,165,168,197,203,201,298,125,147,158,173,169,137,161,171,111,247,168,157,116,156,164
Ogfrl1,6,12,11,9,8,14,10,15,16,14,17,20,11,20,13,11,11,13,17,16,4,17,23,10,15,17,17,13,28,11,16,14,13,3,16,12,15,13,11,7,18,13,9,12,10,12
Ogg1,12,6,18,31,23,19,32,23,22,40,23,29,30,19,27,23,25,46,20,21,4,45,25,19,28,26,22,21,19,21,29,18,23,19,21,24,24,25,12,12,39,26,21,13,19,16
Ogt,38,13,31,46,16,15,29,33,34,53,32,43,29,17,33,50,32,47,27,27,6,41,26,20,19,30,17,37,40,28,19,19,30,8,20,19,20,20,17,18,31,12,24,12,16,15
Oip5,2,0,0,0,5,1,6,0,0,1,3,1,2,0,1,0,2,9,1,0,0,1,1,0,5,0,0,1,7,2,6,5,1,4,2,0,6,2,1,1,2,1,4,1,1,2
Oit3,41,28,45,63,41,55,56,47,68,62,48,61,113,71,48,96,59,73,60,48,31,96,77,29,72,65,44,49,103,71,48,28,63,42,48,39,51,60,32,21,81,45,59,39,25,71
Ola1,156,61,112,215,146,147,224,186,249,231,190,243,184,189,217,173,162,226,162,190,71,224,221,108,189,178,167,209,225,208,148,129,172,130,201,139,149,195,131,148,253,219,184,127,146,179
Olfm1,21,7,23,19,14,5,11,17,15,16,17,19,18,12,14,23,12,16,13,9,6,22,23,6,15,14,14,15,21,16,23,8,13,5,9,12,8,11,17,9,13,12,9,9,8,11
Olfm3,2,1,2,3,0,2,2,2,5,3,2,0,3,2,0,2,1,2,2,1,0,4,3,2,4,0,0,1,8,1,1,2,1,0,1,1,2,5,1,1,2,3,0,1,0,2
Olfml1,59,30,71,108,59,39,125,91,90,49,58,61,62,55,64,70,76,80,77,58,26,47,115,50,84,77,45,93,98,101,70,70,80,39,62,87,60,104,80,55,126,91,74,52,53,73
Olfml3,13,6,19,43,26,15,38,45,17,27,52,26,38,11,24,23,31,56,37,22,12,38,27,11,17,30,26,26,37,33,34,16,15,28,13,24,15,23,24,10,26,16,22,20,16,16
Olfr1372-ps1,0,0,2,1,3,1,3,1,4,1,6,1,2,3,1,4,1,5,2,0,0,6,3,2,1,5,1,2,1,0,0,1,1,0,6,2,5,2,4,2,4,3,0,0,2,5
Olig1,26,12,19,35,10,50,42,36,3,13,30,10,26,30,38,40,36,29,36,42,18,11,64,41,40,21,14,71,72,62,42,85,82,60,74,53,61,55,62,57,83,50,57,55,62,44
Olr1,0,0,0,1,1,0,0,0,0,0,0,0,0,0,0,0,0,0,0,0,1,1,0,0,0,0,1,0,1,0,7,0,0,0,0,0,1,0,0,0,0,1,0,0,0,0
Oma1,71,36,46,73,80,78,80,93,96,59,71,70,63,48,71,88,83,108,94,63,23,105,112,46,71,72,72,84,109,85,95,65,83,58,76,71,67,63,78,52,108,82,84,66,56,72
Omp,2,0,1,0,1,0,0,1,0,0,0,1,0,0,0,0,1,3,1,0,0,6,0,0,2,0,0,0,1,2,0,0,1,2,0,0,1,0,1,0,1,2,1,0,0,1
Onecut1,89,21,53,11,35,35,108,13,15,15,107,76,37,15,22,37,34,15,34,35,28,4,52,15,41,10,78,86,23,46,9,27,36,10,16,37,12,43,55,19,17,23,54,33,37,23
Onecut2,13,7,4,4,4,6,9,5,6,8,7,11,2,6,9,8,5,5,10,9,2,4,6,9,10,1,7,8,11,8,4,6,5,3,5,8,8,8,6,0,3,9,5,3,4,6
Opa1,59,33,41,83,37,67,67,65,98,64,77,86,51,57,81,61,60,75,79,55,28,58,80,47,69,59,71,60,96,82,53,71,65,47,55,51,58,66,63,47,105,65,72,39,47,55
Opa3,105,58,81,74,80,79,88,88,49,78,112,124,62,79,71,100,83,101,69,88,25,88,80,57,66,63,109,95,67,54,70,64,69,54,63,50,28,45,48,35,71,45,47,33,48,33
Ophn1,4,0,3,6,8,2,4,9,3,3,3,9,3,3,6,3,5,6,2,4,1,7,4,4,1,2,1,1,4,5,3,2,1,1,2,3,2,3,8,5,1,3,5,3,2,2
Oplah,505,274,513,689,327,570,482,528,557,470,793,652,533,470,605,698,692,491,442,502,155,579,435,332,450,492,465,540,557,570,642,416,505,432,615,504,383,518,601,341,758,518,534,402,504,465
Opn3,2,1,2,8,6,2,3,2,6,3,4,4,1,7,5,7,4,5,3,3,2,2,0,2,1,3,0,4,3,2,2,0,0,1,2,1,2,2,1,1,4,2,1,2,1,0
Optc,0,3,0,0,3,1,2,2,6,1,2,1,1,0,1,3,2,1,1,1,0,1,2,0,0,0,0,1,1,0,1,0,0,2,0,0,1,2,0,0,2,2,0,1,0,0
Optn,211,81,172,336,137,171,237,229,225,192,295,254,173,206,265,286,299,320,206,170,89,280,237,164,199,199,162,237,235,233,229,145,228,180,169,154,120,202,225,117,251,222,182,162,193,167
Orai1,119,75,80,113,61,87,77,74,96,85,96,160,119,92,80,173,127,148,95,82,36,130,112,67,54,90,99,98,114,88,94,49,72,51,76,60,62,104,81,43,106,80,55,48,53,76
Orai2,1,1,4,5,4,4,2,6,2,4,1,6,2,3,3,6,3,4,3,4,1,4,3,0,3,2,2,1,5,0,3,3,4,4,2,2,1,2,1,2,3,2,2,2,2,0
Orai3,73,44,67,112,61,66,70,82,118,68,106,103,87,81,90,119,106,107,79,61,31,100,82,25,73,103,56,74,98,84,72,29,79,39,88,60,68,89,63,36,126,76,72,47,65,49
Oraov1,52,33,43,74,50,51,67,38,50,33,72,76,58,36,45,42,47,54,36,27,19,74,68,39,60,32,32,64,54,62,42,38,38,41,51,50,45,54,40,28,61,41,56,34,31,35
Orc2,2,3,5,5,2,1,10,3,4,7,2,12,1,6,5,1,1,9,3,5,2,4,3,3,2,3,1,1,5,5,2,2,5,0,4,2,1,3,3,4,2,3,2,2,5,1
Orc4,1,2,2,2,2,4,3,4,3,5,5,8,1,2,3,2,3,1,3,1,1,2,1,1,2,1,3,5,3,0,8,3,6,1,2,5,4,1,3,1,2,2,1,3,1,2
Orc5,34,6,28,34,19,22,38,34,43,33,35,47,32,19,44,31,32,37,41,38,8,34,37,23,19,31,18,38,38,36,16,19,24,20,35,26,23,37,30,22,29,36,23,19,20,27
Orc6,14,9,13,19,17,15,19,18,20,8,14,19,26,16,23,22,12,35,19,16,4,39,19,10,15,12,13,9,18,15,16,10,21,9,18,9,16,15,13,8,9,11,15,12,11,12
Orm1,1953,2021,6015,5787,20571,6047,5904,6311,43970,3352,7130,21000,3803,4697,5129,3481,2289,2341,2345,7236,1740,1366,5427,3911,10893,8448,12720,4831,5023,8030,8166,3243,5968,3960,5896,5532,2945,5255,5398,5240,10553,7087,6294,5092,4702,4113
Orm2,25,40,319,218,3332,251,112,186,10084,96,311,1567,89,70,120,52,107,63,57,376,61,53,77,169,1197,508,1742,66,108,444,1550,55,113,137,95,162,23,74,67,380,660,556,154,171,78,51
Orm3,7,6,77,19,243,86,29,23,1454,6,30,96,28,32,30,8,12,11,4,36,7,9,18,77,143,51,96,21,22,107,237,4,22,19,46,35,4,15,20,41,59,50,60,36,33,25
Ormdl1,29,17,31,48,30,32,39,41,50,47,58,50,38,29,49,39,32,31,48,35,21,52,55,43,43,35,34,44,72,57,34,30,31,13,34,46,37,51,32,24,48,49,40,31,34,41
Ormdl2,31,16,27,61,40,40,50,40,43,39,47,46,30,18,37,40,44,17,31,38,12,26,56,27,40,34,41,43,43,63,37,24,41,17,34,37,44,33,37,21,58,38,37,19,24,36
Ormdl3,523,302,550,775,462,561,635,562,747,472,658,625,671,627,731,666,578,463,514,489,255,539,829,559,726,688,531,689,675,799,621,490,714,574,644,699,395,636,722,459,1112,675,642,548,516,527
Os9,24,15,25,58,28,24,42,34,38,26,42,68,31,28,46,33,43,103,37,29,15,58,38,25,56,51,35,41,43,35,42,21,35,32,22,25,22,39,24,21,44,34,38,25,28,22
Osbp,219,91,155,248,192,209,235,213,300,183,183,393,157,185,191,239,272,302,235,203,77,283,257,146,157,183,187,229,204,231,189,175,206,167,216,163,162,207,182,130,277,161,169,137,133,177
Osbp2,0,1,0,4,1,2,2,1,2,3,0,3,1,4,1,1,2,3,1,0,0,5,1,1,2,0,0,2,8,3,1,2,2,0,0,0,0,0,0,0,1,0,3,2,1,0
Osbpl11,63,45,66,102,50,90,81,58,82,75,100,74,96,92,127,89,96,98,76,75,27,120,90,63,80,72,65,90,84,95,67,56,88,62,76,85,57,73,83,46,105,79,79,65,80,60
Osbpl1a,318,183,264,617,388,364,441,350,566,399,507,421,499,434,447,489,484,522,340,317,165,732,503,261,453,430,361,387,493,492,281,278,475,263,373,387,327,392,388,249,555,347,404,298,390,391
Osbpl2,109,53,100,170,94,115,109,132,197,118,137,153,137,104,143,174,168,180,137,111,63,243,162,122,123,161,132,145,181,149,107,124,164,98,140,136,118,126,156,83,199,126,145,96,113,105
Osbpl3,1,2,2,2,2,3,2,1,0,2,5,4,6,4,2,5,2,8,5,4,3,4,2,4,0,1,1,6,11,3,4,7,3,2,5,3,7,3,4,2,3,5,7,0,6,5
Osbpl5,17,11,15,23,9,8,22,18,13,20,22,14,20,29,18,22,20,13,30,13,6,32,23,17,19,18,8,27,33,15,11,22,30,17,19,19,24,38,25,11,39,20,25,10,34,28
Osbpl7,14,5,20,17,22,7,14,23,26,17,13,22,15,10,13,8,14,15,6,7,4,14,9,14,13,19,9,14,16,14,15,11,13,8,11,9,14,14,13,10,17,9,13,10,7,4
Osbpl8,53,37,70,92,69,75,80,65,75,82,64,98,81,63,107,85,106,49,100,85,34,81,128,64,79,80,69,81,100,91,76,61,110,66,77,82,55,77,76,47,139,98,81,60,67,73
Osbpl9,345,136,336,378,385,415,367,330,492,264,461,388,346,280,330,399,381,343,320,303,148,325,363,178,307,348,276,313,390,399,246,230,311,184,354,233,246,291,270,165,412,268,239,201,187,216
Oser1,5,1,10,7,4,4,7,3,7,6,6,5,11,5,9,7,14,5,1,4,1,17,2,1,2,8,7,9,4,4,5,4,4,0,5,2,3,6,5,3,10,4,9,2,3,2
Osgep,110,43,88,127,92,95,104,113,126,100,100,104,111,65,95,109,136,147,87,95,51,148,112,71,123,82,77,105,143,120,102,53,99,75,88,72,104,105,92,69,149,85,93,63,103,99
Osgepl1,47,27,28,59,41,35,41,38,54,52,41,62,50,44,48,43,42,56,38,49,14,56,61,33,55,43,48,50,65,63,37,43,44,10,42,36,55,62,28,44,66,52,52,28,40,65
Osgin1,1877,388,857,1600,1101,1043,889,820,891,820,1639,1497,291,320,710,1996,1963,691,1195,649,223,864,525,270,610,579,1730,809,687,926,1032,501,611,487,759,568,429,683,766,363,831,1029,472,369,463,456
Osgin2,2,3,1,3,3,1,1,2,5,2,2,4,2,2,7,5,1,7,5,4,0,11,3,1,5,2,5,5,1,3,1,4,2,2,2,0,1,2,0,1,2,2,0,4,2,1
Osmr,4,2,6,11,13,2,3,7,22,4,14,18,14,1,5,11,2,13,4,4,2,15,5,3,4,3,9,8,12,6,7,4,10,4,3,4,5,3,4,0,3,6,8,1,3,6
Ost4,484,217,414,669,288,441,472,494,442,437,590,678,393,391,496,541,520,958,495,465,129,659,497,341,438,343,430,465,492,423,438,387,475,403,526,422,397,458,498,290,597,491,429,320,395,414
Ostc,330,172,261,339,391,416,399,368,712,363,354,862,364,333,423,484,428,630,333,492,148,440,496,257,354,372,498,474,465,458,374,317,363,252,419,381,348,386,394,213,527,356,352,274,281,341
Ostf1,301,153,292,455,365,315,372,355,420,349,421,477,364,310,350,434,424,496,324,249,133,525,398,211,258,297,253,322,397,348,466,244,321,239,305,304,254,315,322,170,437,308,310,228,254,278
Ostm1,19,8,13,24,18,13,33,23,27,19,22,34,32,24,19,24,22,35,27,17,11,37,31,11,24,22,30,13,21,30,19,8,23,12,12,16,6,14,21,9,20,10,21,12,21,19
Otc,39,31,65,65,34,91,57,33,64,49,63,64,57,75,68,74,66,22,78,42,21,32,84,66,77,68,72,81,91,86,23,40,96,52,77,59,86,73,88,44,109,85,61,60,64,57
Otub1,82,48,74,133,65,76,101,83,109,71,122,129,103,97,107,143,125,114,99,96,21,119,125,79,91,73,107,119,111,104,88,84,102,82,94,99,59,96,91,67,115,129,102,82,99,96
Otub2,13,6,3,10,18,2,21,19,25,13,8,25,14,12,14,25,12,11,21,9,3,19,17,15,16,10,11,7,13,9,10,12,19,12,23,18,11,9,18,12,17,14,20,18,15,13
Otud1,11,7,7,17,7,3,5,11,6,7,7,15,14,14,11,14,12,29,8,7,2,31,10,6,7,6,7,17,14,13,11,4,10,4,6,10,11,3,8,3,8,5,7,5,3,8
Otud3,9,20,12,33,20,18,18,19,15,26,28,20,25,20,16,25,22,30,15,18,7,44,20,9,22,24,20,15,28,25,14,19,16,12,22,21,16,17,14,10,31,28,13,15,17,12
Otud4,5,7,8,16,8,6,4,11,11,11,19,19,8,8,15,12,9,8,11,7,2,17,10,9,8,6,7,9,8,6,8,8,11,2,10,4,7,3,6,5,3,6,5,9,6,6
Otud5,16,9,20,38,18,22,28,15,30,30,24,21,20,12,19,31,25,22,12,16,2,20,15,9,17,22,23,19,17,31,16,23,23,13,21,19,25,14,24,16,22,22,13,16,20,21
Otud6b,33,18,22,47,41,38,41,30,52,47,50,58,37,33,63,38,39,66,45,46,23,68,62,23,39,47,25,60,49,47,25,30,55,19,35,34,28,48,29,29,45,35,26,26,32,29
Otud7b,27,8,15,25,17,12,21,17,31,17,25,40,33,17,12,23,15,53,22,22,6,35,22,10,13,26,25,21,20,23,25,23,14,18,17,19,19,21,14,11,26,11,10,12,13,9
Otulin,219,130,262,342,184,247,264,194,330,213,317,270,237,262,239,388,320,316,199,222,106,333,253,161,231,226,255,261,311,342,226,159,207,164,249,184,219,204,209,123,337,237,242,161,212,226
Ovca2,12,9,18,28,20,12,18,25,30,23,28,34,27,15,21,21,18,15,18,21,4,13,26,15,25,27,14,19,21,21,16,11,17,16,15,13,9,12,17,14,24,8,20,13,20,21
Ovol3,4,2,6,5,7,8,3,10,7,9,6,14,17,8,13,9,10,9,8,12,4,12,12,6,12,8,8,14,7,10,10,7,12,6,17,2,8,8,7,4,14,7,6,2,7,15
Oxa1l,24,11,19,28,13,24,26,27,29,15,29,48,27,18,29,30,19,38,23,16,13,28,26,22,28,21,24,29,26,27,15,25,35,16,19,29,21,22,24,9,36,21,23,16,21,11
Oxct1,4,1,7,11,7,7,7,10,8,3,11,8,9,6,9,7,8,11,11,6,2,8,13,7,8,6,7,11,12,11,11,4,5,1,4,4,8,4,8,4,7,4,10,4,4,5
Oxld1,73,35,78,181,90,111,137,140,113,116,178,103,127,119,126,148,152,147,127,110,38,188,147,85,154,103,98,132,183,157,112,89,123,65,129,153,85,123,127,82,165,132,111,100,118,117
Oxnad1,64,31,63,88,76,90,88,74,137,67,79,106,90,85,106,87,78,110,65,64,47,93,125,96,104,86,70,107,133,121,82,67,83,67,82,95,86,83,114,66,134,103,87,59,89,86
Oxr1,26,17,24,41,26,28,30,30,35,34,36,30,28,26,27,42,34,34,31,24,9,33,49,20,25,35,28,40,40,22,20,21,35,14,32,19,28,27,16,25,36,23,29,15,18,29
Oxsm,37,11,26,53,27,42,47,40,38,40,50,42,36,30,47,36,41,39,36,25,24,37,46,26,45,33,34,36,41,48,39,33,38,27,36,36,45,40,46,27,41,35,40,30,30,28
Oxsr1,48,20,33,59,26,26,53,35,33,30,45,39,48,38,47,69,40,67,49,31,17,71,48,33,32,18,36,45,46,31,43,33,39,18,37,21,31,39,35,22,40,27,36,19,30,35
P2rx4,363,144,347,552,342,301,408,372,501,267,489,505,328,249,302,464,313,525,346,314,130,455,358,227,333,386,373,331,537,401,331,221,308,240,278,273,273,301,300,206,491,288,288,234,244,260
P2rx7,6,8,13,19,15,6,13,15,15,10,16,16,10,6,9,5,18,14,9,3,7,20,11,8,18,12,11,7,15,18,24,11,8,7,9,5,3,8,6,3,8,10,8,7,9,6
P2ry1,3,1,2,9,1,1,3,0,1,5,0,1,0,2,3,1,3,0,1,2,1,2,2,2,3,1,0,6,1,6,1,2,3,3,1,1,2,3,1,2,0,3,2,0,0,4
P2ry12,1,1,4,6,3,2,4,6,1,1,3,5,1,6,4,1,2,5,5,3,0,7,5,2,2,3,4,2,1,4,4,1,3,2,2,1,1,3,3,1,4,2,4,1,1,1
P2ry13,5,1,6,9,8,4,5,8,4,3,4,10,3,1,5,1,10,4,5,5,0,2,4,5,5,3,15,2,4,11,5,3,3,1,3,2,6,1,1,3,4,6,6,1,2,3
P2ry14,3,1,1,4,3,1,4,3,1,3,7,6,2,1,4,1,3,9,5,1,5,5,1,1,1,3,1,2,0,3,6,4,3,2,2,1,2,1,3,5,5,4,1,4,3,1
P2ry2,36,29,42,63,32,42,60,54,80,31,62,50,61,89,51,33,41,57,39,31,7,51,64,47,57,55,30,61,65,58,41,48,42,46,58,61,44,72,49,46,74,61,45,43,40,47
P2ry6,8,6,4,16,14,14,5,14,8,8,15,8,7,5,5,6,6,9,6,7,7,6,7,8,6,0,13,3,10,6,28,6,2,9,1,2,5,3,5,4,9,7,6,4,4,4
P3h1,58,35,65,105,57,77,77,66,111,50,74,188,92,68,77,106,85,107,71,54,28,109,92,45,59,81,63,63,69,51,47,50,76,57,64,58,58,86,83,39,105,52,58,59,59,51
P3h3,6,5,5,22,5,8,13,14,6,9,12,7,11,7,9,13,9,13,13,5,3,12,13,12,6,6,6,7,12,14,11,8,4,11,2,11,5,10,6,4,11,10,9,5,3,9
P3h4,8,2,6,9,1,2,5,5,6,5,9,14,6,1,7,4,8,11,8,6,2,9,7,2,6,3,3,5,7,3,6,5,5,4,2,5,1,4,9,0,10,2,8,3,3,1
P4ha1,5,5,5,9,8,5,10,7,3,6,4,11,5,6,11,3,6,2,6,5,3,2,4,4,3,5,10,7,2,8,3,3,5,3,1,3,4,1,2,2,4,1,4,2,2,4
P4ha2,38,26,32,34,37,35,47,29,69,17,39,62,32,32,41,37,38,79,44,29,17,81,44,41,41,41,43,52,30,44,42,32,30,34,42,31,49,33,29,37,45,29,31,31,28,27
P4hb,5521,2816,5831,8493,6440,6578,6878,5831,8113,5273,7842,10492,5700,5263,6908,7904,7683,13600,6254,5894,2749,9748,6948,4218,6503,5923,6461,6800,7264,7339,6416,5149,6866,4842,6825,6551,4773,5416,6896,3652,9877,6417,6227,5215,5116,5106
Pa2g4,213,121,189,267,201,212,272,200,231,177,272,333,227,233,220,269,264,428,259,213,101,551,289,158,212,205,210,205,230,309,217,187,195,129,216,224,169,227,230,134,271,223,257,179,214,172
Pabpc1,699,430,605,972,759,722,756,650,902,590,868,955,763,542,680,1105,1061,1660,574,609,349,1517,883,448,693,687,550,736,810,722,661,457,618,388,603,525,421,501,558,388,742,542,542,382,408,412
Pabpc4,59,42,57,134,58,83,87,73,118,66,88,154,73,70,84,112,116,248,62,65,26,217,83,49,79,50,70,82,100,70,56,39,55,36,78,29,51,48,48,45,90,55,74,35,66,65
Pabpn1,715,434,655,992,485,611,853,552,687,583,975,923,580,530,745,766,789,832,581,545,168,830,852,449,583,581,646,750,653,729,501,547,465,453,611,541,458,639,499,311,711,481,471,410,442,467
Pacrg,2,1,2,1,1,1,1,1,1,2,3,0,1,0,0,0,0,11,0,1,0,2,0,0,1,1,0,0,1,1,3,0,2,0,2,2,1,3,2,0,1,0,1,1,2,0
Pacrgl,9,3,5,24,12,16,11,9,24,13,13,16,16,12,15,16,14,17,15,13,4,23,14,10,18,12,12,16,15,11,8,6,11,1,18,10,10,13,8,7,10,16,13,8,5,8
Pacs1,8,7,17,16,13,17,18,10,19,9,17,10,19,7,13,30,17,17,15,11,1,22,10,5,8,10,21,18,20,28,23,6,11,12,7,7,10,16,4,8,10,6,14,14,5,10
Pacs2,42,25,48,79,49,38,66,48,38,49,48,56,36,31,38,63,74,71,60,44,14,74,51,44,46,38,32,63,77,53,68,31,40,35,60,49,30,45,33,31,76,42,57,39,45,46
Pacsin2,140,57,144,208,185,145,142,213,232,211,201,258,200,146,161,205,260,320,219,173,68,261,226,144,201,194,148,192,237,180,209,153,208,142,152,165,186,175,186,123,300,207,172,164,185,144
Pacsin3,224,155,264,291,195,213,252,268,312,258,316,414,260,231,244,344,291,306,250,182,68,300,306,182,294,235,215,239,338,216,284,208,209,240,252,225,180,228,255,181,318,253,240,189,219,223
Paf1,140,69,107,146,113,129,128,118,150,107,141,193,139,110,131,160,147,163,91,98,38,157,143,74,133,123,86,89,174,128,86,72,93,79,99,103,97,140,127,78,132,96,100,97,100,93
Pafah1b1,33,16,43,40,34,24,24,37,45,29,35,36,24,26,33,37,41,42,48,36,22,36,48,12,33,25,19,39,39,41,32,22,34,22,34,29,28,33,29,18,34,31,40,15,22,31
Pafah1b2,77,30,56,80,51,57,85,52,88,61,92,80,60,80,73,60,65,95,73,69,30,93,66,41,72,55,77,66,66,63,56,41,64,45,69,45,53,47,71,32,74,60,63,44,57,57
Pafah1b3,73,26,48,89,41,46,64,89,64,55,68,63,59,50,75,83,100,117,55,72,21,66,54,24,44,66,50,60,73,54,57,41,46,49,39,26,45,57,50,42,51,26,33,37,41,39
Pafah2,393,177,320,533,406,431,513,533,579,409,550,637,440,419,514,482,451,565,343,352,192,563,599,375,553,476,373,538,580,580,499,381,509,380,488,503,389,484,552,358,815,520,513,350,453,387
Pag1,3,1,2,2,4,2,4,7,3,5,1,5,3,3,6,2,1,3,5,2,0,8,6,4,5,3,2,3,1,2,2,3,5,2,2,2,4,5,2,1,5,5,3,3,1,1
Pagr1a,146,67,122,146,120,151,151,132,224,127,172,186,123,158,161,191,188,194,151,116,46,157,187,98,125,122,125,142,143,164,151,92,99,101,132,141,134,127,132,76,185,135,123,104,102,107
Pah,2434,1135,2045,3730,1785,2904,3069,2727,3592,3523,2858,3197,3916,3482,4130,3010,2843,1631,2952,2747,1181,3576,4266,2536,3746,4035,2957,4210,7168,4673,1880,2560,3416,1853,3258,2791,3802,3237,3711,2238,4742,4249,2539,2479,3291,3125
Paics,581,284,532,891,425,448,607,508,920,705,564,718,664,758,754,797,703,412,665,556,181,577,823,354,638,623,540,757,887,744,300,310,536,243,630,434,523,548,587,391,804,649,598,295,564,602
Paip2,197,85,188,325,154,215,233,252,323,214,261,297,282,228,293,287,281,314,222,188,91,290,312,168,293,229,213,270,327,320,223,181,267,136,281,269,228,251,274,166,360,270,296,168,217,281
Paip2b,1,1,1,1,5,4,4,5,3,6,4,6,3,3,5,4,3,4,7,5,3,5,5,2,0,2,3,3,8,8,1,3,5,0,6,6,4,4,3,1,7,3,4,3,7,1
Pak1,10,6,3,16,6,5,22,11,5,5,12,18,2,5,10,12,13,17,10,4,0,9,10,5,6,8,3,7,9,14,7,7,6,9,11,4,7,7,4,2,9,2,6,4,7,6
Pak1ip1,189,97,159,247,158,195,198,172,231,165,190,291,214,184,219,210,251,263,230,156,71,265,230,144,202,200,154,182,228,230,211,144,195,127,170,175,152,189,188,110,268,171,172,155,150,149
Pak2,11,7,20,25,21,17,19,20,38,18,20,38,25,13,15,35,16,26,13,18,7,33,20,15,20,17,13,26,20,23,13,6,19,15,20,22,17,18,27,9,31,14,18,11,22,13
Pak4,43,42,73,74,42,52,56,39,80,45,73,98,39,70,67,61,58,58,69,62,14,69,56,35,44,50,61,62,80,52,47,33,53,46,48,39,44,79,46,39,76,62,55,42,44,47
Pak6,1,1,0,3,3,3,4,3,2,2,6,2,6,0,3,2,0,6,2,2,0,5,3,1,4,5,1,0,3,2,2,2,4,4,0,0,0,0,0,1,4,1,0,1,1,2
Palb2,2,1,2,3,2,5,2,1,5,5,5,2,3,0,3,4,3,6,2,1,1,2,0,3,1,1,4,4,2,2,1,3,3,3,1,2,1,1,3,0,8,2,5,0,0,0
Pald1,36,14,32,60,19,23,38,35,28,37,46,38,48,30,35,59,42,32,28,29,6,38,43,19,21,32,29,25,48,31,18,19,21,28,27,26,24,28,34,15,51,25,46,24,17,40
Palld,159,86,147,148,127,153,130,140,150,147,167,354,144,114,157,139,129,133,141,123,59,87,197,112,110,114,136,117,145,92,168,138,129,148,129,126,99,112,148,76,168,147,120,92,104,115
Palm,11,6,9,12,4,7,13,10,5,7,17,20,13,10,16,5,7,4,9,8,2,11,21,6,7,6,13,11,15,11,25,15,14,18,6,20,8,10,11,4,12,7,16,6,7,10
Palmd,147,86,125,339,98,128,183,137,87,111,188,109,220,119,145,132,157,311,144,99,60,256,130,92,114,107,80,132,155,158,134,98,150,99,122,143,102,121,108,78,142,116,131,86,99,129
Pam,13,8,16,37,18,6,29,16,8,16,25,17,25,10,7,17,20,26,21,9,6,22,23,13,21,16,10,21,21,22,16,19,14,10,8,16,11,17,16,10,16,19,13,13,8,10
Pam16,260,126,211,356,180,293,342,285,379,230,312,416,316,293,313,312,355,326,259,252,74,416,387,209,322,294,237,321,336,266,228,222,307,151,256,288,258,273,351,225,419,317,326,218,214,254
Pamr1,28,13,8,32,16,13,36,18,23,12,36,12,24,13,24,17,31,36,21,10,9,34,22,5,14,21,11,25,23,17,15,12,16,10,13,5,6,14,15,3,38,14,10,18,7,20
Pan2,63,32,77,123,55,69,69,83,85,76,106,95,72,50,70,82,81,82,73,63,15,102,62,47,68,63,59,52,59,66,46,41,43,41,65,48,48,75,76,28,81,49,62,57,35,56
Pan3,9,6,5,17,2,3,6,7,20,7,12,9,6,9,12,17,9,11,8,9,3,17,2,7,11,2,9,6,7,13,9,8,4,8,13,9,12,8,9,4,6,9,8,11,3,9
Pank1,92,37,74,152,40,75,85,60,100,83,129,63,78,75,100,137,142,32,65,75,21,52,98,58,61,62,76,87,92,81,22,62,97,47,87,68,48,84,107,53,131,83,77,62,75,71
Pank2,29,20,53,61,39,49,50,58,77,40,73,70,59,44,53,64,56,53,44,35,15,46,49,31,53,41,49,45,53,52,33,30,46,34,58,46,21,50,36,32,62,50,47,43,40,58
Pank3,67,19,59,79,56,76,56,53,77,60,61,94,64,72,67,52,71,41,76,68,32,62,72,51,65,46,55,60,67,74,34,43,50,27,49,47,43,53,67,34,53,43,42,35,34,45
Pank4,39,20,53,93,43,53,54,50,77,60,53,70,57,49,62,77,80,75,65,49,13,69,74,32,46,62,49,60,67,53,39,26,46,50,47,59,31,42,56,38,62,50,44,33,33,46
Panx1,8,2,5,13,12,2,7,7,5,2,16,8,3,1,6,2,2,23,7,6,0,10,5,3,4,4,5,6,2,9,21,2,2,2,2,5,7,4,3,3,5,9,8,3,2,6
Paox,120,36,116,131,107,91,176,196,141,129,113,137,123,121,115,119,97,77,140,134,36,90,271,118,154,109,101,138,278,164,109,77,109,103,141,179,93,137,156,146,234,169,186,108,122,130
Papd4,23,13,15,25,17,19,16,12,22,11,21,16,20,20,21,17,29,18,13,21,5,39,21,10,18,18,13,15,22,21,13,6,12,8,17,8,20,20,22,5,20,13,12,6,9,14
Papd5,22,7,19,17,12,21,23,19,9,21,7,19,13,11,28,19,16,16,23,16,11,27,20,9,12,20,13,20,24,15,16,5,10,5,10,19,9,14,8,7,13,11,11,12,5,12
Papd7,71,42,61,99,61,58,68,75,88,71,80,155,69,80,103,87,79,60,79,64,14,94,85,51,75,81,65,44,107,70,65,44,64,53,56,45,61,79,63,21,97,51,52,42,45,56
Papola,88,49,90,120,81,64,83,68,96,86,123,97,76,59,95,84,94,141,105,82,40,177,75,57,74,85,89,91,91,111,70,45,73,31,75,60,74,70,65,43,84,70,82,45,43,70
Papolg,1,1,3,7,4,5,5,8,1,5,9,7,6,1,5,7,7,10,5,4,6,6,7,6,4,8,5,6,5,9,4,7,6,1,3,5,7,3,1,3,4,4,3,4,3,6
Papss1,44,23,51,68,55,60,58,66,53,41,55,147,39,28,48,49,57,66,46,39,19,57,55,29,66,62,50,80,70,58,57,31,54,51,50,39,48,67,57,38,73,54,43,30,37,44
Papss2,153,138,206,410,309,217,351,334,458,290,253,253,320,317,324,207,298,213,281,221,86,288,533,390,364,379,291,390,771,433,186,214,289,155,312,356,333,303,301,177,373,347,399,237,332,426
Paqr4,13,7,10,12,11,15,23,14,13,15,14,13,9,8,6,8,13,15,6,7,4,15,7,8,7,7,7,7,15,11,20,8,8,8,12,8,11,7,8,5,10,5,9,5,4,11
Paqr7,12,6,8,10,8,15,6,11,3,12,14,10,5,11,10,15,9,6,17,14,8,2,16,14,8,14,6,32,27,17,10,14,23,6,14,11,9,18,15,4,13,19,23,7,13,10
Paqr9,389,139,346,504,310,651,494,553,566,653,576,545,328,285,608,710,804,149,389,524,155,76,714,357,360,506,499,492,545,800,299,576,651,447,660,675,600,796,808,384,606,678,804,555,545,565
Pard3,181,96,160,239,113,166,187,148,205,148,214,210,182,167,149,237,178,169,188,134,41,210,209,121,158,148,164,178,223,158,98,121,119,132,202,185,110,155,173,109,219,145,172,101,116,132
Pard3b,10,3,5,4,3,6,12,5,3,4,7,10,4,7,7,10,9,7,4,7,3,7,10,0,7,12,5,5,8,8,3,3,8,1,6,7,8,6,8,4,14,7,3,7,6,6
Pard6a,19,9,23,25,16,22,20,24,37,27,37,57,31,29,42,42,36,25,19,28,11,36,28,18,24,22,13,34,29,21,29,15,26,17,20,22,31,21,27,22,32,28,25,16,27,19
Pard6b,38,22,43,46,33,35,32,37,41,35,43,73,42,28,45,33,58,41,30,45,21,54,37,21,44,40,41,36,48,42,38,26,43,22,31,25,28,31,36,20,64,21,34,25,26,28
Pard6g,6,1,4,4,4,4,9,6,1,4,7,8,4,4,7,6,6,7,7,3,4,7,3,3,9,5,8,3,5,3,1,0,1,5,6,3,3,2,1,1,8,2,6,3,2,2
Parg,23,11,10,21,20,20,17,17,29,22,26,35,13,17,23,24,20,24,18,23,6,22,19,7,17,11,15,21,33,17,14,5,17,5,20,12,13,18,15,10,20,18,15,6,12,24
Park2,6,2,3,7,1,4,2,0,4,0,3,0,0,2,2,2,3,3,2,5,2,7,2,3,3,0,3,2,3,4,2,0,1,2,3,2,3,2,2,2,2,1,3,0,1,2
Park7,1091,494,965,1406,585,1068,1175,1109,1172,1066,1110,1247,1146,1071,1290,1104,1202,1256,1020,966,336,1269,1149,822,1211,1022,868,1101,1456,1266,1135,979,1104,878,974,1019,860,1157,1179,805,1564,1292,1069,922,1053,1088
Parl,155,60,130,195,136,142,189,172,187,157,167,193,145,122,169,189,193,279,141,167,61,276,184,112,153,167,126,143,205,223,148,114,157,107,139,124,125,139,149,93,221,162,126,89,91,147
Parm1,1,2,5,0,4,2,2,3,2,2,5,2,2,1,6,4,1,4,0,1,1,5,2,1,1,1,4,1,3,2,0,1,2,2,0,0,1,2,2,1,1,1,3,1,0,1
Parn,59,25,48,96,56,58,65,59,85,61,76,100,52,63,57,75,97,113,54,67,21,113,78,54,72,68,49,88,79,72,50,38,61,37,57,60,54,62,60,44,83,50,63,49,52,54
Parp1,105,53,98,125,87,114,147,142,149,129,111,167,116,87,130,138,124,171,106,116,30,147,119,92,109,87,94,136,161,137,97,83,88,96,110,110,105,122,126,77,169,101,113,76,84,90
Parp10,114,60,121,159,151,131,152,182,151,139,174,172,153,99,122,141,160,208,142,130,50,178,156,109,150,133,119,131,163,135,361,93,147,126,128,111,111,141,116,83,166,139,131,128,132,108
Parp11,14,10,16,22,22,23,34,31,23,18,30,25,16,20,19,10,13,20,23,13,6,22,14,14,19,25,15,18,23,19,62,16,17,13,16,14,19,23,15,12,19,22,15,12,24,14
Parp12,72,19,68,92,98,76,86,83,120,59,86,87,75,54,113,83,81,114,80,67,34,117,94,44,80,85,73,101,109,110,172,56,65,49,56,59,64,82,69,38,110,78,89,50,65,71
Parp14,117,68,123,198,158,120,194,167,204,117,192,173,139,121,179,163,189,133,105,150,66,149,134,103,154,134,150,116,163,168,445,70,122,91,83,91,83,109,127,65,148,111,119,66,94,99
Parp16,201,56,131,220,125,145,137,168,178,181,182,173,145,135,146,210,187,230,152,152,68,231,156,93,140,139,148,162,201,149,153,102,143,122,129,99,107,117,144,86,233,133,126,108,114,103
Parp2,52,28,42,74,70,32,56,67,69,44,68,72,40,47,44,45,56,92,48,46,23,103,53,45,40,43,49,49,57,55,40,34,54,43,35,35,34,33,32,34,79,40,49,30,39,36
Parp3,148,83,81,175,172,115,177,180,171,114,182,281,135,81,139,136,172,239,127,120,57,203,176,106,168,167,154,174,168,123,237,119,153,96,119,134,119,144,123,87,218,141,137,112,112,115
Parp4,21,16,20,41,30,17,29,29,21,26,31,30,24,20,26,29,13,34,23,14,10,38,34,17,18,31,18,18,32,23,23,11,19,8,17,18,23,14,13,5,25,30,28,9,17,21
Parp6,52,21,33,61,27,48,40,35,87,46,52,58,66,56,55,61,65,52,51,44,17,74,55,34,47,49,40,47,51,48,27,32,52,21,46,50,45,52,53,33,75,52,41,44,45,44
Parp8,5,1,2,2,3,6,4,1,1,2,2,2,3,1,3,0,1,6,2,4,1,8,1,0,2,2,1,1,2,0,4,4,2,2,3,1,2,1,4,1,3,2,4,1,2,1
Parp9,82,58,101,126,102,105,111,108,159,141,146,172,122,133,131,115,133,126,93,135,35,134,136,66,103,112,117,134,152,130,232,90,125,88,138,82,91,119,81,75,135,96,111,75,84,81
Pars2,12,3,6,7,10,11,17,19,22,7,18,27,20,13,12,12,15,25,14,17,4,19,16,9,23,7,14,8,19,11,16,7,11,13,10,11,10,8,16,8,22,14,17,10,10,18
Particl,10,8,17,16,12,10,14,12,13,11,15,14,13,6,9,10,16,22,11,19,2,19,11,8,16,9,12,12,13,13,9,5,9,7,12,6,8,12,8,8,14,12,20,12,14,8
Parva,225,111,184,343,188,263,297,285,338,259,327,347,274,248,313,334,296,274,261,226,86,305,254,204,265,238,260,339,331,296,275,284,313,210,292,323,199,288,276,225,425,311,273,200,236,287
Parvb,9,6,10,22,14,13,20,24,20,7,12,15,9,14,18,24,28,32,16,14,10,23,22,12,17,12,18,12,14,11,56,14,13,11,9,13,7,20,11,12,15,11,19,14,17,24
Parvg,2,2,12,12,7,0,11,8,9,1,10,3,8,5,4,4,6,10,6,5,1,15,5,2,6,2,1,1,10,6,26,6,4,8,5,1,6,8,3,1,1,4,11,1,1,2
Pask,1,3,2,2,3,3,5,7,3,1,2,6,1,0,5,0,1,8,3,1,0,4,5,0,3,3,2,2,0,0,5,2,3,2,1,4,3,3,5,3,6,3,2,2,3,3
Patl1,70,28,48,91,47,58,58,49,63,40,61,77,56,55,87,72,84,75,55,44,24,97,56,37,52,61,39,40,69,60,41,38,40,37,51,39,29,50,55,27,67,49,47,41,55,29
Patz1,4,5,6,19,2,7,8,3,7,13,11,11,12,7,8,8,10,6,8,10,3,12,4,3,13,6,4,3,12,9,6,8,3,4,8,1,2,7,1,4,4,6,10,3,3,2
Pawr,6,3,2,9,6,4,4,4,5,2,2,4,5,3,3,15,5,6,3,3,0,4,4,2,6,1,2,3,3,5,3,4,3,1,2,2,4,3,0,1,5,0,3,2,1,0
Paxbp1,39,22,52,76,46,39,67,57,55,58,80,82,55,38,66,44,56,55,43,36,24,55,72,27,58,32,51,47,52,48,40,29,51,32,32,46,31,38,35,16,40,26,39,27,29,42
Pbdc1,22,12,25,26,18,20,30,16,35,26,27,44,27,21,26,18,32,47,16,22,10,41,25,14,38,25,17,25,26,32,32,14,19,23,24,20,15,25,25,23,40,29,23,15,21,30
Pbk,0,0,1,0,1,0,5,6,0,0,1,0,0,0,1,0,0,10,0,1,0,1,0,0,1,0,0,0,1,1,2,0,1,0,1,1,3,1,0,0,2,0,2,0,1,0
Pbld1,296,140,286,354,166,291,241,185,400,245,324,304,267,267,313,343,369,214,246,238,87,325,276,190,249,266,229,289,352,304,176,202,249,211,239,230,196,215,288,156,305,238,260,179,246,212
Pbld2,650,278,489,700,305,480,553,505,684,734,665,834,670,821,765,794,697,441,603,618,186,832,722,383,525,494,445,803,688,538,537,473,595,410,655,507,443,543,592,360,735,584,501,352,491,522
Pbrm1,242,116,181,320,204,240,245,185,259,208,304,285,194,177,232,245,285,346,210,166,94,371,226,127,179,184,222,174,216,204,193,129,205,137,155,132,148,153,155,92,246,145,152,119,143,144
Pbx1,29,11,15,41,33,23,24,23,51,27,39,45,35,32,29,31,39,45,41,22,16,74,25,19,15,32,18,31,50,27,26,16,37,17,24,19,20,18,16,13,25,28,24,8,19,27
Pbx2,67,32,73,78,57,57,93,57,84,68,103,100,51,44,87,83,80,84,69,60,19,93,68,48,75,64,73,71,75,82,41,37,58,60,66,54,32,58,71,29,84,50,56,36,42,54
Pbx3,12,10,7,13,20,18,16,10,12,7,14,21,11,7,13,10,19,16,9,12,3,19,16,6,8,10,12,8,9,15,10,7,11,13,4,13,6,9,17,5,20,11,9,5,5,7
Pbx4,4,1,5,3,1,2,3,9,5,3,3,3,0,2,5,3,2,3,3,7,1,0,6,4,13,5,4,6,2,3,3,4,5,5,2,3,3,8,4,4,7,5,11,1,5,9
Pbxip1,64,32,48,88,62,51,54,71,74,54,74,79,49,46,57,58,76,73,71,45,20,67,59,35,55,58,53,48,42,45,76,25,43,38,45,45,28,48,35,31,61,45,49,37,41,38
Pcbd1,1699,843,1658,2668,1919,2143,2285,2166,2793,1973,2290,2225,2343,2132,2265,2260,2431,2001,1932,2128,949,2540,3174,2032,2659,2268,2100,2447,3382,2854,2175,1994,2454,1719,2696,2727,2750,2516,2368,1561,3159,2677,2792,1856,2753,2446
Pcbd2,322,163,301,489,241,345,436,420,442,407,453,357,439,326,437,380,452,398,388,382,148,456,444,296,422,349,316,420,510,467,347,277,409,275,412,405,401,380,410,276,542,505,404,324,397,382
Pcbp1,970,522,839,1281,1108,973,1031,975,1479,1082,1206,1776,1169,1036,1218,1279,1422,1535,1189,1084,471,1733,1307,784,1083,1103,974,1274,1237,1260,947,835,1103,808,1003,903,907,1018,1222,650,1672,1169,979,835,877,939
Pcbp2,26,11,35,46,27,28,32,21,39,38,47,34,42,34,49,35,36,62,40,31,16,89,38,19,24,33,34,38,44,50,22,17,34,14,30,27,16,21,29,15,42,41,36,18,30,25
Pcbp3,6,3,3,11,4,3,4,2,6,5,6,8,5,4,7,7,9,14,3,3,1,6,5,1,2,6,5,14,3,6,1,5,2,4,3,4,3,3,4,4,12,0,5,4,3,5
Pcbp4,89,36,56,102,28,73,62,67,63,59,107,85,60,57,63,118,79,113,57,57,12,164,52,34,35,30,74,78,110,56,45,40,35,41,51,47,30,41,60,23,63,45,35,26,49,34
Pcca,197,103,222,250,182,230,321,273,333,256,286,272,291,269,260,298,275,263,236,196,111,339,383,223,321,282,216,312,376,337,253,211,324,201,310,331,241,300,330,193,427,307,285,238,275,292
Pccb,606,316,488,749,455,665,652,526,767,562,671,730,742,622,681,928,791,733,659,557,254,894,750,443,599,616,589,652,925,863,531,456,743,511,755,712,618,605,686,415,954,723,665,555,607,615
Pcdh1,104,77,133,174,55,90,109,91,142,111,176,180,143,138,140,160,110,69,131,92,12,117,100,62,96,78,106,111,115,81,69,60,95,81,103,78,79,80,102,47,139,89,108,65,71,84
Pcdh12,18,11,18,16,21,11,26,16,27,21,24,15,24,15,26,25,20,16,15,13,4,12,35,13,18,31,19,11,34,16,26,11,24,23,14,19,18,28,25,13,21,15,21,17,17,37
Pcdh18,7,0,1,1,0,2,2,3,2,2,3,2,0,1,3,0,0,2,3,4,1,3,5,0,2,2,1,0,2,2,3,0,2,0,0,4,2,2,0,2,1,3,2,0,2,1
Pced1a,20,8,15,31,11,16,25,21,40,26,26,51,26,27,27,30,46,34,25,15,8,24,35,11,16,21,20,30,33,32,27,16,32,18,22,19,11,35,23,11,35,22,31,23,18,20
Pced1b,3,2,8,21,3,7,9,7,8,9,13,9,12,10,9,8,8,10,9,10,1,11,6,9,11,4,4,10,8,5,8,8,13,11,8,11,10,7,3,5,14,8,8,4,9,11
Pcf11,21,9,15,32,19,14,25,16,27,17,21,16,13,13,16,19,28,18,11,8,6,36,26,7,18,16,15,19,17,26,9,11,20,4,10,11,16,11,12,7,11,18,12,10,13,18
Pcgf1,12,8,9,13,6,9,12,10,5,10,20,28,10,5,11,16,8,11,13,19,5,25,22,7,13,14,10,16,7,11,6,12,5,10,14,10,7,14,9,9,7,9,8,8,8,7
Pcgf2,18,10,10,23,10,11,18,9,15,11,29,16,18,21,17,30,33,28,20,15,1,22,10,7,6,17,13,9,6,15,4,13,11,11,9,7,10,16,11,10,20,9,12,10,13,10
Pcgf3,10,2,9,19,4,10,9,8,11,9,19,7,10,9,18,15,7,14,11,6,6,22,8,12,4,8,7,8,10,12,6,3,10,6,8,9,7,4,12,8,15,7,12,6,5,6
Pcgf5,25,12,24,42,23,13,23,34,32,22,37,25,28,24,33,36,31,37,33,25,16,68,25,9,23,31,20,23,27,23,25,17,28,13,19,14,15,19,11,10,17,32,23,18,14,23
Pcgf6,28,24,27,46,22,26,15,26,34,19,48,60,36,32,37,34,33,38,29,31,9,60,31,12,17,27,28,34,20,27,22,24,24,18,24,22,22,27,24,14,38,24,37,22,22,21
Pcid2,12,6,8,13,7,12,11,13,22,14,14,18,9,18,20,4,10,15,8,15,7,11,13,6,11,13,10,7,12,11,8,4,16,8,12,5,5,4,14,6,18,7,6,6,11,8
Pcif1,34,17,29,63,17,34,42,41,46,41,44,38,58,40,50,49,52,47,49,32,14,70,40,22,33,41,29,55,48,49,45,24,35,27,38,24,25,35,41,24,42,38,32,20,37,36
Pck1,3882,600,1698,8827,2734,5193,1373,1081,9038,3910,4241,1366,2914,2744,2486,11722,9084,6805,1568,1180,1206,8785,1222,596,2610,5234,3517,3130,5018,2504,1856,2601,2188,1477,3984,3121,3423,1670,3475,1767,5603,3027,2864,2604,2098,2250
Pck2,1,1,1,4,3,2,3,6,3,1,4,5,1,0,4,2,2,16,1,1,0,6,0,0,1,1,0,1,3,1,4,1,3,2,0,2,2,2,3,1,2,1,1,2,0,2
Pclo,4,0,0,1,4,1,1,0,6,2,1,2,2,1,1,3,2,1,4,1,1,2,5,1,3,1,1,3,3,5,1,1,8,1,1,3,4,2,2,1,4,0,1,3,3,3
Pcm1,3,3,7,7,3,6,7,4,1,7,8,9,5,4,7,0,7,6,7,2,1,6,5,1,2,6,1,5,9,5,2,2,7,5,3,9,7,5,6,3,4,8,6,0,6,6
Pcmt1,115,66,93,153,86,93,108,102,170,112,108,156,121,113,137,145,131,144,103,102,41,153,162,63,114,117,107,138,185,100,77,80,101,82,131,98,88,112,105,76,144,107,114,75,104,123
Pcmtd1,21,19,21,39,22,13,26,24,33,27,27,34,28,34,41,42,26,16,32,13,9,25,29,23,29,30,30,35,39,24,9,17,17,11,23,22,23,29,24,17,29,33,24,23,21,26
Pcmtd2,45,20,53,89,59,65,72,46,55,48,64,60,54,60,57,98,80,48,73,47,22,60,72,39,46,47,48,72,92,82,34,49,50,20,55,57,57,48,47,27,60,63,59,37,44,53
Pcna,54,31,45,75,63,55,85,73,81,58,60,62,68,83,64,74,69,173,38,45,33,142,81,52,56,76,53,87,88,82,74,52,53,47,45,69,76,68,65,45,89,42,67,55,47,68
Pcnp,12,5,11,28,23,10,8,7,25,12,18,19,20,12,23,14,15,9,7,20,6,14,16,14,20,14,14,16,20,21,7,18,15,2,17,13,15,13,10,11,10,7,19,10,16,12
Pcnt,43,21,39,85,44,50,51,46,56,36,74,52,43,46,38,54,62,76,48,28,15,75,49,33,44,42,37,49,54,34,41,37,50,27,46,34,42,34,32,28,55,34,45,16,35,42
Pcnx,17,10,12,12,16,18,22,14,30,19,22,11,29,17,24,30,29,21,17,21,10,30,26,21,12,18,17,28,39,25,17,5,12,5,24,18,12,15,11,7,24,14,15,19,19,13
Pcnxl3,101,58,113,132,80,84,100,113,116,94,139,142,92,77,81,143,107,154,111,91,21,112,98,56,95,91,98,86,120,93,71,60,83,81,99,84,80,80,109,80,139,94,107,66,96,91
Pcnxl4,10,2,3,9,9,10,2,8,10,6,8,26,10,2,8,13,12,9,7,6,4,11,13,7,6,8,3,11,11,8,6,4,11,4,6,6,5,6,3,5,10,3,2,4,3,5
Pcolce,44,26,31,85,138,40,64,106,133,48,69,102,41,37,57,50,44,57,44,46,19,26,47,37,49,73,99,51,64,76,40,33,30,57,29,41,46,68,31,29,75,31,46,33,50,44
Pcolce2,13,12,18,30,40,19,48,25,19,12,23,31,10,13,21,18,29,21,16,20,11,25,20,16,22,6,32,10,7,15,22,13,9,10,12,13,7,11,12,5,16,17,24,22,14,13
Pcp4l1,465,216,272,301,63,86,96,119,188,571,264,337,166,246,357,458,494,43,319,205,68,49,57,32,83,87,135,178,45,124,71,40,143,56,84,44,31,109,112,38,111,69,41,75,100,56
Pcsk4,102,36,74,142,46,103,98,110,101,93,149,85,111,89,115,129,145,128,88,69,31,225,89,68,75,87,66,110,106,116,69,90,98,78,105,99,67,95,81,65,126,82,93,75,92,84
Pcsk5,32,19,34,55,36,33,38,21,80,31,43,68,41,38,27,43,52,61,32,27,17,43,29,30,33,33,27,37,32,35,38,24,19,25,26,27,17,25,23,24,40,21,11,26,17,22
Pcsk6,462,148,410,586,365,411,427,394,490,482,616,510,534,486,563,596,714,503,469,450,236,522,630,361,465,459,305,524,456,635,457,443,595,301,595,608,331,450,602,301,802,540,501,405,438,384
Pcsk7,146,68,135,155,123,106,152,129,133,141,179,181,152,130,165,191,178,156,172,130,73,192,185,85,131,161,117,158,140,148,151,111,153,106,154,92,79,146,118,86,210,145,119,127,127,116
Pcsk9,381,187,357,334,419,303,333,357,609,363,325,710,231,145,251,453,426,86,425,358,143,76,407,274,274,380,431,386,474,382,270,227,392,314,294,308,327,346,349,247,535,328,302,285,344,264
Pctp,289,105,252,349,183,334,303,326,284,369,391,243,347,255,432,426,585,402,321,330,165,310,435,247,262,310,301,371,525,513,432,304,411,287,441,552,399,363,435,217,497,328,451,389,447,314
Pcx,931,493,927,1447,708,874,1006,949,1609,1012,1409,1417,1179,981,1151,1449,1254,1055,937,952,291,1081,1124,737,889,912,984,1100,1173,1078,1168,1010,1096,1088,961,1328,843,1102,1130,702,1322,1167,1202,826,1017,1028
Pcyox1,353,213,361,610,445,326,585,388,534,367,496,503,444,375,549,460,506,406,415,400,169,476,588,392,440,477,409,406,565,554,344,392,536,357,421,555,410,454,555,311,741,523,454,439,441,459
Pcyox1l,3,0,3,5,9,3,3,5,10,9,5,11,8,6,7,5,6,6,8,4,1,1,3,5,5,3,8,2,8,6,7,2,2,1,1,8,6,7,1,4,4,4,2,4,3,2
Pcyt1a,132,60,128,157,133,131,139,147,225,165,149,191,157,139,149,196,181,175,136,136,68,226,188,102,144,167,132,177,236,167,130,114,147,100,166,152,127,154,175,100,224,167,156,116,126,141
Pcyt2,1592,705,1371,1924,1156,1422,1751,1578,1819,1301,1612,1431,1531,1339,1481,1919,1830,1028,1499,1346,489,1548,1836,1343,1572,1677,1326,1550,1970,1763,1147,1231,1560,1127,1725,1894,1563,1528,1921,1035,2167,1447,1877,1371,1481,1299
Pdap1,162,53,105,186,137,138,172,128,153,87,181,184,155,135,154,179,164,264,120,106,62,210,177,111,142,148,133,119,163,162,132,121,160,94,192,167,122,127,155,97,236,145,137,105,136,117
Pdcd10,17,5,24,18,15,15,19,22,15,25,26,22,24,19,18,17,22,37,15,25,4,37,39,12,25,23,12,20,19,14,18,10,26,5,17,20,22,11,15,10,22,19,22,17,18,12
Pdcd11,56,25,41,70,32,52,53,54,80,39,67,86,57,49,63,64,63,60,43,43,14,77,66,37,34,51,62,37,85,44,46,29,48,39,40,34,39,36,52,28,56,42,47,39,31,51
Pdcd2,134,65,129,220,109,144,162,107,166,137,152,178,147,137,140,185,192,191,96,135,75,243,139,115,127,152,113,120,169,149,78,94,113,81,119,101,92,112,154,69,199,106,126,120,94,116
Pdcd2l,79,35,74,105,62,73,90,79,89,90,79,103,100,70,76,98,80,97,92,72,24,107,71,71,81,61,64,84,82,81,58,55,70,53,77,63,62,84,63,41,96,82,50,59,67,58
Pdcd4,67,38,73,74,69,91,100,70,171,79,87,87,101,91,106,91,60,41,59,76,17,45,153,65,125,89,118,124,203,124,36,66,101,50,126,100,73,110,104,54,118,82,131,63,90,71
Pdcd5,298,129,264,415,191,268,306,213,289,327,408,415,327,301,393,462,385,517,282,303,78,504,369,212,322,351,295,407,422,286,280,238,329,207,378,285,198,336,345,188,469,338,341,216,315,324
Pdcd6,346,167,341,501,424,391,409,378,655,421,492,441,499,410,495,519,502,544,404,420,220,610,528,291,484,424,408,475,664,597,430,317,434,230,440,384,306,351,443,261,659,475,443,293,355,418
Pdcd6ip,99,51,85,153,92,96,128,87,133,102,122,128,108,94,113,137,111,106,101,90,38,86,141,76,94,89,95,131,156,126,84,73,115,57,100,103,77,98,100,60,139,88,115,78,82,80
Pdcd7,40,17,38,44,33,23,39,30,41,29,34,41,35,16,40,57,29,41,35,23,14,47,36,19,29,25,25,27,28,33,22,14,27,21,25,30,27,32,18,11,32,27,29,24,28,21
Pdcl,49,17,41,55,45,33,38,27,73,62,49,76,47,35,40,62,46,58,43,36,23,48,47,33,33,36,37,62,45,54,36,28,35,9,38,32,39,44,43,29,53,45,33,25,32,36
Pdcl3,120,57,113,163,135,114,135,157,199,129,154,214,175,133,151,147,178,194,136,116,62,248,190,96,142,149,116,146,183,146,143,100,136,109,138,158,131,133,137,65,180,115,132,100,127,113
Pddc1,70,27,83,119,55,74,83,77,108,72,104,86,83,92,94,89,88,123,85,96,30,113,80,75,82,84,73,70,129,100,82,57,80,60,86,95,71,71,68,44,102,97,78,73,72,82
Pde12,13,12,23,15,23,17,17,11,31,19,15,45,30,25,26,21,11,25,18,16,18,31,28,7,26,12,21,25,21,29,17,15,29,8,19,15,17,19,12,10,23,12,18,13,17,15
Pde1a,4,2,4,14,2,3,7,9,3,5,9,9,4,3,7,9,6,11,8,5,2,12,6,3,1,4,4,3,7,4,4,2,8,2,3,1,5,8,3,2,6,2,6,2,5,2
Pde1b,4,1,5,12,1,2,8,6,5,1,11,2,4,5,1,5,3,10,2,6,0,7,1,2,2,3,4,5,2,6,7,1,5,4,3,4,6,6,1,3,6,2,3,1,3,3
Pde2a,78,27,57,84,40,63,49,66,68,60,69,56,76,59,68,121,73,92,54,49,29,115,68,39,52,66,62,51,89,86,80,39,52,51,40,48,59,55,46,26,77,57,50,41,41,75
Pde3b,13,11,8,17,10,13,19,16,20,13,17,26,18,27,15,12,14,15,32,11,9,24,23,12,12,18,10,13,26,13,10,4,18,3,8,9,12,12,8,13,8,11,15,8,11,11
Pde4a,22,6,24,23,16,11,35,26,22,18,17,28,13,17,20,14,16,18,21,14,6,19,20,6,14,22,21,16,14,9,19,10,21,13,12,16,19,18,12,11,31,13,27,18,7,22
Pde4b,6,6,14,24,17,20,15,14,27,25,28,34,29,11,17,28,33,21,22,25,11,32,44,32,20,16,19,38,31,17,34,15,13,16,12,29,32,22,29,8,17,17,34,23,28,30
Pde4c,17,8,14,32,11,19,15,13,14,16,31,17,20,18,20,17,20,26,24,9,6,38,22,8,9,16,17,24,23,28,11,12,16,8,7,21,13,14,16,4,29,7,21,13,17,9
Pde4d,9,2,6,13,6,3,7,11,15,6,11,7,7,13,13,20,10,23,12,3,0,16,3,5,6,15,3,9,9,17,4,8,3,5,9,13,5,6,5,9,9,4,11,3,7,8
Pde4dip,139,65,117,171,128,133,114,122,186,128,182,242,123,144,178,172,165,155,117,125,45,169,159,78,134,168,155,147,209,145,105,117,153,90,115,125,109,128,161,83,189,125,110,84,124,133
Pde5a,3,3,4,4,0,3,3,3,8,0,4,4,3,3,2,5,10,14,2,5,1,6,3,2,2,6,5,8,10,2,3,8,4,1,1,3,1,2,2,0,6,3,1,3,4,4
Pde6c,1,0,0,4,0,1,1,1,4,1,0,3,3,2,0,1,5,9,0,1,0,42,3,1,0,3,2,3,2,2,0,3,1,0,0,0,2,1,1,1,2,0,0,2,1,0
Pde6d,40,23,42,75,45,34,47,45,51,43,51,60,58,38,44,51,66,69,57,41,13,78,58,17,52,38,46,45,49,61,36,31,41,30,44,34,42,37,58,24,68,46,41,33,35,38
Pde6g,5,2,3,9,4,3,3,5,2,8,5,17,4,4,7,6,3,4,1,4,1,4,12,4,7,8,5,6,12,5,3,4,6,3,8,9,3,9,2,5,8,2,5,5,2,6
Pde7a,3,7,6,10,9,2,8,4,3,6,6,8,2,6,8,0,3,6,6,7,3,14,9,3,4,4,6,5,9,6,4,6,9,1,2,5,3,9,3,4,5,3,1,3,3,3
Pde9a,52,28,53,50,63,68,90,91,118,71,70,115,68,79,68,67,75,58,67,85,22,69,121,57,102,96,68,77,96,76,56,67,85,71,75,78,82,75,57,82,121,80,69,60,62,55
Pdf,178,98,168,276,192,200,209,225,294,181,232,303,194,203,245,238,266,276,165,184,103,354,274,160,204,210,191,225,259,273,199,167,203,110,183,158,177,181,206,116,257,202,182,145,166,168
Pdgfa,116,53,70,134,94,69,129,106,70,52,88,150,76,54,53,98,80,130,74,59,19,115,110,60,48,97,42,87,99,57,44,52,65,76,64,51,62,65,37,51,110,44,78,44,44,51
Pdgfb,10,10,4,14,5,7,9,11,7,10,10,9,15,7,3,7,12,12,6,3,2,24,6,7,10,14,6,2,16,5,20,4,6,12,1,8,5,7,4,6,10,6,7,7,3,9
Pdgfc,5,5,9,17,14,2,7,8,6,7,12,9,8,4,12,14,9,17,8,7,3,14,12,5,13,16,6,9,9,8,14,9,8,5,9,4,4,11,8,7,18,7,7,5,2,10
Pdgfra,7,1,8,17,8,10,17,14,19,8,20,19,16,7,9,12,14,30,12,10,3,30,17,4,2,8,1,7,14,11,12,4,7,3,5,9,1,9,12,5,8,3,8,0,2,6
Pdgfrb,38,18,23,49,30,20,32,53,21,36,37,30,43,21,33,36,38,54,37,19,14,38,30,20,19,20,20,36,31,31,22,18,20,39,13,16,26,29,27,12,35,24,23,15,12,25
Pdgfrl,9,2,2,4,1,1,1,2,2,3,1,4,1,2,2,3,4,6,3,3,1,4,3,0,1,4,1,3,3,5,6,1,1,2,3,0,4,2,4,0,3,1,1,1,2,3
Pdha1,164,55,113,179,115,151,181,147,170,145,151,196,123,182,164,153,192,216,189,133,86,195,256,119,118,151,102,191,216,226,129,120,176,58,161,151,125,165,154,119,205,163,166,95,140,138
Pdhb,336,141,267,426,328,292,496,356,402,337,364,400,404,415,430,476,511,478,455,375,224,582,653,364,413,384,307,477,470,492,424,322,438,254,364,432,336,468,452,320,662,486,449,276,317,388
Pdhx,104,44,96,144,108,115,118,129,150,124,144,160,128,114,146,145,149,150,120,113,44,168,171,96,130,102,91,157,149,142,134,125,141,84,138,142,103,106,115,86,159,135,120,97,122,133
Pdia3,302,112,305,495,280,457,281,337,418,345,407,821,293,276,456,366,375,460,302,397,137,375,527,226,408,384,406,665,524,505,383,275,335,127,424,344,304,413,347,226,479,389,378,228,224,341
Pdia4,217,115,194,334,226,206,261,208,413,246,357,617,155,180,310,301,249,244,214,222,86,136,235,158,197,151,336,389,164,298,232,219,202,149,253,135,133,234,178,117,200,195,181,138,215,215
Pdia5,397,214,577,566,538,646,483,447,819,381,615,730,312,342,410,552,464,364,391,438,147,359,391,189,445,477,540,358,505,581,255,223,323,238,400,241,286,326,380,222,552,351,378,299,261,305
Pdia6,1419,556,1261,1901,1662,1593,1403,1381,2221,1289,1745,2790,1106,906,1647,1728,1767,2173,1419,1495,669,1247,1511,808,1567,1259,1698,2011,1442,1798,1873,1120,1446,1006,1456,881,1199,1341,1319,852,2319,1406,1282,1074,1183,1102
Pdik1l,11,0,5,6,3,3,6,3,3,3,3,8,6,7,5,6,7,3,3,7,2,7,5,3,6,2,9,3,3,3,4,0,5,2,3,6,3,4,5,0,2,2,3,0,4,4
Pdilt,49,25,21,38,25,39,44,51,22,35,73,48,33,39,50,61,57,12,59,48,23,20,73,20,43,42,43,55,22,50,62,36,52,24,45,21,24,54,63,31,60,53,34,34,34,34
Pdk1,31,19,38,43,35,38,53,53,58,45,30,34,56,54,39,57,43,13,35,37,13,18,51,61,59,36,35,45,52,56,21,35,31,26,54,52,42,56,48,33,65,52,46,34,64,62
Pdk2,149,71,156,311,100,111,245,220,202,178,201,189,220,220,222,211,178,170,164,122,45,249,234,160,196,218,159,213,349,257,129,157,166,148,203,281,191,203,216,137,291,217,247,152,192,193
Pdk4,18,11,5,96,16,30,24,37,20,21,19,27,13,10,22,68,72,96,25,18,12,63,42,21,7,24,5,33,37,10,32,47,33,32,29,45,29,25,22,11,36,24,10,24,13,16
Pdlim1,129,61,131,221,266,151,201,219,280,192,163,303,166,195,160,207,268,317,140,154,60,211,283,176,212,243,178,230,306,202,183,125,161,116,161,197,180,195,168,143,306,190,155,162,154,190
Pdlim2,7,8,9,31,12,13,21,19,9,11,16,9,13,7,9,13,16,12,15,8,6,28,20,9,18,15,7,12,19,7,19,4,8,12,19,11,12,16,6,3,13,8,14,8,10,10
Pdlim4,9,3,7,16,21,11,21,27,17,15,15,18,14,4,13,11,15,23,17,14,7,29,10,6,11,15,12,8,11,15,25,5,7,12,8,8,4,19,8,6,27,10,10,11,5,15
Pdlim5,47,14,28,65,42,35,26,23,50,43,41,63,36,24,60,48,46,32,49,31,20,59,59,27,28,38,31,51,52,38,39,30,32,17,31,29,32,40,39,16,35,33,32,24,30,29
Pdlim7,29,9,19,35,30,22,47,40,28,15,34,38,27,22,38,33,45,79,30,21,8,39,41,17,24,32,24,22,27,31,36,20,20,21,22,29,16,27,19,18,51,26,23,21,21,31
Pdp2,45,19,17,56,12,35,34,21,31,29,43,30,23,19,30,72,45,26,36,36,11,16,35,32,18,36,15,41,30,41,15,24,23,18,26,14,11,28,37,12,30,27,14,18,31,16
Pdpk1,59,26,36,63,21,40,50,46,60,55,75,50,53,46,55,68,62,71,48,58,15,75,61,30,46,58,58,54,57,64,39,32,37,22,30,31,44,33,47,23,57,46,28,26,39,43
Pdrg1,104,67,135,141,87,115,151,130,114,76,131,161,108,90,102,144,145,160,101,87,28,88,154,77,113,108,110,143,142,149,148,90,84,80,129,104,92,122,116,73,135,108,125,93,108,120
Pds5a,18,8,5,26,21,8,11,10,8,15,19,16,16,7,8,21,2,18,14,12,8,13,7,6,9,10,10,7,9,3,8,7,11,5,6,7,5,11,7,5,5,5,6,7,3,1
Pds5b,8,5,5,6,10,8,9,8,13,4,7,11,8,6,14,8,10,10,15,6,3,7,12,3,7,5,4,10,15,8,4,5,8,2,6,5,6,6,7,2,3,10,5,5,6,4
Pdss1,5,4,10,13,9,12,17,4,5,9,6,18,15,6,13,1,11,19,9,7,0,14,9,2,11,7,6,7,9,13,9,6,8,6,4,5,7,9,6,11,8,10,3,7,10,8
Pdss2,11,3,16,22,18,16,16,15,20,20,24,28,13,14,22,19,17,15,18,10,7,15,20,15,15,9,11,17,11,14,17,15,13,14,19,12,15,16,8,13,24,16,11,11,19,12
Pdxdc1,227,122,241,331,228,248,303,234,333,238,345,331,230,205,254,246,287,377,244,219,68,312,259,161,239,216,250,236,307,250,202,170,221,173,256,234,165,233,252,144,327,235,214,190,205,202
Pdxk,374,202,370,565,399,376,435,487,520,432,530,544,416,401,433,653,523,328,446,394,183,383,428,284,467,526,490,445,501,585,451,319,451,373,521,365,316,478,556,247,762,510,417,382,463,380
Pdxp,18,9,21,19,15,8,21,26,20,9,19,57,15,23,32,33,24,6,22,38,4,5,31,35,24,25,22,25,43,24,14,31,41,30,18,18,17,25,22,20,16,22,34,23,51,20
Pdzd11,68,29,81,76,59,67,103,99,133,90,69,175,81,100,97,71,81,113,71,77,27,82,104,73,93,72,90,103,97,113,66,58,75,63,85,90,69,101,92,61,140,107,76,56,78,64
Pdzd4,1,0,0,3,0,2,6,1,2,2,2,3,1,1,1,0,4,2,1,1,1,2,2,1,1,0,0,0,5,0,0,0,1,2,1,1,5,1,1,0,2,0,0,2,2,2
Pdzd8,10,6,5,16,2,1,7,7,14,16,15,16,13,11,10,18,10,13,14,7,2,11,12,7,13,19,13,15,13,20,4,15,12,4,10,15,15,11,18,7,16,11,15,7,10,9
Pdzk1,325,132,208,305,217,243,283,307,341,310,336,367,276,233,367,431,400,307,325,304,102,267,380,176,262,260,260,312,342,279,251,223,240,220,284,294,227,322,284,176,304,273,281,213,235,250
Pdzk1ip1,101,61,72,184,194,110,297,224,137,83,88,75,120,86,72,89,64,40,78,93,19,30,223,115,141,132,69,95,179,114,62,55,92,130,125,167,117,199,76,118,152,77,179,97,121,197
Pdzrn3,3,1,8,15,14,6,6,8,12,8,8,16,7,7,11,14,11,4,3,6,2,3,9,6,5,6,1,8,1,10,8,6,11,4,8,9,4,11,5,5,4,7,4,11,7,11
Pea15a,68,38,42,102,77,72,99,112,75,56,101,102,70,38,77,101,87,120,66,56,32,132,96,34,71,81,73,80,114,92,115,49,60,75,43,70,66,71,69,42,95,56,72,50,55,83
Peak1,9,3,2,13,7,8,6,7,15,4,10,15,4,10,4,11,13,16,9,7,4,4,12,5,7,15,8,8,9,8,7,6,4,4,10,8,5,11,5,3,10,6,6,4,7,10
Pear1,23,8,27,35,21,24,29,21,34,30,39,32,34,25,32,36,30,43,28,15,9,57,38,16,20,25,17,23,24,36,18,10,21,19,32,28,17,31,21,12,38,22,16,19,14,23
Pebp1,386,208,355,466,395,425,658,419,375,325,434,420,494,427,514,462,606,622,426,568,251,478,623,435,450,476,372,567,534,614,531,359,568,374,544,626,445,489,616,311,773,434,554,565,447,439
Pecam1,37,16,36,59,48,32,56,55,60,35,64,55,50,42,64,53,41,67,68,46,15,66,56,34,45,46,55,48,75,47,63,23,41,33,32,33,32,47,39,27,55,38,32,31,35,54
Pecr,747,363,529,1010,374,733,869,508,1135,729,619,895,937,985,974,845,708,584,778,853,215,747,1250,769,962,1032,618,1136,1356,1237,575,751,828,629,963,984,612,1043,1041,789,1328,1337,1001,588,864,925
Pef1,179,63,141,297,201,194,265,254,312,233,261,295,219,183,256,262,299,372,256,219,53,327,253,148,265,192,210,273,330,237,266,177,200,197,233,203,203,277,247,173,329,274,234,160,244,229
Peg10,7,2,4,1,8,2,2,2,4,5,5,8,3,2,1,7,8,1,3,3,3,1,5,0,0,3,0,4,1,1,2,2,2,2,1,1,1,2,1,2,1,2,0,0,0,3
Peg13,10,18,20,23,17,13,24,15,19,9,17,28,19,21,15,14,22,14,16,23,7,31,19,3,10,12,9,9,18,16,14,9,11,8,15,8,5,14,10,8,13,8,12,9,7,10
Peg3,4,0,5,1,2,2,1,1,7,0,7,7,0,1,3,8,6,4,1,1,1,6,3,0,1,4,2,3,0,0,0,3,3,2,4,1,1,5,1,0,0,0,0,2,0,0
Peli1,63,30,66,101,53,52,78,43,75,63,78,72,65,64,68,94,87,60,80,55,24,75,84,33,56,47,48,55,92,70,53,49,61,25,48,77,66,46,46,37,92,66,62,37,48,47
Peli2,75,27,56,87,56,67,77,55,94,80,89,85,74,85,69,84,86,85,69,62,43,113,93,50,76,79,59,69,93,96,51,52,56,52,77,73,63,56,83,46,114,64,64,61,70,54
Pelo,139,98,164,172,137,161,190,156,178,108,203,272,169,157,171,162,170,233,114,154,62,183,201,128,135,137,150,145,149,158,146,127,143,103,123,110,126,160,162,71,194,140,138,116,109,138
Pelp1,86,41,58,132,81,88,85,100,120,69,102,134,84,78,80,107,92,90,76,80,32,93,77,67,82,92,82,97,107,86,108,53,72,79,83,64,66,90,82,56,104,84,87,65,63,69
Pemt,1762,955,1440,2627,1264,1480,2105,1897,2536,1984,1931,2376,1762,1650,2160,2017,2172,1885,2057,1948,625,2630,2206,1333,1908,1850,1849,1930,2909,2309,1433,1392,1986,1598,1910,1787,1713,2016,1917,1081,2250,1746,1914,1601,1594,1838
Peo1,99,43,105,131,80,99,78,93,118,95,132,162,89,102,112,147,184,118,84,90,60,138,93,64,104,110,91,108,121,95,73,72,122,77,100,86,84,90,92,54,138,75,101,85,84,68
Pepd,244,137,213,369,290,282,297,290,389,257,345,341,311,260,309,334,357,364,236,282,134,329,353,230,320,296,217,297,339,348,358,246,292,243,322,295,227,268,335,209,473,317,272,250,253,252
Per1,52,32,47,98,33,19,32,27,131,53,81,39,44,41,69,62,48,118,24,15,7,87,20,24,19,41,39,25,50,31,21,30,33,27,24,18,31,25,37,37,59,51,32,20,29,32
Per2,67,58,90,100,72,103,89,94,108,65,97,210,80,50,99,52,74,73,81,74,25,75,101,77,71,57,75,54,96,65,58,60,86,47,59,38,54,77,77,43,80,68,50,55,73,49
Per3,83,23,48,119,90,58,108,79,118,106,105,68,59,59,74,91,120,92,80,92,49,107,79,46,110,68,74,86,118,116,41,52,126,46,57,83,79,71,60,41,102,77,64,74,58,72
Perp,553,300,630,844,644,744,776,775,899,745,870,899,856,768,827,819,868,1154,696,656,342,959,1055,686,813,745,666,810,858,883,645,666,929,565,883,967,646,785,957,560,1256,970,871,678,784,758
Pes1,64,42,59,111,80,54,81,68,107,74,85,127,93,63,74,114,120,199,58,87,36,178,77,42,98,79,65,106,103,83,99,42,58,48,75,83,50,86,69,54,120,83,87,55,49,51
Pet100,173,80,172,271,110,172,236,184,210,146,260,226,179,188,218,185,209,152,164,181,55,178,224,138,216,191,157,201,223,190,158,143,212,164,196,204,158,157,219,120,263,189,197,173,175,157
Pet117,13,8,9,4,11,8,6,8,1,4,9,8,4,5,8,7,1,13,4,7,3,6,6,4,1,3,5,5,1,4,5,4,3,6,7,1,1,0,2,1,4,0,2,1,0,1
Pex1,104,37,88,147,75,95,113,101,127,80,112,134,111,94,123,116,149,130,91,91,41,142,164,90,97,107,77,130,111,109,96,95,108,82,102,110,70,92,102,82,154,107,104,85,86,77
Pex10,20,18,29,44,18,20,34,14,36,30,23,46,50,22,34,35,32,30,27,19,7,32,33,26,38,30,29,35,42,32,34,28,30,32,27,31,36,34,34,17,38,30,32,21,30,18
Pex11a,374,193,307,409,163,352,317,220,125,205,425,170,352,293,339,455,483,633,309,209,154,472,391,178,162,149,124,305,181,216,417,293,266,288,296,288,189,248,182,109,237,180,229,166,150,166
Pex11b,147,62,135,214,139,153,169,197,209,156,176,199,185,186,185,208,184,212,158,171,70,205,216,145,176,180,157,187,226,228,158,109,158,112,164,155,157,154,183,106,268,188,173,134,175,176
Pex11g,246,94,191,297,178,263,292,286,284,208,287,268,229,188,256,322,299,401,195,236,95,330,337,188,290,254,234,315,432,341,256,193,264,223,194,237,245,272,305,181,355,287,268,207,274,233
Pex12,22,7,16,23,19,25,27,20,35,13,34,29,31,17,24,22,20,30,18,20,6,35,36,12,21,19,16,33,30,24,21,10,19,9,19,16,19,19,22,16,22,16,28,17,20,26
Pex13,2,0,1,7,3,1,2,1,3,5,2,4,6,4,7,3,3,1,5,3,2,7,3,2,0,3,4,6,6,4,3,0,4,0,6,1,2,2,1,2,4,1,4,1,0,1
Pex14,238,147,185,377,194,265,225,240,253,235,320,281,327,287,285,415,389,323,262,247,117,335,327,199,275,246,234,250,361,316,250,211,277,196,290,263,230,279,308,162,434,258,270,237,250,258
Pex16,454,211,434,633,252,492,541,491,513,495,633,464,550,471,638,661,620,460,522,484,159,469,649,406,578,635,414,565,798,788,542,449,619,481,741,452,561,627,636,490,884,719,755,527,681,609
Pex19,33,13,23,48,12,25,27,25,34,26,32,24,38,30,42,49,37,34,32,30,8,29,27,11,26,28,26,46,41,32,31,21,26,19,30,18,25,34,22,14,33,34,23,18,20,27
Pex2,96,34,86,142,113,99,117,121,190,152,111,212,130,139,145,145,126,156,126,140,59,162,182,100,132,124,134,156,205,199,111,98,138,49,133,108,109,131,137,91,161,133,147,96,112,172
Pex26,221,75,215,261,159,210,264,124,186,148,329,253,186,140,191,257,205,124,142,191,54,175,159,112,148,145,178,170,206,299,86,115,159,79,156,143,124,115,180,77,144,131,200,166,227,150
Pex3,50,26,45,79,48,55,54,59,71,58,61,70,57,58,79,74,66,73,48,64,23,83,80,40,66,69,45,69,86,70,48,52,82,33,81,64,52,64,68,49,72,73,86,51,51,72
Pex5,129,76,115,136,77,96,177,109,121,148,166,146,115,133,186,139,118,113,149,153,56,87,150,98,124,115,123,149,163,138,90,113,153,91,121,112,111,135,116,93,168,128,107,84,112,108
Pex6,346,152,281,381,186,274,368,260,255,340,346,357,293,322,314,468,386,238,321,249,90,228,355,184,291,280,246,345,349,322,261,211,302,262,311,292,153,269,330,183,411,315,286,207,227,222
Pex7,277,124,184,367,220,236,266,216,356,281,283,330,328,276,333,343,336,315,266,210,138,409,346,185,247,280,211,283,406,343,220,198,291,132,269,251,241,238,261,128,345,253,274,191,266,242
Pf4,18,18,24,45,27,26,35,48,28,18,33,41,22,14,27,52,35,43,36,19,11,51,33,18,27,35,25,25,42,35,43,25,25,25,21,36,22,31,25,18,33,26,29,12,23,33
Pfas,8,2,10,12,10,8,5,9,13,13,19,16,12,10,7,8,10,17,8,11,3,11,10,3,9,8,10,5,6,11,7,13,7,3,5,9,14,9,9,3,7,7,10,10,12,8
Pfdn1,264,147,281,367,226,296,360,265,347,242,316,343,266,248,294,321,305,389,340,241,107,389,385,200,284,312,288,307,361,346,264,180,312,271,302,264,230,312,339,171,449,262,305,208,268,248
Pfdn2,215,136,207,342,163,187,252,266,228,212,288,335,224,203,255,255,250,208,167,190,71,245,208,195,242,179,207,224,285,203,177,168,222,213,239,181,182,198,241,153,298,242,191,215,173,201
Pfdn4,1,4,3,8,4,5,5,5,5,3,5,4,4,4,2,5,4,4,4,6,0,12,3,2,4,2,2,6,3,2,8,0,4,4,6,1,5,3,1,2,1,4,3,2,2,4
Pfdn5,1024,532,973,1246,862,943,1159,1077,1328,1100,1435,1348,1169,929,1206,1216,1350,1608,1041,962,452,1600,1197,689,1084,1032,1037,997,1401,1166,1049,710,1088,787,1052,918,898,1034,1069,665,1382,1030,1014,852,976,936
Pfdn6,438,262,477,673,418,520,610,654,611,545,702,801,558,490,586,619,608,767,552,529,186,680,684,345,587,485,549,613,593,529,479,392,471,369,539,491,333,490,541,384,670,551,475,395,427,394
Pfkfb1,88,23,69,113,110,111,152,142,196,111,117,155,129,129,132,120,105,80,94,76,36,58,217,88,146,141,109,123,137,135,89,88,146,109,152,149,130,174,152,106,179,133,191,112,94,124
Pfkfb2,23,22,25,59,43,27,34,28,56,38,46,55,39,47,51,32,41,61,31,31,14,60,51,16,38,34,33,26,39,33,34,18,38,13,27,30,27,25,21,12,46,29,27,23,23,21
Pfkfb3,24,28,24,43,38,5,86,32,41,28,30,49,34,13,45,9,25,28,24,26,14,18,43,23,46,27,44,27,18,66,68,23,29,28,17,11,21,34,47,14,33,21,34,10,28,26
Pfkfb4,7,3,10,18,10,6,11,7,16,5,20,19,6,3,11,16,13,14,9,8,3,17,8,3,12,3,10,10,5,6,20,5,7,13,11,4,12,7,4,8,10,7,6,4,2,3
Pfkl,94,41,57,104,56,79,102,68,92,68,94,101,82,73,100,68,117,98,93,69,22,76,86,49,58,86,80,100,126,105,67,54,72,49,76,65,67,80,79,33,102,77,95,49,63,77
Pfkm,31,27,34,39,10,17,33,44,48,31,44,37,29,24,39,36,45,33,31,28,6,35,40,15,25,20,31,37,34,17,36,24,20,29,33,29,32,29,30,17,40,36,33,20,25,27
Pfn1,282,126,207,412,188,200,302,326,332,299,397,439,260,229,334,309,228,487,245,263,63,366,279,199,211,177,309,242,295,254,336,218,216,289,289,191,219,267,247,166,291,325,275,167,273,337
Pfn2,6,4,3,6,7,3,4,10,5,10,6,13,4,2,4,6,7,10,6,3,4,8,7,3,3,5,8,12,3,3,10,3,4,3,5,6,6,4,3,2,15,2,3,2,3,6
Pgam1,5,3,6,6,9,9,13,5,10,6,5,8,5,8,9,3,8,9,7,8,2,12,8,1,6,5,5,9,12,10,10,5,6,4,12,5,8,3,8,3,10,7,10,5,2,9
Pgam5,69,33,48,82,67,45,73,52,67,44,77,103,57,62,63,60,73,90,60,51,19,94,73,39,59,57,61,81,84,70,48,44,57,37,67,44,45,69,54,38,56,53,45,45,45,54
Pgap1,10,0,6,2,6,7,10,5,5,4,7,7,8,6,2,5,5,7,12,11,1,4,4,2,4,3,7,1,13,10,0,1,4,2,2,2,2,1,5,1,7,2,0,3,3,1
Pgap2,50,35,48,86,85,66,76,92,82,76,81,103,66,46,68,56,57,101,59,74,19,83,72,60,71,52,77,75,99,79,89,50,73,59,76,44,54,57,62,40,97,90,67,47,55,66
Pgap3,8,2,6,12,4,3,9,10,7,8,6,11,7,7,10,16,13,22,16,8,3,8,11,5,9,4,9,6,12,6,10,3,4,8,8,7,5,6,8,9,15,4,13,11,8,8
Pgd,197,95,159,260,237,161,380,305,264,161,217,212,195,170,187,223,197,608,189,213,86,308,450,276,280,256,197,221,316,246,656,170,277,341,207,333,232,348,198,260,388,269,344,202,216,264
Pggt1b,8,1,9,7,4,11,7,6,6,8,6,12,11,8,4,14,11,10,4,5,6,13,11,7,10,6,11,8,10,11,7,5,12,7,6,6,12,5,8,3,6,6,9,4,7,6
Pgk1,34,9,21,38,14,32,16,26,40,39,36,41,23,32,32,33,38,38,35,23,5,54,37,14,26,27,34,31,37,31,21,20,32,34,31,41,18,29,23,14,44,35,20,16,34,26
Pgls,510,166,325,495,293,385,431,373,504,412,497,529,476,411,488,529,490,581,442,392,150,594,494,295,391,392,380,438,604,479,367,263,360,341,481,422,376,424,492,293,601,472,417,335,434,420
Pglyrp1,1,0,1,3,6,1,1,9,3,0,4,2,1,2,2,1,3,7,4,0,3,2,2,0,2,1,5,1,4,1,4,2,0,3,1,0,2,1,1,0,3,3,0,0,1,2
Pglyrp2,299,130,224,393,468,302,410,360,593,249,358,580,228,310,320,419,458,422,305,363,164,481,482,235,405,401,346,346,568,322,433,241,251,272,308,267,357,366,222,274,537,367,306,215,267,303
Pgm1,12,7,13,22,14,7,20,21,22,9,8,33,12,12,17,11,6,64,11,13,6,41,25,4,11,19,10,10,11,10,17,7,12,9,8,12,8,12,8,6,19,6,6,7,6,15
Pgm2,663,365,669,1084,619,900,825,930,1263,766,812,1105,618,783,1097,873,1034,907,639,590,347,991,969,795,855,844,772,1011,1447,1279,825,721,782,680,821,683,715,1009,773,462,1025,876,990,650,992,1242
Pgm2l1,10,4,5,22,10,9,16,9,12,7,11,11,14,15,12,14,15,12,10,9,5,22,11,1,9,13,6,14,18,13,10,9,9,5,13,6,12,9,2,4,17,3,6,1,4,9
Pgm3,4,0,1,3,3,2,2,1,4,3,6,5,3,1,7,7,3,10,1,3,3,5,2,1,3,4,3,3,4,3,5,6,3,5,1,2,5,2,2,3,2,3,3,0,4,1
Pgp,232,143,222,248,159,200,246,159,264,147,256,371,206,239,226,262,224,168,135,153,89,165,332,216,229,245,176,236,225,201,163,200,168,183,261,153,210,241,230,147,274,230,222,204,198,214
Pgpep1,61,25,48,90,38,61,66,52,106,66,77,65,45,69,77,71,62,52,55,54,12,54,58,54,66,91,77,64,111,96,49,56,68,59,75,48,47,63,77,49,89,53,61,56,59,44
Pgrmc1,891,389,625,1225,662,951,902,1014,1188,1203,1211,1245,1124,1246,1370,1486,1350,1086,901,1014,459,1409,1463,801,1048,958,963,1460,1564,1291,1241,854,1109,535,1216,1234,1043,971,1274,782,1421,1365,1180,658,957,1218
Pgrmc2,55,30,44,82,59,59,62,45,88,57,75,99,71,69,78,90,100,77,63,66,35,100,117,79,76,62,60,73,99,80,55,83,90,61,102,145,53,60,87,65,125,67,94,68,75,82
Pgs1,56,21,58,70,64,41,80,99,77,60,65,76,66,47,58,62,57,70,47,51,27,75,68,48,69,62,62,45,69,55,58,41,58,47,63,68,51,59,57,46,59,51,54,48,59,60
Phactr2,0,1,0,3,0,3,4,2,3,3,2,7,5,4,6,1,4,9,3,1,0,3,3,1,0,2,1,3,6,3,1,2,2,0,1,1,0,0,2,2,1,1,1,1,0,2
Phactr4,141,76,132,216,113,131,131,143,215,127,187,134,195,149,183,201,222,195,155,128,42,265,138,107,159,184,139,146,207,160,153,100,147,101,151,123,124,120,148,80,196,158,142,117,121,120
Phax,133,89,124,211,130,175,180,134,214,115,221,196,179,148,148,214,210,177,144,121,62,217,171,111,161,181,152,148,169,189,163,113,155,119,158,117,125,121,149,84,214,132,125,133,100,129
Phb,262,125,214,350,186,237,315,260,262,250,323,263,278,263,292,278,324,336,261,214,120,399,320,210,303,275,209,271,365,334,338,223,270,215,291,292,253,266,309,209,350,286,287,243,275,252
Phb2,1224,634,1096,1630,911,1300,1304,1216,1476,1180,1525,1404,1441,1304,1513,1558,1716,1901,1222,1160,529,1941,1588,847,1229,1322,1143,1353,1974,1599,1174,899,1243,870,1425,1226,1019,1255,1231,834,1627,1335,1354,1017,1141,1217
Phc1,10,8,4,12,14,15,11,10,8,17,13,4,10,6,9,10,16,17,4,3,5,20,8,6,5,17,9,8,4,10,4,5,4,4,6,11,8,5,12,3,8,6,6,6,5,6
Phc2,133,72,139,194,98,146,150,170,165,142,173,199,135,119,156,177,175,213,153,128,37,238,162,80,111,87,136,132,176,108,251,87,108,134,124,121,104,135,152,76,149,119,126,99,119,111
Phc3,47,30,44,57,47,46,43,40,47,35,48,54,39,40,54,39,58,44,43,35,21,45,57,29,39,45,42,32,57,42,31,33,40,21,31,17,29,38,39,23,42,20,36,29,36,31
Phf1,27,18,33,51,33,26,52,48,28,28,47,44,38,36,41,51,45,33,52,33,5,60,38,19,23,26,27,38,35,39,28,24,25,28,27,19,17,35,23,16,42,27,38,23,19,25
Phf10,92,66,103,151,75,91,118,74,105,68,136,85,80,74,94,171,138,112,76,94,48,124,110,61,80,87,85,88,93,87,76,73,92,55,77,89,65,66,73,46,136,87,86,81,58,57
Phf11a,1,0,2,8,1,4,6,6,1,2,5,2,2,1,2,2,5,1,6,3,1,7,2,2,4,2,5,1,0,5,24,1,2,4,2,0,3,6,2,3,2,5,1,1,1,2
Phf11b,11,3,9,18,9,14,17,16,4,9,16,9,10,1,9,7,14,15,12,4,4,10,9,5,9,7,12,2,7,15,88,5,9,9,4,6,8,6,7,3,11,10,5,3,8,6
Phf11c,49,26,39,71,32,50,52,46,53,47,71,75,45,66,55,58,52,63,31,41,13,74,40,34,42,51,43,39,56,38,49,34,54,41,56,40,34,35,53,27,68,55,43,21,31,33
Phf12,61,35,59,101,57,83,111,68,97,68,100,129,96,81,115,72,95,123,74,69,24,123,75,44,79,79,71,98,88,87,55,46,98,48,56,52,61,58,69,28,100,46,56,54,56,62
Phf13,31,16,18,66,21,18,26,19,16,12,35,21,24,19,27,43,33,43,16,22,6,49,14,8,23,30,20,32,21,30,27,12,21,14,15,21,20,12,17,11,39,24,23,18,13,17
Phf14,53,24,36,52,49,46,40,47,52,37,51,49,56,53,44,75,76,72,52,46,20,94,58,33,37,27,31,49,48,55,31,32,33,22,39,31,35,28,37,21,60,37,27,30,23,34
Phf19,5,0,6,8,1,7,1,5,3,4,5,4,5,2,4,5,7,2,8,0,2,3,7,2,3,3,1,2,7,6,11,3,1,3,5,4,8,5,4,2,8,3,5,5,4,5
Phf2,80,43,85,129,62,92,115,67,131,71,107,106,83,87,74,114,113,85,98,53,30,102,85,65,66,74,89,69,96,76,68,53,68,60,76,71,74,76,76,41,124,71,60,57,79,80
Phf20,5,0,3,11,5,0,7,7,14,3,7,9,6,2,4,2,8,7,6,3,1,7,8,4,6,2,5,2,7,2,8,6,5,0,3,9,2,5,1,0,5,4,5,7,1,11
Phf20l1,0,0,2,2,1,2,2,4,6,4,7,1,6,5,4,4,1,6,1,2,2,5,4,1,6,3,3,4,3,4,1,4,5,0,1,0,6,1,1,3,4,3,0,2,0,4
Phf21a,22,7,24,34,24,29,24,22,30,25,33,38,27,29,32,32,32,22,26,25,15,30,21,23,22,38,19,24,22,21,16,22,18,11,19,29,15,16,15,21,29,20,12,19,20,21
Phf23,144,92,144,255,156,135,176,131,204,155,172,187,185,128,174,137,151,205,127,113,54,213,170,100,169,132,155,118,159,214,144,77,129,72,131,95,90,126,146,87,209,138,126,90,107,108
Phf3,82,38,57,115,40,56,59,66,65,60,93,55,57,62,71,103,88,84,67,51,20,104,69,45,72,59,59,67,65,67,49,32,60,34,44,70,45,48,53,37,85,45,60,40,37,41
Phf5a,154,97,167,230,173,191,209,195,254,141,236,265,203,188,211,234,232,276,179,184,64,315,286,131,196,194,180,188,211,198,176,146,193,128,215,145,168,179,178,137,254,171,182,157,153,148
Phf6,3,1,2,1,3,1,0,4,4,3,3,9,1,6,3,2,7,4,2,2,0,3,4,1,3,0,0,3,1,4,4,1,3,0,2,1,1,4,4,2,1,3,3,4,2,0
Phf7,28,2,14,32,14,14,25,14,22,30,22,17,25,32,28,34,30,39,25,16,8,35,20,15,13,15,22,24,38,34,12,7,17,14,23,14,15,19,18,9,17,22,20,11,24,18
Phf8,26,21,31,31,36,22,39,27,33,33,36,39,39,24,34,31,33,27,21,19,18,45,31,29,31,20,22,32,23,45,25,18,22,14,20,22,20,17,30,9,32,34,25,17,30,35
Phgdh,6,1,1,7,0,1,0,1,0,2,1,0,2,0,0,3,15,5,2,0,0,2,0,0,0,1,2,1,1,0,1,0,1,0,2,1,0,0,1,0,1,1,0,1,0,1
Phka1,14,10,15,16,24,16,20,19,22,5,21,24,18,15,25,22,21,24,14,19,10,41,35,11,18,23,18,18,16,19,13,18,20,15,19,20,9,14,23,16,39,23,18,8,19,23
Phka2,85,34,75,144,63,61,100,82,114,95,113,93,93,83,115,122,121,158,89,63,24,137,102,74,89,81,85,93,126,91,79,72,78,72,77,77,65,95,88,78,117,106,106,67,88,74
Phkb,28,10,38,49,43,22,42,34,41,29,35,40,33,33,42,29,50,57,25,27,19,38,49,47,43,42,34,27,54,44,45,38,39,23,35,47,34,38,36,26,41,44,44,24,36,34
Phkg2,86,45,71,128,65,99,73,92,120,85,107,126,83,98,83,125,94,80,107,74,26,115,91,47,77,81,76,72,94,79,88,62,78,64,88,85,75,83,83,35,100,65,75,57,78,61
Phlda1,1200,290,710,923,576,619,1231,455,826,546,991,870,530,581,606,568,607,297,1131,640,382,218,2006,452,2382,562,1208,582,604,612,284,288,1477,586,958,505,305,1279,531,260,1537,357,579,261,664,325
Phlda2,2,3,2,10,8,0,9,8,10,4,9,9,3,1,1,3,1,4,6,3,1,3,9,2,7,3,2,4,1,0,1,0,6,3,1,3,6,4,3,4,12,6,1,3,5,1
Phlda3,3,7,5,5,7,7,7,11,6,1,7,2,7,1,3,4,4,86,4,4,2,14,8,2,5,3,4,6,8,8,18,2,7,13,5,9,4,5,5,1,7,3,5,5,3,7
Phldb1,34,12,26,41,28,28,50,46,30,22,53,30,42,32,33,48,37,47,47,38,10,46,50,14,29,24,21,41,42,21,36,29,37,26,31,20,35,40,40,18,41,29,30,11,19,28
Phldb2,27,16,30,43,40,37,27,34,47,40,42,52,31,34,44,51,47,61,37,39,13,64,41,25,28,35,17,49,46,47,42,23,41,16,44,27,19,28,34,17,44,33,31,25,25,25
Phldb3,44,21,44,72,34,25,64,58,57,53,56,46,44,51,35,49,49,50,49,35,16,43,77,37,58,49,47,58,76,50,43,35,52,39,47,49,30,45,51,30,77,33,42,22,41,31
Phlpp1,53,24,37,82,32,51,46,49,83,55,74,64,50,59,73,71,68,60,61,30,17,88,69,33,56,45,39,49,65,56,38,40,38,29,62,49,49,54,47,30,86,61,57,48,34,42
Phlpp2,8,4,12,23,18,7,11,18,21,11,15,13,16,12,12,17,15,17,20,19,6,23,16,10,5,9,12,12,18,12,15,10,9,6,11,12,10,18,6,11,10,16,6,13,3,7
Phospho1,3,1,1,6,3,2,5,2,6,4,6,6,4,4,4,4,9,8,5,3,2,8,11,3,6,1,4,8,1,4,15,14,9,5,11,7,5,5,11,4,11,10,7,9,3,6
Phospho2,62,32,65,90,67,71,90,74,111,63,87,126,100,88,80,64,74,82,60,69,42,92,103,54,81,57,65,68,92,96,57,52,60,31,67,52,59,57,84,51,85,82,64,53,57,89
Phpt1,123,54,109,163,96,132,172,120,168,99,131,115,151,122,133,167,177,197,113,108,48,212,181,84,130,142,115,136,179,144,120,77,137,78,134,163,133,140,156,79,188,126,129,111,115,108
Phrf1,64,49,56,93,64,60,90,64,83,63,108,147,89,61,91,75,79,76,62,68,30,101,86,58,77,69,73,50,101,105,59,36,70,51,49,45,79,78,68,33,91,69,73,41,52,82
Phtf1,17,6,12,20,22,21,26,16,25,13,19,23,18,18,17,21,17,21,15,16,10,27,34,22,20,28,24,12,36,24,17,14,17,15,23,22,18,21,19,9,29,18,29,15,22,24
Phtf2,7,2,2,11,2,1,9,2,4,6,5,7,1,2,4,1,3,4,7,6,0,5,4,0,4,9,1,5,2,9,4,1,3,2,3,2,1,2,5,4,8,5,9,8,5,4
Phxr4,2,4,10,11,7,6,9,15,8,9,12,9,8,6,5,8,10,14,4,4,1,10,7,5,7,8,6,5,11,10,9,6,6,3,4,5,6,9,7,0,4,2,4,4,6,4
Phyh,5746,2456,4686,8448,3358,5852,6165,4988,5864,6384,7719,6959,6146,6001,7408,8344,6620,5505,6583,5702,2584,8122,8170,4111,6539,5956,5180,7694,8442,7467,3905,4495,6113,3135,5961,4883,4451,5598,6029,3746,8672,6900,5257,3594,4859,5214
Phyhd1,522,184,492,641,333,538,558,392,768,482,574,559,568,466,528,679,696,494,505,461,165,524,653,402,615,555,434,554,825,544,401,357,554,442,603,534,419,484,589,320,867,537,566,449,432,465
Phykpl,47,26,62,65,46,45,48,42,61,50,54,62,65,31,46,60,57,93,33,40,26,95,49,32,49,54,40,35,75,53,29,30,56,30,43,41,31,40,46,27,51,36,45,24,36,37
Pi4k2a,281,156,281,352,350,309,349,364,430,312,420,475,337,283,344,424,436,377,292,275,126,400,403,256,436,352,401,379,451,404,390,273,395,290,354,348,328,333,393,246,593,384,347,272,321,279
Pi4k2b,57,13,47,58,61,46,70,65,72,48,61,77,47,44,57,80,44,89,58,37,19,92,87,37,41,44,31,62,55,52,48,48,37,20,53,36,29,44,42,28,64,49,63,30,39,44
Pi4ka,119,62,118,185,77,101,120,90,148,102,202,155,141,116,130,159,159,160,128,82,49,257,128,73,94,113,89,80,118,108,95,78,94,83,112,111,69,103,96,64,136,86,110,82,98,123
Pi4kb,6,9,10,17,9,13,13,9,12,11,12,17,10,12,13,18,9,11,17,9,7,12,16,8,7,5,16,12,15,9,9,6,17,11,7,11,9,10,13,8,17,18,15,8,7,9
Pianp,1,1,1,4,3,1,2,9,1,0,3,3,2,0,1,2,5,5,3,4,2,9,1,6,1,1,1,0,6,6,0,1,2,2,3,1,4,0,5,1,2,1,0,0,1,3
Pias1,17,9,9,29,21,18,25,26,41,18,26,26,21,20,24,29,40,38,15,14,14,37,19,12,28,23,24,26,30,17,26,7,20,18,22,21,17,18,16,9,29,20,17,15,10,15
Pias2,10,3,7,5,7,4,7,3,10,4,16,10,6,11,8,8,9,8,5,7,3,12,10,7,7,6,6,4,13,10,7,3,6,2,4,5,7,8,9,3,7,8,6,2,5,5
Pias3,29,22,39,48,23,30,41,37,46,33,46,49,35,35,46,36,49,49,33,39,14,42,34,32,35,33,32,29,51,28,27,18,26,24,37,32,39,24,32,20,54,30,31,24,33,31
Pias4,91,33,48,99,39,65,72,54,49,57,83,81,48,36,57,82,74,71,69,46,15,59,66,42,35,68,47,67,61,80,49,38,41,52,53,30,29,49,41,26,69,39,36,33,44,19
Pibf1,5,6,5,12,11,8,6,12,6,5,10,12,8,2,11,2,14,11,8,1,2,16,9,5,10,5,1,10,13,7,9,8,3,3,7,3,4,9,7,5,6,10,5,5,7,8
Picalm,88,35,65,129,71,67,97,82,92,91,85,119,92,105,128,113,100,149,109,63,38,160,128,54,85,79,59,123,120,99,102,61,83,25,70,73,86,82,75,49,84,69,77,57,59,81
Pick1,43,43,53,97,51,52,61,69,78,55,86,84,74,42,68,78,78,75,56,59,13,90,69,45,64,45,62,68,60,74,60,59,53,51,40,65,85,56,69,50,94,75,42,57,56,57
Pid1,130,56,156,185,177,176,137,140,448,187,179,314,204,152,226,220,247,179,201,200,81,235,219,148,184,185,219,246,211,229,175,157,231,81,224,193,149,169,184,110,242,222,224,141,170,178
Piezo1,18,15,18,19,13,16,17,43,16,19,22,13,37,15,16,17,34,31,13,23,3,24,12,11,19,18,16,22,22,11,28,17,19,13,15,16,14,17,12,9,24,13,11,8,11,14
Piezo2,7,6,7,6,3,7,5,3,3,9,10,7,6,7,10,6,11,4,4,3,4,5,5,2,7,3,4,2,3,3,2,3,3,3,3,3,2,4,5,4,5,3,1,3,6,3
Piga,0,0,2,0,2,3,2,2,6,4,2,8,1,2,5,0,2,2,3,3,0,2,1,0,2,4,5,3,1,3,2,2,4,1,0,0,0,0,1,2,5,3,2,1,4,2
Pigc,10,2,3,1,5,3,6,2,5,3,2,4,4,3,0,11,5,6,7,4,2,4,7,3,2,4,2,5,3,7,5,2,1,0,1,5,1,0,2,1,3,3,2,3,6,0
Pigf,23,21,40,57,26,27,35,44,59,26,42,60,32,39,36,59,36,61,47,36,11,58,53,22,33,30,38,24,24,34,23,24,25,18,45,25,30,27,20,22,46,31,33,10,25,24
Pigg,2,2,4,9,3,1,2,6,1,4,3,5,7,3,2,8,3,1,4,1,1,5,4,2,1,4,5,3,7,2,3,5,5,1,3,1,3,0,0,1,2,4,0,5,2,2
Pigh,9,5,17,21,25,15,22,16,32,7,17,25,16,11,19,14,22,34,12,20,6,25,17,13,19,16,14,13,19,19,16,6,18,9,18,13,10,18,11,14,32,11,17,15,19,8
Pigk,57,30,49,104,46,45,75,71,60,60,75,90,75,52,63,73,66,65,53,55,17,73,89,54,66,66,59,63,63,81,81,65,50,48,81,76,57,68,63,43,109,54,66,50,68,61
Pigl,12,5,9,9,10,1,15,5,8,7,9,12,9,6,8,7,10,19,6,7,2,13,8,6,8,9,5,9,7,11,8,5,5,4,10,8,8,5,4,4,9,8,9,5,5,4
Pigm,10,7,9,13,9,6,7,4,9,7,7,7,4,8,3,12,10,14,12,6,3,9,6,1,7,6,7,5,8,6,5,8,4,3,6,3,2,8,5,3,11,4,4,8,3,1
Pign,11,2,12,11,3,3,9,5,7,8,11,9,9,9,6,9,8,12,8,8,2,9,18,4,8,6,6,9,10,11,8,9,11,2,6,2,2,8,3,3,4,7,9,10,5,5
Pigo,39,17,59,70,44,55,79,49,49,56,76,90,21,52,55,72,53,73,51,55,9,63,56,23,56,52,38,46,62,39,47,36,37,32,48,25,33,48,25,17,48,42,37,35,43,36
Pigp,144,74,128,287,138,145,186,179,210,158,205,232,183,137,183,256,282,223,225,145,89,287,185,125,137,155,129,195,240,207,147,122,179,118,157,206,170,176,187,92,220,149,184,147,170,165
Pigq,156,75,116,150,144,165,180,143,210,117,205,183,140,130,153,152,186,227,125,130,70,195,181,106,145,164,139,159,185,197,141,120,164,99,150,148,115,152,176,95,227,156,139,131,142,123
Pigr,4067,2231,4351,5715,3879,4550,4249,3432,6919,3640,5929,5491,3978,4286,4383,4650,4111,2869,3755,4004,1467,5076,4340,3389,4151,4284,5194,4533,6201,6261,3252,2965,4060,2533,3586,3528,2556,2817,3774,2436,5390,3761,4005,2822,3286,3537
Pigs,99,45,76,132,110,101,103,100,134,90,112,137,107,86,106,141,136,135,109,131,39,119,119,75,136,117,89,108,100,134,105,45,102,58,108,85,87,91,105,70,173,108,91,68,99,95
Pigt,49,11,36,65,26,33,51,27,56,46,45,63,34,35,30,79,43,57,36,40,13,31,53,23,34,44,44,51,54,38,48,36,37,21,57,44,36,31,55,38,73,54,30,33,45,24
Pigu,26,23,38,58,30,51,45,33,49,48,41,67,42,37,30,38,64,52,52,40,13,47,49,24,40,41,39,42,39,45,46,25,36,32,42,31,18,32,35,17,63,36,35,24,36,37
Pigv,26,18,23,36,24,16,36,28,26,26,32,32,33,21,31,33,34,50,35,21,6,42,31,30,41,23,24,35,39,24,24,15,28,25,26,24,23,17,15,17,36,19,44,23,24,19
Pigw,5,2,9,13,1,6,1,3,13,7,7,9,11,3,3,7,7,12,7,6,1,8,4,4,11,4,5,9,4,5,3,4,6,1,2,7,9,1,6,1,2,4,3,7,5,5
Pigx,54,50,72,120,84,82,81,105,158,107,95,97,101,95,113,163,129,113,83,80,31,162,121,57,85,136,79,80,123,150,54,61,77,48,96,98,100,119,97,71,112,107,95,54,85,116
Pigyl,255,113,190,293,180,192,212,221,288,258,285,312,249,259,269,318,298,306,289,239,84,322,318,154,253,258,239,309,321,293,185,176,249,190,255,218,201,247,294,159,321,249,271,187,250,198
Pih1d1,276,89,175,279,214,238,225,235,313,259,335,307,244,214,267,323,321,295,236,235,92,341,248,164,210,210,186,220,329,256,234,173,242,173,221,159,163,246,195,108,269,198,226,152,194,170
Pik3ap1,9,4,4,15,15,3,3,8,9,10,15,8,13,8,5,6,8,12,3,7,3,17,7,5,10,6,6,7,10,3,13,2,3,2,5,6,3,5,5,4,8,4,5,2,2,8
Pik3c2a,34,20,38,68,56,50,50,53,65,43,60,79,58,61,54,58,63,101,49,43,22,96,64,34,37,56,44,67,66,59,39,35,47,19,51,55,43,51,22,35,53,63,40,43,35,39
Pik3c2b,6,1,3,2,2,4,8,3,4,9,2,3,2,3,2,4,2,0,0,2,1,0,6,2,4,5,7,3,4,7,4,0,6,2,1,3,2,5,2,3,4,4,5,4,1,8
Pik3c3,54,28,43,101,70,70,85,53,108,60,91,55,73,64,81,108,106,112,65,56,31,115,86,52,77,72,65,84,95,98,63,50,63,50,85,73,48,63,73,47,106,68,87,65,60,70
Pik3cb,21,9,21,52,29,22,28,31,26,36,34,34,29,44,28,37,34,38,32,23,15,63,32,26,33,31,29,32,56,33,41,19,26,20,30,24,25,23,38,17,51,39,30,29,32,34
Pik3cd,11,9,13,26,11,13,32,30,12,10,28,25,10,5,14,28,12,22,12,14,5,18,16,5,21,1,14,11,21,18,56,4,6,16,7,16,10,11,7,4,15,18,8,7,6,5
Pik3cg,1,1,1,2,3,5,0,1,1,0,4,2,1,1,4,2,3,2,1,1,0,3,1,1,6,4,1,2,1,1,4,0,2,0,3,2,0,2,1,1,2,2,1,1,0,3
Pik3ip1,8,6,2,11,7,3,4,2,4,10,11,7,3,5,4,12,6,16,7,3,4,10,6,2,3,4,1,9,5,8,6,4,6,7,2,2,5,2,3,3,8,5,9,2,3,2
Pik3r1,27,19,37,28,32,31,50,39,47,31,50,56,38,32,45,20,32,30,46,39,13,35,50,27,35,33,49,21,31,33,18,20,18,20,23,10,14,29,27,12,18,21,18,12,16,19
Pik3r2,93,59,108,146,78,90,109,93,131,94,136,116,82,96,102,127,114,135,117,94,28,145,98,74,97,89,118,113,104,77,88,77,77,93,119,90,69,103,100,48,138,92,82,57,78,83
Pik3r3,2,1,1,2,5,6,1,8,4,9,5,7,5,6,3,8,4,7,10,9,2,1,10,3,11,3,10,4,5,5,3,4,6,4,8,3,6,3,7,6,5,7,5,1,4,8
Pik3r4,81,27,60,117,70,66,92,79,114,87,120,112,84,83,93,87,81,114,69,71,26,94,86,70,87,83,70,86,126,80,80,57,71,46,74,63,71,73,73,56,102,81,69,43,68,68
Pik3r5,7,2,4,8,9,8,8,12,8,2,11,6,7,1,14,3,8,14,5,7,5,15,4,6,17,5,14,2,8,3,23,3,8,7,3,2,3,3,3,4,3,5,4,2,1,4
Pik3r6,5,2,5,7,2,6,6,10,4,3,6,4,4,6,6,6,4,10,0,3,2,1,4,2,5,3,2,2,2,8,12,3,4,4,1,4,4,7,2,1,5,3,4,1,6,2
Pikfyve,3,1,5,9,7,9,4,7,4,7,10,9,7,3,8,12,7,6,4,1,6,4,4,6,3,5,7,6,2,6,6,6,5,4,13,2,3,8,8,2,10,3,4,1,2,4
Pilra,5,4,9,22,18,13,8,13,6,9,7,10,7,3,6,12,9,15,8,6,1,16,12,6,14,6,13,4,6,8,22,3,5,7,4,3,6,4,4,8,5,6,9,2,6,10
Pilrb1,7,1,11,15,17,10,21,21,11,10,18,17,3,6,16,5,13,6,5,11,8,13,14,7,24,10,12,6,5,20,25,6,9,12,9,10,8,9,6,9,13,11,10,15,4,11
Pilrb2,4,6,8,8,11,13,10,20,11,5,13,10,4,4,13,3,8,12,8,6,3,11,15,8,17,12,10,7,7,12,13,3,8,6,4,7,11,3,8,3,9,13,11,6,3,3
Pim1,39,22,30,35,61,46,42,32,52,27,68,32,21,17,17,53,53,24,50,27,15,35,21,9,19,18,34,31,14,23,71,26,33,21,26,29,20,17,17,11,36,10,28,21,16,20
Pim2,14,14,13,25,13,16,23,18,27,21,14,43,19,11,20,29,19,12,18,15,5,21,16,7,18,13,21,20,19,14,13,10,14,10,11,9,11,12,24,7,16,12,14,12,14,9
Pim3,172,95,194,347,164,332,193,115,687,215,347,292,250,221,228,489,441,400,247,171,85,392,255,196,236,277,112,274,232,184,131,255,232,179,276,276,136,256,252,210,575,248,401,242,197,256
Pin4,119,63,114,151,78,107,148,148,140,102,166,187,128,137,153,181,138,183,131,124,37,151,157,86,139,118,112,140,162,124,141,95,102,90,108,135,97,132,154,104,170,146,165,87,121,125
Pink1,1023,445,806,1351,591,927,1071,908,1172,982,1308,1122,1044,917,1135,1429,1437,1480,1009,943,318,1784,1080,700,949,974,822,1018,1373,1062,1000,839,1061,736,1076,1074,949,1076,1042,626,1328,978,1102,829,892,938
Pinx1,45,29,35,35,49,18,47,51,42,26,45,83,39,33,42,26,42,51,25,42,30,45,48,30,27,26,37,31,34,45,40,21,48,28,25,16,27,36,35,16,28,29,32,22,29,29
Pip4k2a,19,12,13,36,15,25,28,20,16,15,38,28,23,15,14,17,30,38,19,19,9,30,33,10,16,22,30,15,25,26,27,7,11,17,13,12,11,27,14,7,18,13,23,7,13,12
Pip4k2b,80,20,60,102,49,54,101,46,76,55,85,135,48,42,62,73,77,57,67,53,20,42,80,42,69,41,66,72,90,54,49,40,54,45,60,50,49,47,39,29,67,56,51,32,58,42
Pip4k2c,110,56,84,148,86,116,126,76,100,108,144,117,106,83,109,128,122,180,90,83,49,161,133,66,109,102,81,102,124,136,96,88,97,76,98,92,94,84,88,58,133,96,98,64,105,79
Pip5k1a,29,22,26,54,36,29,33,26,39,24,45,50,41,39,38,35,51,36,25,20,12,42,41,24,28,38,32,32,32,47,29,19,41,18,26,30,26,24,32,15,42,26,33,23,28,30
Pip5k1c,99,43,87,135,66,73,111,91,139,116,122,146,107,102,124,104,96,111,95,72,25,117,83,61,83,96,106,102,114,81,96,46,92,75,104,67,61,95,93,49,134,91,96,70,92,77
Pipox,1328,654,1341,1778,978,1329,1419,1234,2093,1496,1606,1797,1662,1408,1694,1746,1596,941,1486,1455,523,961,1601,1002,1406,1480,1275,1509,2054,1602,713,934,1303,850,1344,1117,1075,1214,1450,793,1903,1367,1234,949,1139,1308
Pir,102,60,94,166,79,65,125,110,89,114,126,110,107,121,114,194,188,287,117,112,49,330,139,79,76,96,52,97,176,132,191,66,79,76,100,77,127,114,89,56,97,80,89,57,77,83
Pirb,40,25,42,112,65,46,63,85,69,26,99,89,49,38,59,71,76,76,33,35,30,81,49,28,76,33,82,43,49,55,206,29,30,72,20,29,39,48,21,20,35,45,40,36,22,48
Pisd,157,92,155,281,151,182,195,170,200,164,252,309,191,157,229,235,264,280,200,154,77,308,245,122,174,187,166,197,233,210,187,141,214,168,203,220,162,180,221,131,293,184,202,145,169,148
Pisd-ps1,229,128,211,371,198,204,221,242,273,229,347,375,188,166,263,318,237,238,254,172,63,258,250,156,167,206,209,199,212,162,159,189,215,202,322,246,175,199,218,121,273,190,173,115,138,171
Pithd1,91,45,77,125,82,105,91,93,104,79,103,119,102,70,96,185,142,107,87,103,43,157,136,64,84,121,59,80,133,130,65,68,99,59,114,96,79,96,106,50,177,90,95,64,90,105
Pitpna,44,27,55,79,57,48,69,73,63,43,80,66,59,49,65,71,98,133,79,38,18,104,59,32,73,53,53,63,54,77,61,53,68,42,60,47,60,58,56,31,80,59,56,54,47,49
Pitpnb,345,173,308,549,266,327,339,390,402,308,416,474,395,331,435,439,406,403,338,328,112,491,360,231,336,326,366,378,430,341,292,321,317,255,381,303,262,363,365,247,479,343,352,272,307,318
Pitpnc1,26,6,10,23,18,19,26,16,18,41,15,30,19,26,18,36,25,19,27,18,8,33,36,18,20,27,29,28,26,15,10,10,16,4,14,10,9,15,21,9,22,23,20,9,12,12
Pitpnm1,41,19,36,78,18,25,51,59,37,31,67,34,38,30,43,59,55,66,30,23,4,64,37,14,35,33,24,37,23,36,70,36,43,32,29,33,26,23,40,15,26,32,29,31,11,23
Pitpnm2,92,41,54,93,36,69,67,61,100,66,127,87,90,75,76,117,102,69,104,52,13,92,78,37,56,77,73,78,96,77,42,40,52,50,59,29,37,71,62,32,76,48,45,45,39,32
Pitrm1,88,50,81,110,74,84,131,101,138,96,124,109,90,88,97,124,132,192,86,82,53,195,121,56,97,86,84,124,167,145,108,78,92,62,91,81,80,96,95,50,121,86,102,53,96,88
Piwil2,1,0,1,0,2,0,0,0,7,0,1,4,1,0,0,2,2,1,0,2,1,6,0,0,1,0,0,1,0,0,1,1,0,0,1,0,0,0,3,0,1,0,1,0,2,0
Pja1,169,84,161,302,161,204,217,184,207,189,256,213,190,178,213,239,252,197,217,201,104,166,270,165,252,242,182,246,243,287,192,174,223,151,201,222,237,203,219,138,342,252,219,189,199,194
Pja2,22,22,20,27,23,27,20,32,35,29,27,51,26,13,29,32,33,35,35,36,11,52,40,11,21,27,21,52,44,41,31,29,27,16,26,29,23,37,31,20,31,20,27,27,20,26
Pkd1,100,46,67,140,64,54,104,82,78,69,106,118,90,74,78,82,78,114,67,71,24,123,70,42,79,74,64,67,99,69,55,52,68,45,86,66,62,71,64,46,91,54,79,57,72,71
Pkd2,59,29,49,73,50,66,78,54,56,48,69,83,60,46,58,50,67,71,45,40,27,95,55,36,63,38,30,66,61,55,36,47,34,27,39,41,37,51,43,27,60,41,38,27,28,44
Pkdcc,211,155,320,381,318,256,363,352,278,255,400,398,241,268,333,236,268,195,222,251,97,245,252,184,262,191,273,236,295,302,241,112,197,191,193,103,103,201,159,122,272,184,211,122,191,259
Pkhd1,16,6,9,22,11,9,9,10,18,15,19,12,14,13,9,8,13,10,15,10,4,4,19,5,9,9,6,13,10,14,6,7,7,12,13,9,11,13,4,7,20,6,13,12,7,4
Pkig,134,54,102,167,180,137,158,181,220,139,156,161,167,139,169,160,180,310,135,130,69,271,217,105,178,148,139,158,227,157,179,96,110,108,141,126,145,192,163,101,196,167,145,112,166,136
Pklr,493,366,465,766,584,366,1380,982,624,524,481,475,843,778,668,463,575,176,492,643,190,149,1511,898,728,873,528,642,516,758,424,763,1031,869,669,1184,498,922,848,846,1023,1012,830,776,727,986
Pkm,56,32,61,130,63,68,108,91,82,65,95,114,66,58,95,76,90,158,67,66,39,142,77,38,76,67,76,76,93,78,453,46,52,87,41,64,57,78,88,43,66,57,86,52,52,57
Pkmyt1,12,2,6,17,23,5,22,22,11,5,15,13,6,2,8,11,11,54,12,8,5,34,14,5,9,12,15,12,23,11,27,12,10,19,5,6,16,10,9,1,8,4,16,6,9,11
Pkn1,127,54,99,164,64,78,123,89,105,93,148,127,99,83,87,170,144,118,124,92,21,183,104,61,93,83,103,90,95,101,113,56,89,75,80,75,47,101,84,61,125,81,84,79,99,83
Pkn2,7,6,10,29,8,7,13,12,14,11,17,14,12,15,11,13,11,14,18,6,5,24,20,9,15,15,7,14,24,13,7,11,17,4,17,9,21,10,6,16,15,13,10,5,10,10
Pkn3,1,1,7,8,3,3,10,7,1,5,9,7,6,6,2,14,5,7,4,5,2,6,3,5,2,2,7,7,7,7,7,7,4,1,7,1,4,3,3,8,6,3,7,1,4,3
Pknox1,113,66,90,114,105,106,82,101,114,82,123,180,75,62,92,152,144,120,98,86,40,106,117,76,97,81,85,104,110,103,93,51,91,79,73,71,58,76,94,67,110,83,81,54,73,58
Pkp2,122,52,113,171,163,131,190,164,215,138,201,206,122,124,143,181,188,232,206,130,61,252,195,92,143,141,132,181,180,192,145,113,164,85,119,121,102,134,155,108,213,113,120,81,100,110
Pkp3,9,4,11,13,9,6,4,9,4,6,17,10,8,6,5,3,6,7,2,3,5,14,5,6,12,8,9,8,9,7,19,2,8,8,5,5,2,11,3,5,8,7,2,2,4,3
Pkp4,284,143,197,260,215,243,238,198,326,259,322,279,242,236,289,341,376,448,267,279,117,504,268,163,185,293,227,281,289,311,229,200,264,148,243,244,210,252,284,143,371,231,203,169,227,219
Pla1a,243,126,215,385,423,247,292,321,584,292,316,358,324,261,327,354,329,322,245,263,127,407,342,208,339,291,333,284,460,353,314,121,263,187,233,208,203,253,301,141,427,220,255,194,252,218
Pla2g12a,81,47,67,157,53,87,46,52,101,114,175,150,90,90,105,140,156,337,101,67,37,427,63,31,43,64,55,57,64,63,62,33,68,35,58,36,44,44,63,21,56,37,32,52,45,53
Pla2g12b,335,147,302,497,280,403,373,331,629,347,460,582,379,348,474,438,435,475,334,385,104,473,453,233,400,319,365,332,540,421,339,247,330,262,347,352,304,391,405,225,537,349,383,236,306,334
Pla2g15,53,42,103,106,133,83,110,128,127,87,114,124,90,86,90,89,85,99,89,84,33,116,129,82,106,114,104,90,127,114,114,80,97,97,101,97,88,104,79,70,148,95,115,108,91,70
Pla2g4a,0,2,2,3,4,2,3,3,1,1,1,8,0,1,1,1,3,0,3,0,0,3,1,1,3,0,3,3,1,2,4,2,1,0,0,0,0,1,1,0,1,1,0,0,1,1
Pla2g6,159,67,87,258,47,117,138,118,58,115,195,112,113,83,147,177,192,165,136,102,46,140,130,72,94,112,88,194,101,125,123,120,130,137,139,144,79,136,140,54,150,105,135,108,101,88
Pla2g7,5,4,13,36,19,5,27,33,28,11,39,37,24,16,24,13,17,47,8,9,10,69,21,7,9,8,11,4,15,9,109,5,11,13,8,9,8,9,2,3,12,9,9,9,8,6
Plac8,5,1,15,4,4,8,18,8,8,6,9,6,7,5,2,11,6,23,25,7,3,6,7,2,8,3,3,3,5,7,19,3,2,7,2,1,2,6,5,6,2,7,4,2,5,1
Plagl2,27,13,29,67,24,19,37,27,14,28,36,37,27,21,20,39,29,33,26,18,20,33,32,22,30,17,20,27,27,24,33,20,33,21,30,17,21,26,24,19,39,28,30,21,19,21
Plat,3,1,3,4,2,0,2,3,0,0,3,1,4,0,2,2,1,14,5,3,1,4,7,0,0,3,2,5,2,2,7,3,3,3,0,1,2,3,0,1,0,1,2,1,1,4
Plaur,1,1,3,7,4,4,4,5,2,3,7,0,5,0,2,3,3,26,2,2,0,12,3,3,4,0,3,4,8,3,17,3,2,5,2,4,7,1,1,1,5,0,0,1,0,1
Plbd1,174,86,188,373,252,218,283,305,258,203,291,227,207,198,256,242,295,227,192,204,128,260,292,137,255,218,212,223,208,310,421,156,219,144,214,207,155,213,241,95,345,277,267,207,171,198
Plbd2,236,138,256,355,256,276,267,239,369,206,393,373,215,186,260,349,339,320,275,219,50,432,249,158,238,250,245,256,242,225,207,138,206,147,227,171,139,181,178,115,279,195,212,172,140,165
Plcb1,12,3,1,11,8,9,13,5,7,7,4,13,9,8,8,9,6,6,9,5,4,14,9,10,11,6,9,7,10,9,5,8,8,1,8,4,6,3,7,2,4,11,8,4,2,3
Plcb2,4,2,5,15,2,5,13,10,4,5,10,8,5,6,4,7,4,9,4,3,3,7,10,5,8,2,4,4,6,4,15,6,6,4,3,6,3,5,2,2,3,2,4,5,0,5
Plcb3,66,19,37,59,31,40,43,48,50,48,56,67,43,39,40,58,50,70,47,36,15,50,45,33,28,36,43,63,60,36,44,28,29,30,33,34,21,46,43,16,56,27,37,16,35,38
Plcb4,3,2,4,5,6,9,7,3,3,6,8,7,10,4,5,8,6,5,3,2,2,7,7,5,3,4,9,6,7,6,4,4,2,4,1,3,4,5,5,2,3,7,2,4,2,5
Plcd1,8,1,9,1,3,4,7,4,2,3,4,9,6,6,3,6,11,16,4,4,5,11,2,5,9,7,4,1,8,3,13,3,2,8,6,4,6,4,8,4,9,3,3,5,9,2
Plcd3,7,2,3,8,3,1,8,1,7,3,1,4,10,3,1,9,2,1,3,3,0,5,11,1,2,13,6,5,5,7,2,7,7,4,8,3,3,7,4,1,9,0,4,3,2,3
Plce1,1,1,3,4,3,1,4,2,3,2,3,4,3,0,5,3,1,6,2,3,0,4,2,4,2,3,1,3,3,1,0,1,2,3,2,3,5,2,3,0,2,2,3,1,1,5
Plcg2,10,4,15,26,16,7,15,25,5,9,15,20,13,9,10,11,13,17,11,11,9,14,12,3,29,11,12,6,12,12,40,5,10,16,4,4,6,18,1,6,10,2,17,8,8,13
Plcl2,54,39,75,105,73,48,88,71,71,60,100,92,79,85,77,111,110,116,77,71,27,200,88,50,74,81,52,76,91,70,93,69,72,64,88,83,67,67,60,52,89,66,75,45,71,67
Plcxd1,11,10,6,13,5,4,13,7,11,4,14,6,10,19,14,21,15,6,9,6,9,9,17,15,1,13,9,7,10,5,6,5,9,10,8,8,3,10,8,2,15,10,10,9,12,11
Plcxd2,6,2,18,18,14,15,27,8,15,15,36,36,7,9,18,25,14,7,31,20,5,5,13,11,20,19,8,21,15,29,1,18,15,1,15,13,11,13,18,5,13,21,18,7,9,10
Pld1,5,3,7,12,17,13,7,12,26,13,12,20,10,7,19,7,13,8,8,8,5,18,12,4,5,10,4,10,9,15,8,9,12,2,11,6,4,11,2,5,6,10,10,5,2,6
Pld2,41,20,35,56,46,35,57,56,54,27,61,38,42,40,41,52,50,80,37,29,17,64,31,32,31,44,33,45,51,30,40,36,33,24,28,37,33,35,34,11,47,31,33,26,37,39
Pld3,127,59,97,183,92,84,136,116,172,102,146,207,109,77,145,145,145,202,123,90,36,230,122,70,113,86,105,112,121,108,120,90,94,99,92,94,70,112,105,61,130,102,118,63,73,65
Pld4,36,24,56,100,48,50,77,83,61,47,91,56,40,45,58,51,54,67,36,43,21,70,79,37,87,42,74,25,59,72,224,34,37,59,31,39,43,48,31,21,49,49,70,33,40,28
Pld6,0,0,2,3,5,1,5,4,1,1,4,4,4,2,3,1,2,3,8,3,1,2,2,0,4,4,3,1,3,2,3,4,2,1,3,3,5,0,1,4,0,3,1,2,3,6
Plec,257,154,210,386,250,264,321,245,409,250,376,369,273,221,270,368,303,452,274,256,88,442,282,170,279,307,240,228,277,326,245,150,295,181,234,194,192,259,289,195,357,272,221,226,234,197
Plek,1,0,1,4,4,2,6,2,4,1,2,1,3,0,1,2,1,3,3,1,0,1,4,1,6,1,3,4,2,3,14,0,2,0,1,2,1,3,3,1,1,3,3,0,2,0
Plek2,1,0,2,6,4,4,1,1,5,5,2,1,1,4,4,3,4,6,2,5,2,6,2,4,1,2,2,3,4,7,4,0,0,0,2,4,2,3,1,0,4,1,3,1,0,3
Plekha1,7,10,8,13,6,8,10,9,8,10,11,12,11,9,4,8,12,26,18,4,5,25,5,5,2,8,9,13,15,10,7,15,9,3,10,10,3,2,11,4,4,9,13,6,4,8
Plekha2,1,2,4,10,8,7,3,5,3,7,6,2,6,3,7,7,11,6,5,8,2,17,9,3,7,8,1,5,7,3,2,6,5,0,4,1,2,4,5,2,7,6,5,6,7,4
Plekha3,35,22,38,73,57,77,52,46,74,62,66,84,66,52,49,64,58,82,47,56,21,94,73,42,53,42,50,50,75,55,48,50,61,28,56,45,43,43,40,31,73,54,53,35,54,59
Plekha4,5,2,5,15,11,6,8,3,8,2,12,12,10,2,4,10,12,17,9,4,0,12,9,3,4,5,11,6,8,7,8,3,5,3,5,8,2,9,2,3,5,3,3,4,6,0
Plekha5,23,22,6,16,33,24,17,14,24,16,10,19,21,11,19,24,34,19,24,14,9,26,24,9,11,17,13,5,14,11,16,13,16,15,15,15,4,9,11,9,20,9,16,4,6,6
Plekha6,107,47,85,136,78,97,120,120,137,121,147,164,122,89,118,141,133,98,114,87,41,126,136,79,89,113,98,103,140,115,78,71,83,93,98,72,71,109,96,59,186,82,97,60,79,72
Plekha7,33,17,30,43,37,22,38,21,31,29,50,38,24,23,33,38,39,55,40,23,11,53,36,26,22,39,34,33,46,25,32,24,33,24,30,27,25,26,26,19,45,19,23,27,37,29
Plekha8,46,27,28,56,30,31,50,37,40,33,35,52,28,34,40,38,30,38,36,31,13,56,52,19,34,30,35,29,42,48,18,25,46,19,34,33,33,31,36,16,52,25,25,29,32,19
Plekhb1,253,87,171,278,98,173,135,141,155,122,227,158,166,197,202,235,235,94,178,136,71,144,218,137,132,191,113,204,149,168,265,155,220,114,200,184,115,185,177,72,293,143,175,129,157,188
Plekhb2,32,10,25,37,39,23,42,34,40,27,36,46,33,21,37,53,36,28,41,25,13,52,42,15,28,31,36,38,27,29,43,15,28,25,37,26,34,36,21,13,36,25,37,12,17,31
Plekhf1,80,48,59,123,65,81,62,74,94,71,92,93,75,73,82,108,95,92,71,52,22,129,76,27,68,52,64,86,76,71,42,59,65,66,54,48,37,62,47,52,136,57,51,34,49,50
Plekhf2,14,6,10,24,10,16,14,8,19,10,14,9,11,14,13,10,10,13,12,3,3,11,10,12,11,7,11,7,18,13,10,5,9,3,15,8,12,2,6,4,7,5,6,11,9,8
Plekhg2,28,13,23,34,38,20,31,45,32,27,36,34,35,34,20,43,40,52,21,25,13,50,36,14,34,29,28,15,37,26,40,23,25,27,19,27,22,28,29,12,28,14,20,21,26,27
Plekhg3,76,30,41,83,43,60,77,60,68,62,51,62,51,45,67,110,72,82,52,35,10,83,56,23,54,49,36,56,66,46,52,40,35,34,52,47,39,52,43,30,65,54,35,39,35,33
Plekhg5,44,19,42,70,22,13,42,32,48,27,43,33,45,32,39,53,62,65,37,23,9,72,21,16,19,30,27,29,68,31,20,26,25,11,29,25,15,25,23,25,52,14,23,15,23,23
Plekhg6,51,25,67,97,77,61,89,93,95,70,98,87,76,75,69,90,71,94,97,67,27,123,114,65,104,95,69,78,114,82,67,60,88,50,85,44,75,76,55,37,138,74,78,55,78,67
Plekhh1,2,0,2,0,4,1,0,3,1,0,3,1,3,0,0,0,3,8,1,0,0,2,2,1,2,3,1,4,1,4,1,0,1,0,1,0,0,0,2,0,4,0,1,0,2,0
Plekhh2,6,1,6,3,0,7,7,3,4,5,7,5,6,2,5,6,7,7,5,4,4,6,4,2,4,4,2,3,3,4,2,4,6,4,2,5,4,5,4,3,9,2,3,4,3,3
Plekhh3,69,35,68,84,31,64,96,59,42,61,84,120,75,70,72,56,66,80,92,51,15,82,90,48,83,66,67,63,88,75,59,63,74,67,72,71,39,71,62,40,85,55,70,61,72,58
Plekhj1,122,31,79,143,52,79,116,107,123,69,112,129,81,64,108,131,112,110,94,86,22,93,99,63,85,81,77,99,124,98,85,60,100,79,95,71,69,90,87,51,102,79,102,73,70,62
Plekhm1,73,41,47,93,83,57,87,79,72,60,92,62,60,62,83,100,79,92,55,44,29,104,80,43,61,54,53,55,78,55,106,42,71,45,64,61,48,84,58,40,92,64,72,58,44,46
Plekhm2,57,26,56,103,33,47,52,76,72,49,84,93,32,46,59,72,69,133,60,33,16,127,70,31,58,44,66,57,70,51,97,43,47,56,59,42,44,67,57,30,59,41,60,42,37,51
Plekhm3,0,0,3,6,7,1,5,10,3,4,7,5,3,2,6,2,4,9,0,1,0,2,2,2,5,1,4,5,5,4,8,2,3,3,2,0,2,1,5,2,2,5,3,1,3,1
Plekhn1,0,1,1,1,0,1,4,2,6,4,2,3,4,2,3,5,3,5,2,2,0,2,1,0,7,1,1,0,2,0,2,1,4,1,2,2,1,1,1,2,2,1,0,0,0,1
Plekho1,50,22,37,63,34,34,61,49,38,23,52,49,40,26,45,55,58,78,20,42,19,77,54,28,37,34,44,41,41,61,110,24,23,42,27,20,25,31,12,17,45,23,35,16,18,26
Plekhs1,2,1,4,7,3,2,1,2,1,3,3,2,3,1,2,3,1,5,1,2,1,3,10,2,4,3,0,3,3,4,5,1,2,1,1,0,0,1,1,4,3,0,1,0,1,5
Plet1,16,11,4,22,11,20,29,18,31,18,18,29,17,11,15,15,20,35,30,10,8,13,31,10,17,34,11,15,13,19,3,6,21,5,16,18,18,28,17,15,33,15,10,13,14,21
Plet1os,5,5,4,4,2,5,4,5,9,6,0,10,5,6,6,8,6,5,5,5,0,5,6,4,4,7,7,1,4,7,3,2,5,1,4,7,3,7,11,4,8,4,6,2,3,1
Plg,5007,2271,6363,8383,6193,6959,5981,5640,13670,5995,7967,10550,6927,5880,6249,7290,7568,3182,5550,6093,1987,5105,7863,4581,7435,7279,7212,6070,8911,7474,3902,3685,5932,4113,6654,5186,4516,5708,6184,3988,9163,6324,6084,4798,4675,4934
Plgrkt,18,17,35,59,48,29,52,36,38,23,46,36,39,28,37,37,40,45,25,39,17,42,52,29,51,37,33,41,44,38,48,19,39,18,17,25,33,35,32,10,40,16,33,21,34,25
Plin2,1292,695,1256,2191,674,1512,1091,1242,876,796,1668,687,1182,1277,2155,1317,1322,3659,996,990,439,1807,1398,845,874,909,738,1478,1310,1721,1447,1263,1273,1163,1444,1750,1013,1291,1365,783,1465,1307,1329,936,1049,901
Plin3,325,168,262,368,334,235,393,405,438,342,322,487,260,225,288,463,348,891,349,276,95,641,395,197,245,254,235,360,352,288,372,212,268,222,292,295,175,289,247,185,382,234,300,204,198,235
Plin4,73,39,76,82,10,51,31,26,14,32,198,31,96,67,86,119,116,82,84,32,34,115,43,15,19,21,12,60,15,21,62,54,66,45,70,18,28,31,37,14,47,24,35,35,29,25
Plin5,178,115,183,312,117,197,153,128,255,171,237,271,446,426,311,236,258,522,189,177,67,602,253,164,144,171,140,219,213,184,139,155,200,137,215,153,137,170,211,135,264,212,178,161,210,186
Plk1,1,2,1,3,8,1,6,24,2,1,6,4,0,0,6,4,2,26,0,1,5,7,4,3,3,2,2,2,10,4,16,2,4,8,7,8,7,4,4,1,1,2,5,4,3,5
Plk2,12,10,8,24,19,19,15,25,24,19,19,39,14,16,23,13,23,32,13,19,8,36,30,18,15,19,13,17,26,28,11,30,19,7,11,12,33,16,13,14,28,21,19,24,13,14
Plk3,180,43,115,376,150,228,169,129,399,129,332,170,121,115,95,805,380,261,401,135,106,333,208,90,131,150,129,310,176,124,229,136,203,211,134,237,129,271,223,121,434,161,196,135,110,90
Plk4,2,2,3,4,1,4,8,6,1,1,6,4,1,0,3,0,3,12,4,2,0,3,4,1,2,2,1,3,3,3,2,3,1,2,2,0,5,2,3,3,2,4,2,1,2,3
Plk5,11,5,15,25,14,7,21,9,12,18,19,21,16,18,11,26,20,11,20,6,3,9,25,13,23,15,11,10,14,15,4,11,2,13,23,14,13,13,18,13,17,10,12,11,12,16
Pllp,101,71,105,115,61,95,91,72,90,101,148,129,117,140,143,132,152,130,107,132,24,148,126,72,98,86,62,104,87,84,82,80,96,81,115,95,67,106,131,59,133,141,112,79,99,110
Plod1,220,107,180,263,172,215,255,263,307,239,296,399,242,192,247,316,241,249,224,201,82,298,323,167,250,204,223,253,242,248,284,196,213,209,214,246,116,224,222,164,346,218,251,182,214,196
Plod2,1,0,2,3,1,4,7,2,4,1,1,6,7,4,6,2,0,5,5,0,0,2,7,2,3,1,1,3,2,9,1,1,0,1,1,0,0,1,6,1,3,6,2,2,0,4
Plod3,110,56,130,183,121,118,164,135,164,116,218,212,120,142,142,151,140,148,115,98,42,127,120,94,114,105,145,122,124,124,109,86,99,94,100,96,114,124,101,65,170,110,137,61,110,104
Plp1,1,2,1,4,3,0,5,0,4,1,1,2,1,1,3,3,4,7,2,2,0,10,1,4,2,1,2,0,4,1,1,1,6,4,3,6,5,3,3,4,3,1,2,0,1,4
Plrg1,51,23,35,55,49,59,57,72,94,51,52,97,47,50,59,64,88,121,61,63,17,103,61,44,42,54,56,72,84,100,46,33,59,19,38,43,34,63,60,34,68,53,57,23,47,59
Pls1,5,2,2,4,6,4,11,15,11,1,5,4,3,2,1,2,2,10,10,3,2,3,4,2,3,3,1,1,6,2,3,1,0,2,1,5,1,5,0,4,4,0,0,2,0,2
Pls3,8,3,13,10,8,10,4,2,12,9,7,5,11,9,11,12,5,13,8,9,2,9,8,3,6,9,3,7,11,7,10,3,6,3,9,8,4,5,5,3,9,8,9,4,3,3
Plscr1,29,12,10,61,53,19,38,21,63,27,30,37,32,16,24,24,40,78,26,22,9,48,27,16,27,19,41,29,32,39,45,24,31,21,18,16,18,27,30,14,38,21,27,15,14,17
Plscr2,85,48,89,133,112,96,128,109,193,123,116,112,134,202,134,107,127,176,101,106,45,152,185,122,113,117,91,137,187,181,93,117,123,67,123,140,83,105,155,80,180,135,121,101,117,120
Plscr3,6,1,1,2,3,1,5,1,4,0,1,2,0,1,0,2,4,3,6,2,0,1,1,0,2,4,0,0,2,3,4,0,1,1,2,0,1,4,5,1,6,1,0,2,0,0
Plscr4,2,4,3,5,5,5,5,3,0,5,7,7,8,1,6,2,4,3,3,2,2,13,8,1,3,9,1,6,9,3,5,4,3,0,4,2,3,2,3,2,4,2,5,1,1,6
Pltp,248,157,211,316,124,343,582,476,162,171,241,249,367,293,341,200,111,120,170,240,73,122,557,364,246,227,203,435,720,388,278,641,503,504,675,1205,438,820,626,286,320,196,624,387,442,491
Plvap,169,109,186,332,221,174,274,278,201,200,350,258,281,186,253,269,294,220,206,150,106,328,244,134,247,183,184,184,291,216,295,133,170,171,135,203,177,172,173,90,258,185,209,148,122,157
Plxdc1,3,0,2,4,3,3,5,3,4,3,7,2,8,2,4,6,3,5,4,0,0,8,4,2,1,5,3,2,4,9,15,1,2,9,4,7,3,7,5,2,3,2,4,2,2,2
Plxna1,18,9,25,25,18,16,41,26,8,24,29,26,26,18,23,16,26,56,21,14,13,41,31,17,12,24,25,19,23,25,30,17,18,25,20,15,17,20,29,8,34,18,26,17,13,15
Plxna2,28,17,51,33,58,28,27,46,51,41,29,86,21,18,38,44,40,36,60,37,19,84,47,49,43,31,33,42,46,25,33,30,47,39,43,29,50,34,32,17,58,19,25,24,19,18
Plxna3,2,3,7,4,4,5,1,6,1,1,4,9,4,3,4,5,5,10,4,2,0,2,3,0,1,2,3,4,5,3,2,1,0,4,2,0,1,3,1,2,3,2,4,1,3,2
Plxna4,14,6,7,16,2,12,12,2,7,11,12,10,10,19,12,18,13,11,12,8,3,7,9,4,7,10,8,14,13,13,9,3,4,7,7,8,7,15,9,3,10,9,10,5,13,11
Plxnb1,105,55,105,132,137,77,125,107,234,98,130,209,99,98,121,109,98,114,81,94,29,110,116,64,122,129,136,76,175,98,58,54,75,83,64,56,93,85,57,55,129,76,84,57,100,82
Plxnb2,660,346,664,895,562,779,756,770,847,662,937,870,645,625,797,886,803,832,650,591,187,789,712,441,793,583,827,735,881,776,766,497,621,574,730,650,458,683,808,467,923,785,664,481,582,554
Plxnc1,11,11,13,17,12,22,37,18,21,22,18,16,18,18,19,25,15,25,22,10,8,21,12,20,19,18,14,13,15,24,18,9,14,7,11,13,7,24,11,7,9,18,14,7,12,13
Plxnd1,73,41,39,67,47,46,63,61,53,39,69,54,83,43,48,98,72,77,66,53,29,72,50,33,40,38,42,47,76,48,85,49,38,48,72,61,47,45,36,29,64,48,44,35,50,63
Pm20d1,263,135,202,404,223,241,313,361,495,331,319,376,265,331,350,373,332,237,236,246,100,261,499,252,356,322,271,289,573,408,265,267,278,165,289,332,263,326,266,210,405,313,410,133,276,366
Pm20d2,14,2,5,5,13,7,15,5,25,12,13,20,12,13,8,6,6,9,7,14,9,9,13,5,7,2,8,5,8,12,4,3,9,7,7,1,3,9,6,9,11,8,1,10,8,5
Pmaip1,1,0,0,0,1,0,4,2,0,2,3,3,2,0,2,2,2,2,1,1,2,1,1,0,1,1,1,0,1,2,6,1,0,0,0,1,0,1,0,0,1,1,1,0,0,3
Pmel,12,0,1,4,2,4,1,0,5,5,2,5,2,2,3,4,3,3,3,1,1,0,6,0,4,6,3,2,1,2,2,1,6,3,0,2,2,1,2,2,3,3,1,2,2,2
Pmepa1,5,0,3,8,4,1,6,8,4,3,10,7,4,4,7,6,7,7,9,3,2,9,8,3,10,4,1,4,7,5,5,7,5,5,7,4,6,5,3,2,8,7,7,7,0,3
Pmf1,79,41,95,186,61,81,201,139,153,104,109,102,94,126,122,86,129,151,97,93,24,171,188,87,96,130,120,107,185,149,118,82,106,101,127,119,117,147,118,56,135,108,137,88,88,134
Pml,30,12,18,34,25,29,32,23,36,17,33,28,21,15,24,34,20,28,25,16,11,34,27,13,22,22,21,24,25,33,47,17,32,20,25,17,15,23,7,14,28,19,23,13,19,17
Pmm1,53,18,56,59,25,60,47,30,17,39,87,45,28,47,58,72,66,289,52,56,28,122,64,45,28,29,27,82,59,73,85,54,61,34,90,50,34,49,73,33,105,56,62,37,53,49
Pmm2,139,68,126,149,86,111,177,150,141,133,137,198,134,109,154,144,109,137,100,133,39,133,142,82,120,164,110,139,154,117,122,86,125,92,125,108,98,125,124,93,179,132,100,107,110,119
Pmp22,6,6,4,18,7,13,16,16,11,15,14,11,17,12,7,10,9,18,16,4,3,29,8,6,10,13,6,16,19,15,8,10,13,6,3,13,11,12,18,6,14,10,13,1,7,13
Pmpca,168,67,132,221,116,144,178,153,181,149,159,226,164,157,158,235,185,260,156,143,58,272,173,97,170,138,131,166,195,191,169,114,135,125,155,134,114,160,167,85,188,138,150,97,120,139
Pmpcb,305,128,275,401,323,314,417,337,402,370,356,387,352,367,433,400,417,558,382,347,160,555,449,270,425,348,273,424,533,521,293,318,397,194,359,390,349,347,393,241,462,415,357,267,318,373
Pms1,4,8,7,12,3,8,10,4,3,12,14,11,10,6,5,11,2,3,6,4,0,14,8,2,3,5,4,6,4,7,3,5,6,6,2,2,4,5,4,4,2,5,11,3,2,3
Pms2,9,5,9,11,5,5,8,8,7,3,9,16,6,8,6,9,4,14,7,5,1,9,13,2,9,3,9,8,12,3,10,3,5,13,10,8,4,4,4,4,6,10,3,4,7,9
Pmvk,491,184,311,587,408,266,619,539,645,380,345,561,361,220,287,435,415,92,466,430,165,122,853,391,526,453,445,469,706,479,247,266,407,446,404,629,450,544,344,361,686,396,552,312,392,440
Pnisr,12,9,19,26,24,18,21,22,24,23,33,38,30,18,31,11,17,16,11,13,4,25,17,13,18,12,20,16,15,21,9,16,11,7,15,12,14,22,14,9,18,11,19,11,8,17
Pnkd,351,148,290,331,317,355,353,354,617,422,488,658,478,446,505,387,339,328,388,373,142,419,533,337,465,446,437,469,507,410,396,338,544,347,469,465,359,419,479,269,729,425,418,358,386,320
Pnkp,111,64,91,164,119,125,107,116,171,122,154,187,136,141,147,163,160,186,104,126,42,188,156,86,138,145,108,172,157,148,125,101,155,97,137,126,117,142,118,93,203,146,135,95,136,111
Pnldc1,18,6,12,25,8,25,16,14,10,9,26,8,17,21,29,24,30,20,14,12,4,14,26,13,15,16,3,17,25,27,32,34,29,20,37,45,15,25,22,13,25,20,35,19,25,17
Pnn,51,25,53,85,54,56,67,57,65,57,74,104,55,49,66,44,68,70,49,61,18,66,68,33,75,56,56,62,63,70,42,40,50,38,52,41,32,43,52,21,59,32,38,30,50,48
Pno1,117,48,96,133,89,120,121,113,163,135,139,181,127,107,128,110,136,242,103,133,46,234,174,108,119,106,87,168,145,151,123,92,142,57,141,109,112,121,117,83,146,139,118,82,113,107
Pnpla2,368,214,395,833,273,412,419,369,398,288,501,353,494,439,444,687,728,929,383,301,121,1041,417,243,396,356,296,375,469,434,407,287,366,246,371,364,301,397,393,249,532,335,400,294,365,344
Pnpla3,29,6,10,12,71,3,44,92,107,19,3,41,3,5,6,7,11,3,9,28,11,4,199,133,16,16,32,28,52,15,14,47,37,78,13,90,54,53,20,36,16,26,44,26,28,14
Pnpla5,0,1,2,0,15,0,17,18,13,0,0,1,3,1,2,0,0,0,1,2,2,0,37,12,13,3,7,3,5,4,2,7,4,25,8,22,19,24,3,16,3,7,17,2,15,6
Pnpla6,96,69,69,85,69,97,89,98,98,93,111,167,49,79,83,107,82,99,80,98,28,85,98,54,59,97,81,67,73,76,49,59,100,65,76,64,51,81,72,56,84,58,56,60,84,79
Pnpla7,485,208,305,686,606,468,883,793,556,496,579,775,503,444,585,604,560,1333,413,448,205,754,1130,407,746,656,495,702,611,754,667,589,614,552,652,727,576,825,644,526,1021,691,696,431,539,514
Pnpla8,6,0,0,6,5,6,11,2,8,5,8,4,6,5,8,7,4,4,7,3,1,6,9,6,7,4,7,7,8,10,4,1,3,2,5,5,6,3,5,2,6,8,4,3,3,2
Pnpo,590,274,476,731,468,667,545,494,865,502,807,749,529,469,553,717,785,520,572,581,217,490,622,392,534,627,558,633,654,618,518,460,533,427,640,426,441,468,649,338,841,491,440,408,476,495
Pnpt1,18,9,19,22,13,19,23,16,33,24,31,29,25,14,31,15,25,23,19,22,9,35,19,14,28,17,20,29,36,19,16,20,16,3,24,26,22,21,16,14,26,18,23,9,18,23
Pnrc1,417,148,239,633,406,607,315,358,948,479,525,723,376,282,386,789,638,590,446,348,125,782,394,213,299,502,454,555,529,344,503,344,306,316,391,406,290,357,392,252,599,456,330,275,231,298
Pnrc2,91,44,83,156,141,119,119,126,222,132,122,172,111,107,142,136,127,126,87,119,45,156,153,97,152,141,117,165,147,139,87,98,138,66,125,116,105,91,88,74,157,115,116,73,76,101
Poc1a,13,5,14,14,9,9,13,21,6,11,9,16,15,10,15,14,16,52,11,8,4,18,17,10,5,4,9,12,11,14,21,8,7,13,5,17,15,9,17,7,19,9,14,11,17,16
Poc1b,29,9,23,30,19,21,34,25,18,33,24,26,23,27,40,32,38,37,25,23,12,42,36,22,32,25,18,33,27,32,22,30,22,15,30,25,17,28,24,17,33,25,26,16,22,14
Poc5,16,11,13,18,15,9,17,11,8,8,16,13,17,15,9,14,14,19,19,16,7,13,21,7,17,6,10,13,28,20,13,17,8,7,22,8,13,16,9,9,14,13,20,8,11,12
Podn,13,6,6,11,20,5,13,15,8,5,15,13,11,1,3,11,19,14,12,8,4,17,11,6,10,12,9,12,13,10,7,9,6,11,4,8,4,13,7,3,14,9,8,5,15,6
Podxl,18,9,25,24,13,12,18,22,21,18,19,25,23,21,22,29,24,38,26,19,11,33,25,20,13,19,32,20,31,24,14,13,23,22,24,16,14,13,21,9,24,21,20,9,12,20
Pofut1,36,22,31,38,47,41,35,37,45,39,52,58,57,27,46,50,55,58,48,30,15,49,61,22,47,41,50,53,40,43,59,33,37,34,42,35,29,45,44,23,46,36,45,33,40,46
Pofut2,57,43,79,78,60,71,86,108,93,52,106,126,78,59,103,73,68,100,71,67,17,91,94,55,71,68,79,88,107,82,65,57,58,59,84,68,41,84,80,39,85,66,77,71,79,72
Pogk,4,3,2,8,5,4,2,3,4,1,6,3,6,3,5,3,5,6,8,2,1,7,6,5,1,3,7,4,0,5,4,6,4,3,3,0,2,2,4,2,5,3,1,2,4,0
Poglut1,27,11,25,22,23,16,22,28,45,26,32,34,26,18,25,26,39,53,23,24,11,30,16,12,17,26,17,42,26,40,22,16,11,19,20,12,29,16,22,23,33,21,24,10,15,17
Pola1,4,3,4,7,8,5,5,9,8,4,3,13,6,4,4,7,7,17,5,2,2,10,5,5,4,5,7,6,13,13,13,1,2,7,9,8,6,2,4,2,2,4,3,4,4,5
Pola2,31,11,27,50,33,39,52,35,31,22,50,39,34,20,31,46,43,51,25,26,11,56,43,28,37,35,26,32,41,32,36,18,45,29,40,23,33,28,28,14,35,21,40,28,27,25
Polb,81,56,90,116,87,121,107,101,136,90,115,151,95,92,103,125,102,136,108,76,35,91,138,79,119,102,93,94,118,123,115,87,110,78,87,121,75,71,130,82,172,129,97,63,88,74
Pold1,19,16,19,36,18,13,34,43,27,18,30,48,16,17,23,25,25,67,16,18,9,43,29,6,30,12,26,29,28,23,41,20,27,24,11,23,33,20,22,11,28,23,22,23,14,21
Pold2,76,24,52,63,38,47,54,70,62,51,74,97,59,31,57,79,76,67,64,55,26,72,80,52,51,37,51,79,83,66,60,51,66,62,64,66,34,59,56,40,79,48,71,49,56,40
Pold3,38,23,41,56,42,34,38,53,45,39,64,47,39,29,37,35,52,75,43,25,17,55,43,24,28,36,31,34,46,37,50,22,32,35,33,35,21,29,40,16,42,29,36,29,33,23
Poldip2,427,217,345,562,303,430,443,440,500,460,473,590,533,444,500,617,583,795,463,451,148,782,491,298,421,436,408,483,632,495,418,339,501,298,489,453,367,488,575,309,662,495,482,369,430,463
Poldip3,119,65,103,144,101,112,143,138,135,114,175,204,140,95,136,137,121,155,113,116,41,185,130,88,110,118,120,122,144,148,120,79,109,106,87,89,78,113,127,85,148,112,124,99,101,90
Pole,3,2,2,7,5,5,4,19,6,6,2,4,5,4,10,3,3,26,7,4,3,11,9,5,7,9,5,8,13,12,10,10,5,11,5,5,13,9,7,3,9,7,8,2,7,8
Pole2,1,2,0,2,0,1,3,1,1,1,1,2,0,4,0,1,2,6,2,1,0,5,1,0,0,0,0,4,2,0,3,0,0,0,0,1,1,1,1,0,1,1,1,2,1,3
Pole3,82,42,83,120,59,67,88,97,91,97,100,100,90,96,109,117,95,135,99,92,27,106,115,66,86,62,93,89,92,66,108,75,78,62,106,89,61,82,85,55,111,76,91,70,77,70
Pole4,21,18,35,44,33,30,50,30,73,48,50,69,45,59,55,50,64,63,32,40,18,69,64,28,48,45,53,47,57,50,38,36,42,31,49,41,38,38,35,17,48,38,39,31,36,28
Polg,80,43,69,114,69,76,106,96,101,62,129,121,104,90,103,153,126,130,87,105,25,122,83,68,84,59,97,115,143,121,83,70,96,81,107,91,77,80,115,60,135,91,90,57,73,99
Polg2,41,18,41,69,36,44,56,42,61,40,57,46,63,54,49,51,59,39,37,31,20,67,56,31,55,48,37,53,88,61,30,38,40,23,51,62,53,44,38,36,69,44,45,33,55,40
Poli,34,9,23,36,37,40,47,31,29,19,36,45,19,24,28,29,64,41,30,29,12,37,34,25,35,19,29,33,45,47,26,28,37,26,20,33,37,36,37,20,40,24,35,30,29,28
Polk,18,16,29,42,28,28,30,20,43,11,40,44,20,18,35,23,26,54,27,22,11,41,20,16,32,28,24,16,23,22,18,11,20,15,30,21,25,25,25,12,31,17,23,12,21,15
Poll,26,18,29,37,17,19,29,21,19,24,39,35,44,24,24,36,31,38,29,24,6,25,31,21,28,21,14,35,25,38,32,25,21,30,32,15,25,18,38,17,25,32,38,31,30,22
Polm,14,14,22,31,20,22,20,17,28,16,27,34,26,24,23,25,29,35,14,16,8,35,22,20,18,12,13,15,33,14,18,13,18,12,21,16,11,22,13,13,35,20,24,14,19,19
Polr1a,68,48,68,118,74,41,69,67,101,81,83,109,85,94,86,102,101,118,59,77,20,173,86,55,74,74,61,70,78,56,89,59,69,55,72,72,55,66,75,40,125,57,76,58,83,90
Polr1b,20,19,15,29,16,23,30,31,24,29,16,51,30,27,28,28,30,49,25,22,10,56,32,16,22,16,24,42,30,31,34,21,20,17,20,20,14,13,27,13,35,41,25,14,22,17
Polr1c,110,69,113,143,136,105,143,110,183,117,155,198,136,118,127,156,167,232,120,121,46,223,128,80,140,158,117,121,150,149,118,75,108,71,135,95,107,117,147,66,182,113,140,87,104,98
Polr1d,302,161,258,428,240,289,349,310,430,309,352,418,353,340,452,483,405,495,295,291,122,533,349,216,305,300,301,310,408,382,295,222,282,236,331,299,275,314,304,180,396,328,299,203,263,345
Polr2a,193,128,170,277,148,165,210,197,242,201,282,278,226,165,231,290,271,333,219,166,33,345,204,107,191,190,223,207,234,205,195,95,163,142,181,123,135,193,175,119,275,207,171,143,166,143
Polr2b,103,49,86,121,79,98,119,105,169,103,137,183,122,123,128,134,131,104,118,133,47,111,134,97,122,90,120,139,119,154,71,80,86,76,126,122,114,137,98,80,143,118,111,81,95,100
Polr2c,195,111,209,280,186,210,236,220,213,159,259,289,197,215,198,277,277,238,173,149,70,315,238,138,181,172,198,221,243,206,214,134,166,139,214,231,198,209,237,125,276,203,194,136,167,175
Polr2d,20,7,16,24,30,25,30,28,22,11,23,25,24,17,25,18,24,27,21,20,9,38,26,18,24,20,22,20,26,23,17,11,26,17,19,11,15,13,19,15,31,12,21,15,12,17
Polr2e,197,104,166,280,130,162,211,176,246,178,235,224,183,150,204,241,259,433,196,190,72,360,229,158,177,193,156,236,238,217,161,140,168,139,201,161,160,204,203,119,248,202,190,105,165,160
Polr2f,342,206,338,567,277,445,478,487,474,416,518,573,406,380,471,458,458,663,408,340,123,486,477,308,426,388,405,455,633,460,454,309,420,337,374,411,314,426,502,263,584,439,454,294,374,373
Polr2g,51,26,56,67,61,56,62,80,85,55,74,93,52,68,90,73,64,97,49,45,19,75,60,35,43,51,43,56,88,69,77,34,40,31,48,48,45,52,35,25,68,56,50,38,44,52
Polr2h,34,35,57,77,46,69,64,63,87,72,79,103,60,53,59,79,85,90,42,60,16,90,69,50,62,46,62,81,104,61,60,40,65,30,57,49,49,53,66,31,58,64,68,56,80,56
Polr2i,328,191,271,361,249,368,337,286,333,359,451,574,376,351,384,476,437,427,348,366,154,383,373,214,302,336,278,403,355,409,313,260,446,233,327,251,279,343,315,199,469,346,307,278,316,291
Polr2j,178,102,192,282,171,193,219,224,253,201,267,275,187,165,266,239,232,297,210,209,65,245,230,143,232,213,215,219,316,246,187,146,244,173,233,202,192,230,228,144,321,218,235,169,199,193
Polr2l,5,4,1,5,3,10,8,12,4,7,6,14,6,9,3,6,3,10,5,9,5,13,6,4,7,9,13,6,10,6,4,6,6,9,10,5,5,7,5,2,11,5,6,6,9,5
Polr2m,370,179,306,444,353,355,370,353,491,325,381,404,399,388,397,488,544,501,364,375,164,554,480,274,356,367,368,383,547,503,340,248,397,269,402,358,376,402,417,232,544,385,420,327,404,369
Polr3a,27,20,29,61,34,32,38,49,49,34,47,53,39,48,38,41,51,59,36,31,12,49,42,19,30,48,33,40,55,46,33,27,28,22,43,34,29,37,48,24,40,52,35,29,39,39
Polr3b,35,12,38,51,30,29,43,26,43,43,43,44,38,37,25,50,50,65,34,42,19,52,32,26,28,31,33,34,38,47,45,19,41,31,44,42,29,40,31,19,48,41,27,26,34,33
Polr3c,12,10,20,27,18,9,23,12,19,16,27,26,19,12,22,14,17,25,18,9,7,33,7,17,15,15,23,10,23,14,14,12,16,15,18,16,17,17,11,11,30,20,14,15,12,14
Polr3d,23,20,33,34,30,25,26,30,29,29,47,51,33,21,44,17,33,55,24,24,11,60,25,23,18,21,25,26,38,42,34,19,25,19,29,27,22,21,31,9,30,13,21,32,24,31
Polr3e,3,1,2,4,0,1,3,3,4,0,8,3,3,1,2,0,1,5,3,1,0,2,1,1,2,4,1,1,1,1,2,2,4,3,2,4,2,5,2,2,3,2,4,1,1,1
Polr3f,10,4,8,14,4,5,5,7,11,6,8,11,14,6,8,5,12,8,3,4,2,10,10,9,1,7,10,11,6,10,3,5,10,2,8,4,8,6,6,4,11,6,2,1,6,7
Polr3g,23,11,19,16,21,31,22,29,29,40,27,33,28,29,28,22,27,34,22,16,8,26,39,21,13,21,15,18,29,19,10,11,18,8,25,21,21,24,20,17,34,19,17,12,22,12
Polr3gl,56,17,34,55,24,25,53,40,55,37,51,47,40,27,36,46,51,82,45,38,24,65,52,39,40,28,39,61,61,57,41,23,35,31,35,37,30,39,29,22,53,30,51,26,29,37
Polr3h,2,0,4,8,2,3,1,2,2,2,4,7,2,2,3,3,1,2,3,1,1,3,2,4,4,2,2,1,0,2,3,1,1,1,3,1,3,2,2,0,4,1,3,1,3,2
Polr3k,9,3,8,12,13,3,9,11,5,6,17,14,8,12,8,10,11,6,8,4,5,8,13,7,15,15,11,16,17,10,7,7,7,2,10,11,6,6,7,5,12,8,11,7,6,10
Polrmt,91,42,87,135,93,97,119,120,125,99,139,144,116,94,134,101,132,116,94,85,39,144,115,81,90,105,96,103,118,111,82,86,117,73,91,92,80,102,98,57,150,86,88,84,73,93
Pom121,118,66,134,173,119,109,156,150,130,88,164,147,131,113,119,142,118,170,101,107,43,168,126,73,101,107,120,106,116,136,107,69,114,80,117,90,100,94,109,48,142,85,97,92,100,88
Pomc,4,2,3,4,0,2,4,1,4,4,8,6,4,3,5,3,6,3,1,2,4,3,3,2,9,4,3,8,1,1,5,2,4,3,2,1,2,5,2,3,4,2,0,3,2,4
Pomgnt1,103,80,109,155,119,126,145,137,146,130,129,220,117,113,130,164,144,181,114,89,48,139,120,80,114,114,120,136,157,141,108,102,136,96,123,126,113,141,122,55,190,121,114,110,111,93
Pomgnt2,23,18,26,42,30,18,26,32,37,26,37,48,27,34,27,41,39,67,25,25,15,51,25,29,26,27,23,13,29,18,32,20,31,20,23,16,18,26,26,22,40,23,25,22,22,26
Pomk,14,16,13,25,13,11,22,17,29,23,21,33,19,12,20,13,23,29,11,14,7,20,24,17,29,23,10,12,26,21,22,15,13,18,20,15,20,23,17,10,26,22,18,16,15,19
Pomp,982,444,973,1475,1113,1160,1351,1294,1522,1037,1369,1312,1205,1055,1244,1305,1358,1294,1063,1221,507,1125,1517,846,1311,1214,1131,1315,1570,1669,1804,931,1153,825,1262,1307,1088,1312,1291,892,1872,1361,1348,1023,1170,1105
Pomt1,58,32,60,109,52,63,98,84,92,54,84,89,79,79,75,80,70,98,52,56,23,69,92,82,69,76,63,76,85,71,63,79,62,81,65,86,43,77,72,40,107,94,79,72,73,64
Pomt2,41,11,27,44,20,30,25,24,42,28,40,47,31,25,43,35,28,25,32,23,8,32,22,14,25,16,36,26,26,29,24,19,41,22,19,21,17,25,27,21,34,15,17,15,23,25
Pon1,1499,570,1406,1164,881,1337,1567,1229,1499,1436,1593,1722,1405,1557,1523,1140,1358,823,2514,1574,782,723,1440,691,994,808,918,796,1645,1702,650,728,1015,642,768,677,539,1047,1096,553,1033,662,530,467,537,598
Pon2,232,113,186,343,169,169,225,218,258,218,309,368,243,184,260,313,312,319,276,224,85,305,272,135,213,213,219,242,204,204,200,203,246,184,268,219,176,199,234,136,298,210,202,156,181,187
Pon3,189,88,155,236,167,119,180,161,219,167,212,273,179,176,206,226,221,220,190,202,81,190,241,100,182,176,124,168,207,209,196,131,189,109,155,130,136,172,159,128,189,151,147,118,138,148
Pop1,29,16,38,37,31,42,36,39,40,30,39,31,31,35,33,54,54,64,27,24,18,90,27,17,23,31,29,36,43,22,35,29,29,16,32,29,27,21,30,17,28,34,26,28,19,23
Pop4,83,41,88,140,78,81,82,78,103,90,108,89,107,80,104,101,86,139,90,111,41,126,97,71,93,104,78,100,117,113,80,62,108,60,83,92,66,89,98,58,122,104,91,53,93,75
Pop5,310,159,313,405,294,390,382,333,508,329,417,495,355,327,391,449,465,426,332,312,129,634,453,255,421,360,333,357,449,443,300,247,319,259,400,307,272,333,363,218,492,371,301,233,320,263
Pop7,35,23,49,51,62,60,55,78,68,52,45,81,64,56,68,53,68,87,42,57,27,97,80,33,59,67,59,61,74,70,60,41,60,35,54,56,60,58,59,36,67,51,47,46,58,59
Por,2231,1400,2968,4656,1663,2449,2727,1785,3685,2080,3319,2525,3131,3097,2515,3563,3976,3302,2086,2373,681,5359,2399,1435,1784,2036,2041,2131,3446,2485,1696,837,1560,1477,2383,1447,1636,1844,2356,1037,2134,2044,2235,1518,1861,1845
Porcn,30,14,27,35,27,22,37,25,51,30,36,59,32,28,26,53,33,42,33,23,7,43,27,16,25,28,25,30,31,29,15,20,24,16,29,24,22,29,22,12,33,23,22,12,27,18
Postn,8,1,8,14,4,7,11,8,6,10,10,8,6,5,6,1,3,11,11,2,2,7,3,1,1,6,2,10,3,4,3,10,5,0,2,4,3,11,0,5,4,0,2,2,0,4
Pot1a,4,3,6,17,6,11,15,13,15,5,15,17,6,8,4,14,10,21,4,3,4,13,14,11,5,4,10,14,9,16,7,3,7,5,6,10,4,5,11,5,17,8,9,3,3,3
Pot1b,5,4,4,16,9,6,7,4,1,3,10,8,3,2,6,7,7,3,3,7,2,5,7,3,6,1,3,4,4,2,11,4,3,4,2,2,3,4,2,2,5,4,5,5,2,3
Pou2af1,2,0,7,2,0,2,2,1,1,2,2,1,3,4,3,2,1,2,3,1,0,1,2,0,1,1,2,1,2,2,3,1,1,2,3,4,3,2,0,0,1,1,0,2,1,1
Pou2f1,18,12,12,33,15,15,20,17,24,13,27,22,20,25,21,22,31,20,20,17,3,42,18,13,17,19,13,27,18,15,18,9,10,6,19,20,17,23,15,14,21,15,18,13,12,14
Pou2f2,17,11,11,25,15,18,16,35,10,8,16,24,11,7,8,17,12,24,6,6,4,22,16,10,25,7,19,11,8,13,25,9,6,14,12,11,7,8,10,3,9,9,7,10,0,3
Pou5f2,29,10,19,50,37,21,34,42,30,27,58,32,28,26,31,42,48,39,18,26,8,52,36,21,15,23,40,30,39,38,32,17,26,16,26,27,27,25,30,17,53,35,32,36,37,23
Pou6f1,11,10,10,28,15,8,22,24,12,6,11,13,16,12,9,17,15,16,14,10,3,14,17,9,6,11,14,14,10,11,11,5,14,7,4,7,6,8,6,4,16,4,6,8,12,6
Ppa1,822,401,872,1152,1022,1054,900,963,1634,951,1136,1785,1185,1009,1211,1122,1037,2092,896,1030,430,2050,1168,688,1106,995,981,1154,1436,1108,1353,767,952,647,1055,893,910,962,995,612,1479,1061,951,626,847,873
Ppa2,246,128,213,360,186,256,317,281,280,250,325,268,238,230,292,353,307,299,311,243,106,303,310,224,272,241,227,330,282,311,246,202,318,238,271,237,215,255,256,177,353,269,270,214,213,224
Ppan,108,113,135,214,101,97,169,136,105,71,188,219,125,105,143,109,106,183,68,110,32,193,112,72,90,73,87,98,107,165,115,73,75,54,86,84,85,90,67,48,76,128,120,87,120,93
Ppap2a,38,18,50,70,77,67,101,81,82,60,63,86,87,71,83,87,81,101,56,64,32,94,94,46,70,91,83,73,72,78,81,53,61,33,66,38,47,74,63,30,114,48,67,50,44,68
Ppap2b,449,271,438,840,404,485,592,455,590,570,607,460,671,641,681,577,609,459,538,456,256,553,643,372,521,537,429,528,686,709,428,340,604,363,550,498,412,509,507,327,825,466,614,492,483,503
Ppap2c,205,146,188,379,271,202,234,227,447,228,322,409,250,141,212,367,352,684,260,195,85,616,214,114,195,182,251,219,324,197,149,120,190,130,164,153,177,178,185,129,234,199,190,104,165,160
Ppapdc1b,106,52,105,131,110,115,103,89,166,118,111,241,91,86,117,142,160,302,104,110,46,218,93,61,72,81,105,118,120,111,111,71,90,75,114,101,94,76,98,49,110,82,95,103,103,67
Ppapdc2,18,14,16,26,24,20,32,19,18,35,29,34,24,24,32,29,32,45,19,20,13,45,35,21,31,23,16,31,26,31,10,21,30,17,21,23,22,37,22,20,43,29,30,26,23,24
Ppapdc3,3,1,2,2,2,4,5,1,8,3,5,5,7,1,0,2,7,8,2,3,4,8,4,3,6,6,8,7,5,3,4,3,2,5,2,6,4,3,2,3,11,5,3,5,3,4
Ppara,608,229,517,982,367,836,590,384,580,433,800,471,632,488,639,760,781,433,464,486,180,399,594,365,571,591,412,482,887,714,295,502,624,371,640,550,484,516,544,314,829,491,538,458,450,454
Ppard,26,14,20,34,13,12,42,31,37,21,36,41,19,18,28,34,21,43,21,25,11,50,23,12,22,17,21,27,41,22,31,30,15,28,25,15,23,28,23,13,31,20,18,13,21,16
Pparg,74,53,52,112,26,59,108,63,28,35,121,44,54,48,70,128,97,115,109,82,33,101,135,41,76,44,31,96,67,79,116,44,104,80,75,84,67,101,86,50,90,67,93,44,65,75
Ppargc1b,47,30,31,85,45,54,56,49,43,39,58,51,50,33,36,53,55,69,40,35,10,88,62,17,45,43,40,42,62,35,32,22,27,30,27,28,41,28,29,23,50,23,35,30,19,27
Ppat,7,6,4,16,12,8,13,8,9,13,10,28,7,9,11,17,10,9,8,14,7,15,17,16,9,11,9,8,23,11,7,4,9,6,13,7,9,16,12,12,12,11,12,7,10,13
Ppbp,6,3,10,13,9,11,13,17,6,6,12,11,5,3,4,6,9,4,9,3,3,5,12,11,21,13,10,4,10,12,10,8,7,9,7,8,7,8,12,8,9,3,8,2,2,5
Ppcdc,18,8,13,15,11,11,21,12,17,16,24,21,14,11,16,22,23,30,18,23,3,18,22,13,12,10,17,17,11,16,15,8,15,11,17,12,15,19,17,13,26,19,15,13,19,13
Ppcs,216,171,159,365,191,191,257,242,241,255,320,398,238,192,290,240,260,381,265,262,79,348,338,182,221,226,285,272,270,273,275,180,324,228,269,299,188,258,226,174,307,221,244,211,193,249
Ppdpf,295,150,324,429,214,426,389,373,387,322,358,488,333,381,386,434,374,401,371,310,83,357,452,278,274,303,272,458,503,315,266,177,339,265,342,263,223,376,340,246,475,337,347,270,333,289
Ppfia1,64,31,61,81,60,60,86,60,82,49,85,99,66,79,67,90,83,71,53,56,23,99,54,53,55,58,70,60,65,73,66,39,54,45,41,50,45,57,77,33,97,71,56,53,48,51
Ppfia4,5,4,2,14,9,6,9,15,4,2,12,5,5,1,9,5,5,7,2,3,1,4,7,1,12,3,2,6,6,6,10,3,2,16,3,8,2,4,3,1,3,6,5,4,4,2
Ppfibp1,29,21,39,69,36,30,60,42,61,39,55,49,48,48,41,53,53,97,50,38,19,121,53,28,38,46,32,45,36,42,47,29,43,15,31,28,38,25,28,23,47,40,48,28,25,30
Ppfibp2,73,43,48,102,55,58,95,86,93,86,94,86,62,55,72,123,152,101,71,68,30,134,85,52,83,77,65,80,105,66,137,48,93,61,89,94,56,64,65,45,115,74,78,36,55,65
Pphln1,24,23,19,36,20,32,39,41,47,33,42,59,24,30,44,37,40,45,36,34,14,43,38,29,30,22,23,32,36,33,32,26,37,13,34,18,21,12,27,12,33,30,29,18,26,32
Ppia,205,112,182,241,148,168,263,170,256,219,242,273,216,228,212,230,240,258,316,231,71,232,236,142,184,196,188,183,259,248,134,158,200,126,145,170,142,191,210,149,302,165,165,127,121,139
Ppib,1299,478,1172,1989,927,1568,1421,1240,2239,1297,1368,2372,1098,1117,1617,1642,1389,1471,1208,1306,326,1195,1665,709,1434,1176,1799,1594,2060,1383,904,730,1123,985,1349,922,973,1433,1393,874,1944,1357,1170,820,973,1084
Ppic,14,9,12,21,18,12,29,25,14,13,17,12,16,14,10,17,14,23,11,8,8,16,17,11,15,18,12,17,25,20,14,9,13,11,8,11,13,15,14,11,15,7,9,13,8,16
Ppid,77,34,50,119,51,66,74,74,114,65,85,110,74,74,81,90,80,90,77,80,25,85,127,84,74,77,50,74,122,95,63,83,76,47,92,54,79,86,87,52,118,76,71,60,66,97
Ppie,22,8,28,36,21,25,35,23,38,32,26,41,31,31,29,58,37,49,32,23,7,36,29,14,29,26,16,25,24,27,28,17,30,24,24,24,16,20,23,8,33,25,24,16,19,21
Ppif,208,117,238,294,244,197,327,248,451,216,267,401,310,248,254,281,276,461,239,240,83,457,383,230,144,279,259,227,395,349,241,158,244,210,291,270,187,276,275,202,391,257,289,243,233,214
Ppig,3,0,2,1,3,1,1,2,3,2,0,4,4,3,2,4,4,5,3,2,0,3,4,3,1,3,1,1,1,6,1,2,1,0,1,0,0,0,2,1,0,1,0,1,1,1
Ppih,2,1,3,0,3,9,4,5,4,6,4,5,4,3,4,3,4,5,8,7,4,7,5,2,10,3,8,7,11,5,6,3,3,2,7,2,3,9,4,5,4,2,2,1,3,1
Ppil1,36,19,24,46,27,33,37,39,45,48,40,73,35,30,44,33,28,49,54,46,9,44,61,36,28,38,32,43,37,47,28,30,52,51,40,39,31,45,43,27,46,31,33,23,41,38
Ppil2,193,79,164,237,136,180,196,188,210,136,212,236,161,138,180,242,215,238,181,162,53,195,215,116,136,133,186,177,224,188,168,131,145,123,185,147,138,154,191,120,202,160,157,117,138,142
Ppil3,8,7,15,14,11,20,25,13,18,12,14,30,22,18,21,23,16,36,23,14,8,32,29,12,25,21,23,25,20,21,17,4,22,14,19,17,16,23,16,13,26,24,20,8,11,18
Ppil4,54,37,65,100,77,54,67,50,94,57,68,100,80,76,83,64,70,80,66,60,31,87,73,47,72,60,73,53,66,68,36,43,62,36,68,55,67,56,65,49,72,60,67,50,59,71
Ppil6,7,3,3,8,3,4,4,8,5,2,3,8,7,6,3,4,3,6,2,2,1,8,2,2,2,4,6,3,8,2,1,1,3,1,2,0,1,4,0,1,7,1,3,3,0,1
Ppip5k1,2,1,1,4,5,3,6,7,4,2,5,10,3,6,3,3,4,8,2,5,1,3,9,2,3,6,2,4,1,4,6,6,1,3,0,4,2,3,5,4,4,2,4,3,2,5
Ppip5k2,32,10,18,48,38,31,48,31,38,31,43,77,42,50,47,43,45,36,43,42,10,56,50,24,44,45,34,57,56,49,26,27,54,15,39,37,50,36,29,31,39,42,45,30,28,35
Ppl,27,32,60,50,63,35,41,41,64,25,38,85,56,57,23,40,34,76,36,66,19,90,63,52,47,41,20,45,82,23,42,19,40,34,38,16,33,35,24,23,48,23,34,33,30,41
Ppm1a,419,242,467,708,310,422,524,413,626,428,473,449,526,477,520,674,626,614,503,417,146,774,614,346,382,480,374,472,588,624,332,338,449,276,488,404,341,422,465,295,552,439,438,284,356,451
Ppm1b,242,102,198,308,191,217,297,223,349,237,252,249,228,208,276,359,255,226,238,200,77,252,334,225,233,238,215,260,361,271,160,185,231,136,230,255,202,203,207,134,287,233,222,163,181,226
Ppm1d,26,15,15,29,27,22,19,16,34,21,28,19,16,24,18,39,36,21,26,14,5,41,23,8,14,20,21,20,23,20,14,13,22,17,13,21,18,21,16,18,35,15,14,17,8,15
Ppm1e,0,0,0,1,0,0,0,1,0,0,1,0,1,0,0,0,1,0,6,0,0,0,0,0,0,1,0,0,0,0,0,0,0,1,1,0,0,0,2,1,0,0,0,2,0,0
Ppm1f,55,29,58,83,53,60,76,67,80,57,52,99,58,55,58,79,57,72,68,74,12,81,79,43,56,53,61,74,77,66,62,56,63,57,78,55,57,66,53,38,95,56,61,52,38,53
Ppm1g,181,148,228,317,145,223,268,232,289,183,251,372,152,280,226,289,235,358,205,179,52,397,310,169,200,202,238,285,272,202,246,147,163,153,198,163,153,224,229,138,273,178,204,151,175,180
Ppm1h,2,2,3,10,8,6,8,14,6,5,9,6,6,2,3,4,12,16,5,4,3,12,5,2,7,2,8,5,8,5,25,5,1,4,5,2,8,5,3,4,6,8,5,4,5,6
Ppm1j,2,1,7,6,1,2,6,4,2,0,9,7,8,4,4,8,4,6,2,4,2,9,4,2,4,5,8,0,8,3,8,4,2,3,3,3,2,2,4,0,7,2,2,6,3,3
Ppm1k,44,16,52,74,41,49,64,40,72,48,74,34,39,66,69,132,85,43,97,47,19,59,42,35,59,59,40,70,98,78,51,56,55,21,70,61,66,35,44,30,73,51,50,33,42,55
Ppm1l,9,11,13,17,19,17,9,16,32,22,23,27,23,13,17,23,24,25,14,13,9,35,18,12,20,15,10,21,25,22,20,13,26,10,21,14,19,16,25,6,23,20,27,14,18,20
Ppm1m,76,32,65,100,62,87,103,82,105,70,102,84,101,62,90,93,95,61,73,70,24,62,89,66,100,95,52,85,84,93,77,62,98,56,94,108,67,60,80,48,120,89,88,81,79,54
Ppme1,87,51,109,153,68,84,108,74,122,70,99,127,92,95,101,122,122,90,85,75,31,112,95,80,72,104,83,108,90,114,94,54,73,81,81,55,54,81,73,48,100,65,67,69,73,70
Ppox,68,29,89,114,62,70,75,116,125,79,86,123,91,70,100,102,84,96,75,101,19,91,115,87,105,90,75,73,127,124,61,68,90,73,88,103,88,109,97,68,135,107,104,72,88,104
Ppp1ca,550,259,473,752,371,542,593,516,609,542,689,655,520,509,642,641,622,720,573,475,199,702,543,407,619,478,521,654,689,670,596,430,593,428,551,541,408,582,618,403,718,575,633,441,537,514
Ppp1cb,15,10,11,21,20,17,19,14,17,13,16,23,17,15,19,15,16,28,23,16,10,33,31,10,9,14,22,30,31,23,16,18,27,2,22,7,19,11,15,12,21,17,10,18,13,18
Ppp1cc,6,3,5,8,5,7,8,3,6,4,6,6,5,4,6,6,4,6,5,7,3,3,1,2,7,0,5,5,3,4,3,5,3,2,5,8,5,2,4,3,4,2,5,2,2,4
Ppp1r10,49,13,41,78,54,53,52,66,56,53,63,87,56,41,48,61,64,38,29,41,23,40,64,35,78,61,55,69,105,98,40,27,56,31,40,48,49,45,73,27,93,55,59,43,51,15
Ppp1r11,160,70,145,216,147,188,197,167,183,174,203,241,177,124,187,158,194,180,161,167,61,185,188,82,171,161,145,191,240,186,162,105,143,106,172,146,146,156,169,123,238,168,158,112,146,149
Ppp1r12a,13,2,7,12,4,7,9,6,7,6,6,13,9,10,8,13,11,15,7,4,0,10,8,5,4,5,6,10,8,4,8,1,6,3,10,3,5,5,9,0,11,6,3,5,6,6
Ppp1r12c,100,53,110,156,75,109,141,121,109,93,174,164,107,112,139,132,112,179,101,95,32,181,137,61,124,88,140,113,137,110,118,77,97,90,122,120,96,104,112,67,161,91,102,76,104,79
Ppp1r13b,67,29,55,89,57,51,97,79,66,44,92,97,69,38,78,71,80,80,71,46,18,89,72,40,58,67,76,53,80,59,52,35,47,53,68,46,53,53,61,42,96,50,68,34,56,59
Ppp1r13l,26,19,17,44,25,25,25,10,27,19,28,35,13,28,18,38,29,32,22,17,4,33,30,13,12,23,17,29,19,9,8,16,28,14,26,15,12,13,22,12,23,21,21,18,13,13
Ppp1r14a,25,11,21,40,51,49,35,49,65,44,65,73,24,23,27,25,31,21,46,33,11,22,39,18,75,58,72,38,26,56,29,23,36,21,38,12,19,27,30,33,74,56,36,23,29,29
Ppp1r14b,91,58,95,96,53,80,97,89,109,73,126,210,74,88,97,102,99,180,82,80,31,188,94,61,62,69,87,90,103,116,88,59,106,96,72,49,61,76,91,54,111,69,56,48,64,59
Ppp1r15a,52,27,43,87,30,46,38,35,44,35,54,55,38,48,36,90,66,53,46,36,11,93,36,24,28,35,38,43,48,36,37,30,26,29,27,39,27,28,28,27,50,31,43,25,22,28
Ppp1r15b,385,227,419,642,352,352,488,344,450,376,536,494,422,391,471,482,453,308,464,326,137,383,556,410,473,352,311,372,456,454,297,294,403,272,384,413,319,347,403,283,517,387,415,363,329,354
Ppp1r16a,113,51,121,128,69,83,115,110,170,96,137,151,106,105,133,155,116,157,114,110,26,131,128,76,112,97,107,118,154,121,142,74,104,73,102,108,81,95,97,58,167,124,122,75,97,89
Ppp1r16b,13,6,7,15,10,13,15,13,18,11,17,7,15,5,16,16,12,16,10,5,8,9,14,13,21,19,7,6,18,14,16,11,8,14,11,12,11,10,4,4,12,17,5,14,8,12
Ppp1r18,28,15,42,69,47,35,60,48,43,31,53,57,37,20,37,28,49,66,24,27,23,74,47,17,45,24,46,19,45,48,117,14,29,29,31,16,34,31,22,14,35,29,36,26,19,25
Ppp1r1b,108,54,122,148,57,97,124,120,223,128,138,152,165,127,161,130,122,40,100,100,25,84,175,124,156,133,110,110,142,136,65,101,135,88,127,87,84,126,127,110,181,139,112,96,124,131
Ppp1r2,11,8,11,10,6,8,7,10,15,14,6,20,11,14,13,17,11,15,11,5,4,13,13,3,8,7,9,9,12,12,7,8,10,7,14,7,9,13,6,2,12,13,12,12,7,10
Ppp1r21,68,50,70,114,75,73,101,102,123,76,98,122,94,83,92,116,110,137,99,69,24,152,90,58,99,98,81,90,127,95,74,60,92,64,88,62,59,76,82,53,135,67,74,52,46,82
Ppp1r35,25,18,19,30,15,7,34,23,24,17,20,32,18,17,28,35,21,19,32,33,9,24,23,14,21,12,24,14,23,17,19,17,21,25,15,15,7,17,17,10,27,17,22,12,15,13
Ppp1r37,271,139,245,330,232,291,305,315,277,257,380,295,283,244,308,344,385,280,248,249,95,284,301,212,270,234,234,302,315,309,281,203,289,175,287,298,215,281,322,203,357,302,293,246,269,228
Ppp1r3b,232,110,193,223,154,112,214,179,252,180,124,239,299,202,314,61,87,42,137,172,50,75,357,203,200,216,178,165,286,283,112,155,187,134,176,144,145,188,179,156,230,171,176,122,190,165
Ppp1r3c,97,54,60,131,55,110,49,80,82,124,81,152,108,117,188,109,122,28,98,72,27,60,111,97,74,124,80,154,157,114,114,78,117,60,132,129,124,58,113,64,149,96,108,97,92,129
Ppp1r3d,3,2,1,5,1,1,1,2,3,1,4,5,1,4,2,3,4,2,3,3,0,3,1,1,3,3,5,1,5,3,6,3,3,0,2,0,1,6,2,1,5,2,3,3,1,0
Ppp1r3e,2,1,2,1,0,4,2,0,4,4,2,2,2,0,2,6,3,1,4,3,1,1,1,4,1,1,2,6,3,1,1,3,1,3,2,1,2,3,4,4,2,3,8,1,2,4
Ppp1r3f,1,0,0,0,0,0,4,0,2,2,0,6,0,0,0,0,1,1,1,1,0,0,0,0,2,0,0,0,2,3,1,1,1,0,1,1,1,2,0,0,2,0,2,0,0,2
Ppp1r3g,61,6,9,220,1,15,24,10,9,38,42,0,30,21,41,321,76,29,20,5,3,14,5,2,8,16,1,17,42,53,6,10,5,8,32,41,17,2,13,8,7,10,42,7,11,22
Ppp1r7,22,7,12,20,22,19,29,21,43,13,34,23,21,17,28,21,31,39,23,32,10,37,23,9,22,19,28,24,35,28,25,13,31,10,17,14,13,22,24,11,38,29,18,15,12,18
Ppp1r8,40,14,33,38,36,26,33,44,48,25,40,45,38,37,30,44,46,43,33,22,14,63,45,19,42,43,34,37,59,41,36,26,39,19,40,37,37,37,38,28,52,23,49,27,39,40
Ppp1r9a,13,5,11,26,20,10,30,20,13,22,16,19,7,13,9,18,27,25,23,20,7,15,25,7,17,18,13,8,11,23,14,12,18,7,16,13,8,24,15,17,29,26,21,10,10,19
Ppp1r9b,46,16,36,72,39,30,61,57,34,34,59,55,37,25,49,36,32,85,37,25,24,61,41,30,39,37,54,28,49,44,84,23,34,41,22,33,27,41,26,15,45,26,33,24,23,39
Ppp2ca,163,95,176,276,165,193,207,171,305,214,234,312,251,219,253,231,237,282,222,237,82,273,308,137,199,208,190,249,300,279,183,156,212,121,235,199,184,239,185,145,294,260,239,141,195,226
Ppp2cb,185,105,129,246,167,154,176,137,252,162,186,206,202,185,186,253,214,400,185,144,61,398,204,119,126,163,159,192,230,216,167,90,141,80,159,125,149,147,139,93,211,154,170,87,132,154
Ppp2r1a,209,116,190,280,140,182,244,184,218,202,250,252,219,157,208,205,228,301,174,218,50,278,258,131,204,143,199,229,251,198,195,156,194,146,226,211,159,209,226,158,300,206,206,184,186,163
Ppp2r1b,42,13,37,40,37,35,47,26,50,23,42,48,35,31,53,46,31,50,44,28,16,40,41,29,37,37,22,41,51,54,32,29,36,6,38,32,24,39,24,21,42,19,33,32,24,32
Ppp2r2a,10,5,9,5,1,6,7,8,6,7,9,6,8,11,15,9,12,15,7,9,2,7,12,2,9,1,10,8,9,8,8,7,4,5,10,7,4,6,4,5,7,8,6,6,7,6
Ppp2r2d,212,122,173,398,119,165,220,155,194,197,293,165,256,201,258,244,273,427,144,147,59,400,171,89,135,156,134,146,203,227,153,119,157,145,170,180,140,172,209,111,218,169,168,123,160,158
Ppp2r3a,21,10,22,28,20,14,33,21,38,31,36,28,21,21,24,38,32,42,28,28,5,50,27,14,21,29,17,27,42,39,15,14,32,19,24,29,11,31,20,17,37,20,33,16,12,26
Ppp2r3c,6,4,8,13,6,4,9,4,5,5,6,8,3,9,7,7,10,7,3,6,0,8,14,5,3,6,10,4,8,9,12,3,11,5,7,4,6,5,4,5,8,6,6,9,5,6
Ppp2r4,156,57,161,203,94,119,144,119,164,145,177,161,157,121,135,191,158,119,166,125,34,166,153,109,143,149,134,145,178,132,136,105,131,137,159,139,119,157,169,93,184,194,179,119,130,134
Ppp2r5a,1021,532,892,1274,767,1023,940,873,1185,917,1059,999,1061,1016,924,1548,1420,894,1092,919,402,1122,1191,743,873,933,804,913,1352,1036,936,716,948,784,943,1007,804,973,1131,568,1435,1000,967,790,875,937
Ppp2r5b,33,8,34,27,19,30,32,35,21,18,24,51,39,30,40,35,31,36,39,22,8,32,32,18,32,16,23,32,27,25,38,18,27,21,31,31,17,33,41,21,39,38,27,22,25,13
Ppp2r5c,232,89,185,277,206,187,209,155,264,181,208,274,219,177,263,250,291,280,173,190,96,293,212,116,154,187,178,192,220,211,135,134,199,131,224,197,193,146,224,94,226,176,194,149,167,164
Ppp2r5d,81,51,75,87,54,56,88,71,91,91,119,113,63,77,82,118,79,93,65,70,18,92,86,64,69,68,101,76,72,59,65,55,70,89,71,73,48,84,69,59,126,68,88,48,85,97
Ppp2r5e,28,10,30,29,7,22,21,11,36,15,28,35,25,28,23,27,28,24,22,19,7,18,24,11,15,25,25,18,19,17,8,15,23,10,14,16,6,23,14,12,23,15,19,9,10,10
Ppp3ca,44,30,35,78,34,43,58,43,74,71,52,60,52,50,42,77,90,72,65,50,13,104,73,45,51,48,49,53,75,67,42,46,52,35,64,45,36,43,49,23,79,59,58,32,50,44
Ppp3cb,30,18,28,74,39,38,49,49,57,38,47,41,40,50,42,54,29,53,43,42,15,61,67,26,42,50,36,45,70,47,38,36,35,31,31,44,45,33,38,20,73,41,44,27,33,47
Ppp3cc,4,2,15,20,8,6,14,11,20,11,22,27,9,7,14,9,9,26,12,10,6,22,14,4,20,10,16,14,15,11,6,4,11,13,9,9,7,8,9,4,14,6,7,8,6,11
Ppp3r1,20,22,29,50,35,16,34,38,30,47,33,68,37,43,37,36,17,36,25,28,10,41,37,27,17,28,36,51,58,43,23,25,26,6,39,23,24,38,21,13,36,24,33,22,9,25
Ppp4c,121,73,96,138,46,85,104,86,133,100,112,129,95,104,114,153,150,101,120,108,16,76,96,71,89,79,94,111,105,115,99,67,79,90,117,69,88,96,90,63,120,116,117,60,86,122
Ppp4r1,48,20,48,62,34,47,53,38,74,49,45,67,65,38,46,59,63,99,51,63,12,98,55,36,47,44,54,59,82,68,48,41,53,39,38,36,43,54,52,34,79,54,37,24,45,44
Ppp4r1l-ps,4,0,6,3,3,3,4,3,4,3,4,1,3,0,3,5,4,1,2,3,0,3,5,2,2,2,3,3,3,3,1,0,1,2,4,1,2,2,0,1,2,1,0,0,2,1
Ppp4r2,22,15,27,42,33,25,18,32,34,27,25,31,17,25,29,28,21,31,28,16,8,44,23,23,20,22,26,25,32,40,24,23,27,16,24,23,29,26,25,12,28,34,19,17,10,29
Ppp4r4,12,6,13,17,17,6,14,15,32,16,15,25,18,22,16,26,27,22,25,14,6,57,17,14,21,24,12,11,28,21,9,5,24,10,17,16,16,12,17,8,27,23,7,15,15,12
Ppp5c,279,156,245,386,181,256,286,328,298,288,369,380,313,323,320,378,328,348,311,257,79,472,354,229,307,270,262,266,325,266,280,224,306,265,261,256,215,270,279,194,345,274,261,210,239,238
Ppp6c,17,10,25,35,16,21,25,21,41,24,26,30,34,37,33,46,37,34,21,17,7,25,26,14,27,21,29,41,28,27,16,16,32,17,19,26,25,36,31,22,41,39,31,20,20,29
Ppp6r1,400,159,355,519,306,381,480,380,430,372,417,474,366,305,405,494,468,416,403,368,121,430,414,253,434,355,458,433,473,462,391,283,396,318,365,342,316,387,422,257,519,377,366,326,333,321
Ppp6r2,13,5,8,12,10,13,15,12,11,20,12,8,15,11,18,13,11,11,7,6,5,8,14,7,4,7,10,6,16,9,11,13,12,10,14,15,12,15,13,9,13,14,4,6,8,5
Ppp6r3,267,140,248,355,191,251,297,279,317,264,342,335,305,251,257,351,349,339,278,241,82,333,312,164,276,241,253,254,339,270,298,224,273,191,277,203,208,261,245,167,402,275,255,184,212,238
Pprc1,64,40,56,101,67,30,84,52,49,52,97,90,72,53,79,35,55,92,44,41,16,94,44,35,46,45,53,43,44,111,39,22,40,20,49,17,35,33,47,21,41,49,58,45,53,48
Ppt1,48,24,41,47,41,49,55,38,78,58,55,58,57,44,59,57,50,50,34,53,20,63,72,43,46,56,36,67,76,63,83,30,44,30,55,47,44,40,40,25,41,71,52,28,37,35
Ppt2,200,148,208,375,229,232,268,283,334,224,316,419,268,266,285,296,296,360,260,213,95,324,252,170,272,214,297,261,319,330,323,201,257,187,264,173,188,255,235,148,308,244,244,175,226,218
Pptc7,117,58,108,151,78,115,127,96,129,103,137,105,201,165,126,144,137,174,92,74,36,191,122,69,110,89,86,91,147,153,81,68,82,58,104,102,83,100,119,60,120,84,103,73,76,90
Ppwd1,2,1,3,6,1,2,0,1,3,1,2,0,2,3,3,1,1,2,4,0,1,2,0,2,3,2,2,1,3,1,2,2,4,0,1,0,0,0,0,0,0,2,2,0,0,1
Pqbp1,113,60,105,174,80,150,158,142,159,116,161,146,121,122,139,168,146,130,117,93,29,166,139,81,105,91,115,149,177,139,111,97,115,116,129,128,87,129,123,82,166,117,110,111,108,125
Pqlc1,375,238,391,494,253,328,486,403,427,383,398,604,369,379,403,503,405,338,363,354,141,395,550,320,383,370,332,378,433,422,335,377,371,305,370,428,283,412,375,256,596,423,365,281,335,365
Pqlc2,60,36,55,126,63,66,66,92,117,55,108,78,83,69,96,98,116,188,60,71,17,220,61,26,81,76,72,57,120,72,71,47,75,53,67,53,53,67,62,42,88,69,78,44,55,58
Pradc1,49,35,46,97,38,57,61,49,85,52,62,91,76,41,78,61,88,56,50,50,16,60,70,43,59,38,65,59,83,51,40,45,54,38,46,51,40,62,57,35,60,46,69,47,48,51
Praf2,16,5,15,24,10,15,16,13,17,19,15,28,12,20,28,13,20,12,18,8,4,7,11,7,9,16,18,33,8,13,23,8,10,11,11,11,11,12,17,0,14,9,20,5,12,5
Pram1,3,5,8,9,5,4,12,5,6,8,7,10,7,1,6,9,5,2,4,3,0,2,2,4,7,5,6,6,4,4,9,3,1,2,5,2,7,6,3,4,5,2,11,4,3,2
Pramef8,6,3,3,2,5,5,1,4,5,4,4,9,6,5,4,5,3,5,5,5,2,9,3,2,3,2,4,1,6,3,1,5,3,1,9,4,4,8,2,1,5,5,6,3,7,2
Prc1,2,0,0,2,2,0,2,6,1,0,0,0,0,0,3,1,0,9,0,0,0,2,0,0,0,0,1,1,3,0,6,1,1,2,2,4,0,1,1,1,0,0,2,0,1,0
Prcc,20,7,18,23,13,18,19,17,26,24,25,18,14,16,18,21,19,14,12,16,4,15,19,11,10,8,24,23,18,24,19,16,15,14,7,14,20,17,28,6,16,14,22,9,17,19
Prcp,55,21,47,50,49,23,62,63,93,39,51,60,53,48,56,52,62,117,46,37,9,83,46,25,47,36,44,44,48,33,93,15,18,28,40,35,32,38,37,20,54,33,51,18,35,34
Prdm15,5,4,4,11,8,10,13,14,7,8,16,16,13,6,8,11,6,13,16,5,9,22,10,4,7,8,8,3,12,9,9,2,8,6,12,13,6,4,6,8,9,9,11,6,8,3
Prdm2,46,11,34,58,31,30,57,27,57,32,71,59,41,39,41,63,41,41,45,31,14,57,41,24,40,36,35,41,40,38,31,15,24,14,28,44,21,35,37,16,31,17,39,23,29,34
Prdm4,11,11,14,31,22,15,27,14,23,20,40,27,22,18,20,21,17,41,11,12,6,40,37,18,20,19,19,17,28,27,26,14,17,7,21,9,20,19,20,13,19,14,25,15,17,12
Prdm5,1,2,0,2,1,3,2,4,1,3,1,2,2,0,1,1,0,3,1,1,1,2,1,1,1,0,1,7,1,1,2,2,1,2,1,0,1,1,0,0,1,3,0,1,0,2
Prdm9,15,5,8,20,14,10,12,15,21,10,13,13,11,7,10,13,8,12,9,13,4,17,10,6,11,12,7,21,11,7,5,7,11,5,12,7,8,7,7,5,13,10,14,9,4,11
Prdx1,35,20,58,346,68,103,65,64,41,43,55,69,67,60,71,75,67,62,57,56,29,58,80,74,46,43,65,40,103,65,57,38,195,37,39,46,35,56,57,22,114,46,88,38,55,29
Prdx2,1046,432,962,1334,979,1081,1290,1177,1448,995,1272,1242,944,1132,1092,1299,1353,1518,1073,947,408,1630,1408,823,1224,1210,1016,1118,1529,1196,1139,768,966,775,1006,1043,861,1099,1241,678,1467,966,1029,833,974,873
Prdx3,182,91,158,294,161,173,242,158,298,208,225,263,191,223,265,256,259,355,214,175,71,285,335,183,221,154,166,219,326,289,220,145,195,163,224,192,193,224,174,136,277,184,226,151,192,179
Prdx4,641,298,525,880,738,685,857,923,1251,801,801,1217,698,827,923,903,1032,1176,805,803,265,1079,1138,459,911,791,764,884,1322,1010,582,431,719,398,705,620,696,897,856,481,1078,792,669,453,556,706
Prdx5,1262,698,1287,1765,985,1421,1839,1331,1898,1303,1928,1763,1510,1582,1805,1552,1520,1345,1356,1166,419,1544,1796,1116,1921,1727,1183,1731,1792,1747,1741,1033,1549,1201,1533,1124,1263,1571,1557,1005,2040,1689,1201,1057,1202,1305
Prdx6,1022,464,919,1180,1077,1245,1308,1103,1534,1197,1182,1139,1487,1193,1403,1610,1462,1445,1083,1048,550,1682,1882,981,1317,1493,1113,1357,2179,1789,1313,953,1245,683,1461,1270,1277,1256,1581,835,2237,1450,1495,1029,1211,1372
Preb,19,8,20,18,7,13,14,21,10,13,15,48,7,12,15,16,19,20,10,19,6,16,16,11,8,8,12,15,6,17,14,12,12,11,10,7,11,16,15,6,24,8,17,10,8,9
Prelid1,497,216,416,714,469,557,586,624,696,525,698,709,562,468,670,554,633,899,509,516,200,874,667,449,600,580,614,629,684,769,578,461,643,485,525,566,487,546,647,396,830,643,545,503,534,459
Prelid2,3,1,7,11,6,8,10,9,14,8,8,7,6,10,10,11,13,60,1,6,3,45,8,14,11,6,7,9,16,6,25,7,2,7,11,6,7,6,4,3,2,6,17,8,2,11
Prelp,182,96,152,335,173,168,262,229,250,198,297,302,312,192,289,241,294,225,176,140,103,330,315,133,223,235,169,259,266,309,155,143,194,170,112,184,172,208,178,116,338,168,220,141,135,217
Prep,92,56,71,158,124,77,123,117,147,136,121,183,99,107,120,149,150,153,118,121,39,170,145,85,126,111,117,116,125,126,109,75,103,78,121,122,108,128,123,67,165,127,111,65,116,125
Prepl,12,9,8,23,12,15,16,16,20,15,17,23,12,15,14,15,15,21,14,9,8,18,17,14,11,16,13,17,13,14,19,8,16,14,13,21,9,14,11,9,14,9,19,11,10,9
Prex1,35,18,38,77,37,42,55,75,43,39,80,52,42,28,45,45,68,58,45,32,18,48,51,51,59,35,55,24,57,48,121,34,40,48,37,53,28,41,42,39,42,44,34,29,18,41
Prex2,3,4,5,8,0,6,4,0,4,9,6,5,4,5,4,4,8,0,5,3,0,2,6,5,8,5,1,4,5,4,0,2,6,3,4,8,4,8,6,3,5,8,2,0,8,5
Prg4,223,120,562,383,805,510,361,407,1663,231,446,731,259,249,382,288,253,349,171,364,142,188,340,268,430,344,552,366,384,509,552,241,374,249,451,377,206,288,255,193,549,327,508,290,282,239
Prickle1,10,9,7,12,8,13,11,14,8,15,11,9,19,6,11,11,18,10,8,8,5,23,17,18,16,14,11,3,16,13,9,1,13,5,13,10,6,19,7,5,12,9,11,8,7,9
Prickle3,20,9,13,27,14,15,25,16,26,24,19,22,22,20,27,21,25,18,14,15,2,19,13,14,16,10,19,16,22,20,12,10,14,10,12,14,8,21,18,12,15,15,19,13,14,8
Prim1,21,13,6,16,12,14,24,23,17,9,12,32,8,16,11,19,23,62,14,12,9,25,18,12,16,10,9,16,14,14,16,13,14,9,7,12,21,12,16,5,27,12,18,11,11,12
Prim2,12,4,14,23,18,12,6,13,10,14,9,14,10,10,9,9,8,39,7,12,6,22,13,14,14,7,12,11,12,13,15,4,8,11,16,7,15,14,7,6,17,10,8,7,11,14
Primpol,6,4,7,10,10,9,14,12,9,6,15,20,9,4,7,8,13,13,18,9,2,10,7,7,8,7,9,9,18,14,13,3,8,2,11,14,9,10,10,3,7,10,7,6,10,5
Prkaa1,6,1,3,6,5,1,7,6,6,7,4,6,4,3,8,3,7,5,4,3,2,3,2,3,5,6,3,8,8,3,3,4,4,2,3,3,4,2,6,2,3,3,3,3,4,1
Prkaa2,27,16,28,32,19,18,46,20,38,35,48,36,35,29,26,44,31,26,50,29,8,27,35,13,24,20,27,22,37,35,12,27,40,4,17,19,13,32,24,12,22,17,17,9,13,21
Prkab1,91,44,113,128,76,101,131,83,181,108,121,191,113,135,132,128,132,131,102,79,32,159,117,67,111,105,109,88,148,95,77,62,85,75,101,73,77,113,72,65,136,97,94,88,73,98
Prkab2,8,7,9,6,7,5,9,15,4,10,10,8,7,1,4,3,4,17,2,9,1,13,8,4,5,5,4,9,9,13,5,2,2,6,7,3,3,7,6,5,3,6,7,6,3,7
Prkaca,264,140,264,345,121,294,332,234,316,269,350,308,316,242,312,377,253,183,328,267,54,178,366,244,308,246,285,279,344,275,173,256,262,257,299,302,232,300,332,192,344,284,282,231,268,250
Prkacb,176,75,179,247,168,148,163,133,204,169,212,193,172,151,191,272,225,201,175,142,78,236,175,130,175,181,154,179,254,193,204,150,147,120,187,188,155,140,141,98,255,158,172,140,152,157
Prkag1,178,107,217,259,168,170,232,189,232,195,255,259,206,206,218,287,257,323,233,196,81,299,247,145,154,207,208,200,222,206,213,152,208,160,226,214,180,194,207,124,296,189,212,161,187,176
Prkag2,37,19,39,70,51,37,47,52,101,46,39,69,63,61,58,69,76,64,54,64,15,81,48,56,54,59,49,63,96,57,38,39,56,40,49,41,40,51,60,27,66,64,43,31,46,47
Prkar1a,170,87,152,296,133,150,224,172,237,178,245,256,198,166,215,224,229,250,193,156,61,283,206,105,177,188,179,222,295,219,175,115,164,123,159,163,167,153,155,109,211,176,190,110,154,177
Prkar1b,5,3,2,9,3,2,6,4,4,1,9,4,5,1,3,1,3,8,3,4,2,8,3,1,0,3,2,5,4,4,5,2,2,2,1,5,2,1,1,1,2,3,2,1,3,4
Prkar2a,331,161,275,317,264,335,258,220,324,240,285,416,269,195,262,448,342,273,247,242,111,307,321,207,249,290,247,243,273,236,254,214,255,204,253,212,185,233,244,136,388,218,272,153,174,199
Prkca,29,12,18,39,18,12,26,25,28,24,21,28,27,16,27,21,37,70,24,26,8,38,20,19,20,20,18,24,32,25,29,15,27,20,16,32,25,19,16,20,31,15,25,19,13,17
Prkcb,6,6,10,8,9,6,9,13,5,6,12,11,12,1,17,7,9,12,10,5,2,20,14,7,14,7,12,4,8,10,21,2,3,6,4,4,9,10,5,2,7,5,8,3,6,7
Prkcd,62,37,65,129,56,45,101,80,62,63,83,70,55,55,69,69,71,102,54,48,22,135,72,44,67,33,51,44,70,64,201,42,51,74,44,57,40,56,49,30,47,47,64,36,27,51
Prkcdbp,6,6,5,12,6,7,17,12,6,4,15,10,10,4,9,11,13,24,19,6,0,12,8,8,5,8,5,12,8,17,7,5,8,10,5,8,5,8,7,2,19,7,7,4,5,19
Prkce,51,22,56,59,34,50,41,47,56,52,63,57,56,35,58,83,55,56,60,51,25,49,57,40,51,47,43,67,51,52,35,30,58,40,66,68,29,41,49,23,63,44,46,46,44,48
Prkch,7,3,10,19,6,8,14,11,21,10,20,15,24,11,21,13,13,15,12,11,3,28,15,3,8,5,9,11,24,13,13,10,11,14,16,9,9,12,20,7,7,14,22,7,6,15
Prkci,67,36,66,113,63,69,93,81,83,67,100,98,79,76,67,81,96,104,94,61,35,93,87,59,71,74,54,75,87,80,64,54,64,61,55,89,63,68,74,41,91,70,62,48,72,64
Prkcq,3,2,3,4,1,4,2,8,1,7,3,3,2,4,2,4,2,4,5,1,2,3,3,3,4,2,4,0,1,6,8,3,1,4,3,2,2,8,5,0,2,4,2,1,2,4
Prkcsh,583,298,486,883,634,559,670,607,781,530,714,854,678,578,664,750,776,917,529,530,172,697,693,395,629,636,595,622,799,724,595,377,515,390,651,555,500,593,597,360,967,559,641,469,537,504
Prkcz,12,7,8,15,17,25,24,18,26,23,28,43,19,21,16,23,33,20,15,23,8,8,27,11,30,24,18,22,23,27,10,14,11,12,19,18,16,18,24,20,30,17,16,17,15,24
Prkd2,38,14,44,45,36,29,31,43,41,33,42,37,45,24,38,39,41,27,24,30,8,44,40,27,25,36,29,35,36,30,66,22,33,26,17,17,31,28,25,18,50,34,41,20,24,38
Prkd3,44,20,35,67,37,66,51,45,66,47,54,58,26,42,51,54,57,31,36,36,14,53,38,13,34,45,56,43,71,53,16,28,32,14,35,19,32,34,37,18,39,34,22,23,16,22
Prkdc,9,8,16,19,22,19,20,17,16,13,16,38,14,15,11,13,17,27,10,9,8,29,22,16,20,26,14,22,12,27,17,21,22,19,23,17,12,22,23,11,27,16,21,11,14,20
Prkra,57,23,68,72,63,76,70,70,96,44,63,69,71,60,81,80,97,62,81,51,24,67,90,45,54,68,52,70,109,87,58,42,55,50,76,75,57,69,58,36,84,63,51,39,68,64
Prkrip1,44,37,44,62,29,38,70,51,56,44,56,75,47,56,61,47,63,55,34,36,15,44,59,33,37,35,38,45,49,37,40,32,27,37,35,46,42,42,39,32,44,38,49,42,43,28
Prkrir,80,33,81,90,84,87,73,67,119,58,102,83,109,105,79,77,78,110,63,80,26,115,90,55,83,70,72,84,104,112,64,43,67,51,70,67,64,79,81,50,101,66,72,58,79,83
Prkx,14,13,10,22,30,14,24,23,20,11,19,23,20,16,14,30,14,33,17,15,8,31,12,8,11,20,17,9,14,18,22,13,13,10,9,6,8,18,7,5,16,15,13,6,7,8
Prlr,30,15,20,16,23,19,23,18,44,37,31,28,13,11,28,56,30,18,25,38,12,20,22,15,13,12,36,23,28,32,11,13,14,14,12,11,8,11,15,9,15,8,15,13,14,16
Prmt1,80,42,59,96,51,55,71,77,56,62,93,85,60,78,71,89,73,146,74,62,33,120,64,52,40,60,58,77,63,68,61,49,55,49,61,35,37,59,53,31,92,65,58,49,39,53
Prmt10,37,22,60,90,74,48,69,74,86,53,68,99,93,67,78,50,74,85,59,59,32,108,72,54,75,63,50,61,86,73,46,50,88,35,44,68,55,58,68,42,88,72,79,62,49,48
Prmt2,2,0,2,2,3,3,8,1,3,2,4,4,2,6,1,4,5,5,6,2,0,3,2,0,2,2,1,2,0,1,3,3,3,2,0,1,2,2,0,2,5,2,2,3,0,0
Prmt3,56,26,39,58,43,49,55,54,80,42,56,85,46,22,47,75,79,98,62,47,14,144,54,26,35,48,50,47,58,53,35,21,36,40,40,53,41,47,44,28,81,55,45,25,38,40
Prmt5,90,58,91,156,73,85,140,112,124,86,119,150,76,88,116,104,122,189,84,102,38,149,103,67,95,76,99,85,116,131,118,75,98,75,78,82,64,89,93,47,104,101,80,78,81,102
Prmt6,7,7,11,13,4,6,19,10,15,8,8,25,8,10,18,10,10,16,9,10,4,21,20,10,9,9,7,20,13,12,14,8,5,8,13,4,11,9,6,10,14,8,13,14,16,14
Prmt7,56,28,52,57,51,51,72,72,81,50,55,119,60,53,91,80,78,176,32,44,17,139,62,46,63,65,63,68,94,63,70,52,58,32,73,51,55,74,79,41,66,79,64,54,75,57
Prnp,105,39,84,114,90,102,123,114,152,114,103,140,105,112,119,93,111,110,99,110,47,104,144,114,148,116,93,157,226,176,154,83,104,59,96,109,96,105,106,77,131,110,102,70,86,88
Prob1,30,14,16,32,34,26,28,40,51,23,19,39,41,28,25,41,24,52,23,18,11,39,39,24,38,27,17,30,45,33,26,16,29,20,23,22,22,31,25,14,65,29,32,21,27,30
Proc,2607,1383,2738,4295,2056,2574,3232,2909,3424,2805,4016,4238,3085,2657,3191,3885,3664,2424,2579,2592,858,2715,3446,2086,2970,2789,2932,3157,3885,3040,1843,2105,2578,2176,3094,2558,2268,2671,2908,1911,3777,2911,2677,2259,2525,2441
Proca1,66,24,23,43,14,27,29,35,19,32,48,34,36,34,33,61,58,12,50,46,28,19,48,22,34,26,22,48,21,23,46,35,51,26,55,65,33,35,54,21,45,36,31,26,30,31
Procr,7,3,5,22,10,5,13,20,8,7,16,11,3,7,10,10,10,12,2,11,7,21,3,11,4,3,5,9,10,8,105,7,5,9,2,4,3,5,5,2,3,6,8,5,3,1
Prodh,900,475,1084,1603,850,872,1641,1520,2057,1014,1189,1524,1985,1449,1250,893,675,566,799,903,459,1037,2163,1661,1926,1646,861,1350,1659,1499,854,879,1377,1118,1415,1385,843,1328,1600,1212,2721,1636,1644,1331,1405,1302
Prodh2,834,420,800,968,445,898,772,760,955,767,941,974,946,822,1021,915,1018,708,673,813,239,1057,817,721,921,715,739,918,1431,874,571,626,982,752,900,1023,827,842,935,552,962,792,1074,699,816,704
Prom1,5,4,2,5,6,2,4,2,5,6,6,10,6,1,1,4,2,4,7,1,0,5,7,2,4,8,3,3,4,7,1,1,1,3,1,2,1,5,2,3,11,6,5,1,0,4
Pros1,155,62,180,264,163,130,158,128,308,111,222,290,189,125,128,211,161,127,107,152,43,146,147,98,149,152,153,121,178,164,95,97,135,78,121,125,115,106,117,76,145,101,126,83,86,89
Prosc,8,3,11,11,7,8,5,4,11,10,10,11,7,4,9,19,16,13,10,8,6,11,3,5,8,8,4,4,6,8,9,6,6,7,7,4,8,7,8,6,11,9,7,9,1,6
Proser1,51,42,39,93,38,45,75,67,55,45,84,94,61,48,71,35,51,63,46,35,15,65,59,32,54,38,46,59,47,71,46,38,58,43,45,57,30,57,65,27,75,46,45,54,54,61
Proser2,4,10,9,10,6,14,13,8,20,14,9,22,14,12,6,9,11,11,12,10,3,16,14,10,14,9,9,16,12,4,8,6,7,8,9,8,12,9,10,11,11,11,9,5,9,10
Proser3,5,1,0,3,2,0,4,4,6,0,6,6,5,1,1,2,4,4,4,4,2,3,3,3,1,0,3,3,3,2,3,1,3,0,0,1,2,1,3,1,4,2,4,2,0,5
Prox1,26,46,43,39,32,37,25,43,29,33,56,50,36,38,65,22,23,27,26,23,5,52,40,25,40,39,25,13,25,31,22,14,22,15,28,18,21,24,24,14,30,24,22,27,16,31
Prox2,2,2,2,2,3,1,0,1,1,2,2,2,3,3,1,6,4,0,0,0,0,1,2,1,3,3,2,1,1,4,2,0,1,2,1,0,1,2,4,0,2,1,2,0,2,0
Proz,485,225,504,601,479,505,538,523,755,478,605,799,543,478,564,657,610,279,457,516,199,424,605,408,529,491,570,493,710,594,440,316,393,289,549,460,360,461,517,287,657,486,528,370,432,471
Prpf18,51,25,49,123,57,53,64,73,102,63,97,90,67,66,74,112,88,82,53,61,41,110,70,38,58,70,54,70,89,95,72,51,80,43,61,52,53,80,67,47,86,64,68,44,37,51
Prpf3,26,12,27,35,12,24,37,24,36,22,26,50,31,21,50,27,17,27,27,17,6,14,30,20,29,17,17,18,32,24,8,17,25,14,25,16,26,25,17,17,30,17,13,16,8,17
Prpf31,5,3,4,9,3,4,6,6,9,8,4,9,5,3,9,4,8,8,0,3,2,10,4,2,1,5,4,3,5,7,6,2,3,1,2,3,1,0,3,2,7,1,5,7,5,3
Prpf38a,41,21,52,55,60,38,51,38,53,41,56,62,58,49,59,43,69,94,30,44,29,77,59,39,69,50,41,47,65,67,71,29,48,35,53,53,44,43,46,26,65,41,59,38,40,45
Prpf38b,93,48,117,168,92,104,132,113,144,119,174,172,100,89,127,111,144,143,113,85,43,160,117,60,127,113,122,114,136,135,106,75,98,87,84,107,84,113,95,60,128,94,110,79,73,85
Prpf39,3,0,2,8,2,0,4,2,6,1,5,0,0,3,3,2,6,2,4,2,1,3,7,3,4,1,1,4,3,5,0,0,5,1,0,1,1,1,2,1,0,3,2,3,1,0
Prpf4,7,10,9,23,8,15,15,8,8,14,20,14,17,13,13,13,14,12,10,13,9,18,15,9,13,6,11,6,15,12,18,8,14,3,14,6,7,14,6,5,16,9,10,13,14,5
Prpf40a,4,2,5,7,9,8,13,8,16,9,7,15,5,7,12,7,7,14,7,11,4,11,14,3,8,9,4,11,6,10,4,4,9,6,8,8,6,8,7,5,6,10,4,5,5,8
Prpf40b,40,24,32,57,37,24,50,36,55,37,58,62,34,30,40,41,58,54,37,33,9,53,36,27,39,34,46,29,34,33,28,20,25,27,24,19,31,32,19,20,34,28,28,19,23,28
Prpf4b,24,9,18,24,26,25,23,21,37,19,17,52,15,30,26,29,22,45,15,22,10,38,32,17,11,11,12,15,30,21,13,13,19,10,10,20,16,13,15,13,23,12,20,12,9,19
Prpf6,155,76,151,254,139,157,200,187,183,109,231,215,179,167,150,218,190,146,147,134,60,181,218,130,201,146,186,158,201,203,122,115,180,128,151,153,115,161,183,118,252,203,189,155,158,177
Prpf8,562,323,650,907,604,732,827,773,844,705,830,927,694,697,751,849,896,708,739,612,259,851,846,521,776,766,645,750,1081,768,449,478,732,551,753,691,634,736,732,416,937,697,750,561,631,621
Prph,1,0,2,0,1,2,1,1,6,2,0,3,5,1,3,2,0,5,3,1,1,3,3,1,3,2,2,2,2,3,2,1,5,0,6,3,2,1,0,1,2,3,1,1,1,5
Prps1,73,33,80,66,50,84,73,57,115,71,84,124,72,83,84,80,80,122,68,78,33,118,105,58,47,60,84,80,119,81,40,44,66,28,67,50,54,70,54,55,72,78,61,40,54,88
Prps1l3,6,3,6,3,9,2,4,5,6,2,5,12,5,9,4,4,5,2,2,4,2,2,6,6,6,8,5,7,5,1,1,3,2,1,5,5,5,4,0,2,2,3,3,4,3,6
Prps2,10,5,2,13,3,3,14,10,10,11,7,10,13,6,11,10,5,10,5,4,6,14,10,4,2,13,3,7,10,7,3,8,6,3,4,7,7,13,8,2,8,7,9,3,4,5
Prpsap1,473,238,448,711,478,450,566,580,529,403,700,494,524,452,515,850,663,778,474,415,166,826,608,360,541,536,426,429,531,541,625,476,563,375,549,500,409,453,519,303,765,537,500,352,419,494
Prpsap2,20,19,28,42,31,37,51,40,37,41,32,44,45,30,54,48,40,28,35,34,18,40,76,45,48,38,38,45,44,49,30,42,50,40,42,52,36,38,44,30,72,39,53,43,40,28
Prr12,25,23,29,55,20,34,34,41,31,34,39,41,40,40,37,37,44,50,39,19,8,50,41,23,32,30,37,52,54,35,22,29,41,14,20,22,19,33,18,20,43,16,21,24,26,14
Prr13,276,123,271,353,289,295,327,353,391,314,319,355,235,292,328,349,344,506,266,266,128,343,369,235,292,285,285,346,395,367,395,233,289,162,305,317,268,311,334,188,427,313,328,234,260,265
Prr14,142,63,113,174,84,125,173,105,195,122,165,190,133,124,175,138,151,108,127,113,34,142,172,114,148,149,120,164,159,143,80,87,147,89,139,115,96,144,139,89,201,113,146,91,99,110
Prr14l,26,13,31,53,46,31,38,38,49,44,51,58,39,24,36,34,43,35,24,31,13,39,42,33,38,28,41,42,50,41,39,27,36,25,30,34,32,31,32,21,47,40,38,24,38,39
Prr15l,4,7,2,4,15,5,19,6,8,7,9,16,11,11,3,12,13,6,10,5,0,8,12,3,4,16,4,15,9,12,6,7,7,5,7,1,2,10,6,7,22,6,8,8,3,7
Prr16,30,13,26,37,27,44,30,25,56,27,44,44,30,40,44,34,35,20,30,27,9,22,37,23,29,30,34,32,44,36,25,24,33,20,32,29,27,32,39,21,50,33,29,22,19,30
Prr22,0,1,3,0,2,0,4,0,3,4,0,3,3,2,2,3,2,6,2,3,1,2,0,0,2,2,2,0,1,0,2,0,0,1,2,3,7,1,1,1,1,2,1,2,0,1
Prr3,20,15,17,42,9,25,26,12,23,20,34,23,33,16,22,28,28,35,22,21,11,21,30,17,23,16,22,33,21,31,26,12,14,29,22,19,12,21,22,17,29,28,25,10,21,10
Prr36,4,0,4,7,5,6,8,3,6,12,6,5,3,4,4,10,10,1,4,4,1,2,11,1,3,10,3,8,8,7,3,1,6,7,7,5,3,2,2,2,5,2,11,2,5,5
Prr5,23,15,24,51,11,13,27,23,32,19,38,25,25,27,30,38,37,28,22,26,3,27,27,17,22,22,25,34,33,39,21,31,26,22,27,25,21,26,22,21,36,29,32,23,39,27
Prr7,0,0,2,3,2,0,0,1,0,2,1,1,2,1,0,3,1,2,0,2,1,7,2,0,1,0,1,2,1,2,1,2,1,2,1,0,0,0,1,0,2,0,2,2,1,0
Prrc1,64,40,46,61,58,65,52,65,101,71,62,129,66,56,64,91,74,90,45,57,30,67,92,48,58,66,74,77,90,74,66,75,53,20,82,64,56,45,65,55,78,64,64,44,57,55
Prrc2a,254,105,197,283,177,247,311,238,273,215,310,316,153,213,278,242,303,261,256,188,59,272,179,130,217,221,258,252,270,241,225,124,180,172,149,106,105,247,214,96,292,168,128,95,125,145
Prrc2b,187,67,149,251,134,106,169,153,204,151,186,169,153,142,174,214,225,205,143,138,59,238,186,101,179,181,136,182,190,195,151,106,150,109,150,150,121,164,136,105,222,135,114,105,145,140
Prrc2c,15,4,2,8,13,9,13,4,10,7,15,17,6,4,7,10,18,21,11,8,3,8,5,2,4,1,6,7,9,11,8,6,2,4,3,2,2,3,6,5,5,3,2,4,4,4
Prrg2,259,132,215,292,171,247,247,269,284,245,296,286,258,225,285,336,309,251,229,228,86,249,292,138,202,291,199,287,284,293,212,190,241,194,288,230,209,275,270,150,381,250,262,200,206,231
Prss36,32,18,40,52,22,41,45,48,43,42,41,40,30,27,54,31,44,43,33,26,10,51,40,35,43,30,37,60,52,62,32,39,36,27,38,41,43,54,48,26,59,42,40,32,37,40
Prss53,20,4,9,14,4,15,13,11,7,3,16,16,9,9,16,6,14,9,9,16,1,6,9,2,11,5,4,16,20,11,5,6,10,3,10,9,10,8,12,8,12,10,10,5,6,10
Prss8,52,28,44,113,96,41,123,95,100,90,60,86,85,44,53,97,100,134,96,67,25,196,77,46,69,102,61,106,124,85,48,53,73,66,72,71,77,86,68,82,106,77,58,39,80,70
Prtn3,27,16,405,38,766,206,58,108,1212,6,240,717,8,8,44,62,27,8,16,231,41,6,28,13,102,119,454,23,52,124,60,16,55,11,139,15,12,37,24,27,80,9,116,47,15,10
Prune,33,17,35,58,40,27,32,35,36,26,53,45,42,36,41,52,59,113,34,40,12,131,48,13,22,37,20,37,37,45,56,29,27,35,43,37,34,34,43,18,49,37,29,21,30,30
Psap,497,297,412,698,449,437,588,437,582,581,896,749,520,395,592,768,728,798,613,468,209,823,480,344,441,483,520,464,452,562,1003,426,591,567,365,428,384,397,507,254,736,458,434,371,453,415
Psat1,11,3,1,14,5,3,2,5,2,3,6,9,0,1,0,30,71,102,6,2,2,46,5,0,5,4,2,1,1,2,7,0,1,0,2,1,4,2,0,2,3,0,2,0,1,0
Psd3,56,19,42,79,54,38,66,53,77,76,52,69,52,27,54,61,68,50,47,44,26,69,76,32,43,44,44,62,65,72,31,45,62,28,50,61,40,44,61,30,69,48,64,37,37,54
Psd4,6,8,8,28,13,14,20,28,23,10,22,19,18,7,17,18,16,42,13,12,9,22,27,13,24,8,20,16,23,24,39,14,16,26,8,21,17,14,18,17,15,11,16,11,19,6
Psen1,72,41,81,113,81,125,97,94,179,85,121,121,100,83,87,112,113,136,91,107,36,123,105,76,80,86,97,100,128,129,140,86,88,79,108,86,81,109,97,69,121,109,101,83,81,94
Psen2,1619,755,1452,1987,2514,1600,2414,2654,3270,1729,1622,2370,1879,1501,1811,1736,1656,1243,1549,1659,637,1361,2790,2101,2372,1918,1935,2078,3084,2316,2123,1556,1872,1928,1968,2412,1847,2317,2066,1691,3226,2172,2292,1689,2061,1931
Psenen,67,14,116,78,39,112,121,85,136,58,148,140,36,68,73,67,140,117,62,97,16,106,121,44,70,45,53,70,70,121,35,41,76,90,45,60,37,70,50,42,162,101,24,40,37,44
Psip1,85,46,49,94,80,44,67,60,42,42,75,56,49,42,56,96,64,112,70,56,37,89,59,20,38,49,83,54,58,48,50,35,47,22,38,34,43,42,40,17,62,31,43,30,32,37
Pskh1,105,64,92,154,118,133,119,143,168,113,180,168,135,139,151,153,186,160,133,137,42,181,160,98,113,133,125,135,175,124,101,87,108,101,126,114,104,122,141,90,180,141,131,88,127,125
Psma1,90,43,78,170,118,100,169,137,150,98,114,139,112,113,157,110,129,161,115,124,66,180,176,78,107,118,109,109,169,143,205,105,118,52,127,130,115,113,121,76,163,133,109,94,98,116
Psma2,332,158,371,422,327,328,415,378,435,391,383,447,462,383,451,341,389,538,364,353,158,551,457,238,363,340,294,345,418,437,360,270,380,204,319,293,357,359,359,223,480,342,293,221,290,322
Psma3,102,59,121,209,106,152,197,131,172,162,152,192,182,130,186,87,86,199,187,176,40,234,114,73,176,145,73,150,213,131,116,129,101,80,106,134,152,88,119,82,213,181,163,66,74,21
Psma4,69,27,42,52,49,43,50,41,52,44,53,55,42,46,57,47,40,54,54,48,17,53,60,24,32,46,46,55,55,66,55,34,34,24,33,41,24,34,26,22,43,43,33,33,39,34
Psma5,178,56,205,270,83,181,227,70,262,160,201,180,292,164,184,252,267,102,183,173,58,115,283,142,243,252,107,159,287,233,84,121,192,97,203,180,187,196,198,110,307,172,205,157,157,155
Psma6,212,70,192,209,183,197,238,207,287,232,214,276,249,255,282,213,257,402,235,227,89,313,314,169,258,233,207,243,283,317,212,155,263,121,242,192,229,245,214,163,300,248,208,185,205,237
Psma7,926,514,933,1538,1029,1092,1262,961,1349,842,1424,1383,1164,950,1147,1158,1348,1501,965,1043,484,1558,1355,782,1094,1105,946,1053,1187,1153,1156,730,901,733,1083,924,929,997,1153,634,1280,915,935,797,829,795
Psmb1,1376,730,1149,1864,1116,1405,1662,1483,1655,1432,1825,1889,1529,1180,1536,1807,1783,2002,1600,1513,551,2078,1921,976,1547,1474,1270,1577,1974,1650,1312,1040,1512,1210,1634,1508,1243,1467,1548,996,2112,1522,1558,1167,1342,1402
Psmb10,483,227,503,814,582,401,687,699,588,497,722,577,536,386,558,570,722,558,519,474,272,558,580,339,524,503,532,476,711,572,1759,323,477,559,449,307,389,559,429,278,661,396,546,360,384,445
Psmb2,277,114,225,303,190,208,356,273,314,284,328,411,190,228,296,264,243,407,263,260,72,309,401,188,248,237,291,347,357,284,370,214,198,214,285,212,223,293,201,164,336,334,235,118,251,301
Psmb3,414,248,453,629,277,435,598,580,644,557,625,636,517,542,602,499,562,556,497,557,148,583,526,350,448,535,505,554,668,530,504,459,438,404,460,441,439,546,557,399,631,562,513,371,439,413
Psmb4,1361,688,1326,1994,1418,1435,1796,1639,1972,1431,1898,1927,1702,1440,1741,1924,2225,2912,1519,1541,646,2635,2027,1064,1699,1678,1321,1592,2041,1842,1923,1024,1477,1088,1690,1534,1332,1645,1682,935,2204,1515,1554,1142,1343,1454
Psmb5,253,110,204,381,190,223,314,244,270,266,331,330,244,237,270,296,355,479,233,241,114,292,277,162,234,270,220,275,271,286,335,197,269,219,249,239,183,233,278,176,328,284,229,209,174,236
Psmb6,1414,653,1323,1950,1080,1423,1717,1636,1568,1421,1695,1828,1393,1475,1664,1624,1834,2047,1434,1455,496,1842,1686,1048,1490,1422,1330,1574,1892,1664,1460,1113,1414,1135,1648,1416,1180,1480,1555,884,2023,1513,1511,1160,1374,1275
Psmb7,295,147,264,492,185,277,443,280,388,305,402,399,322,375,424,338,388,355,339,394,113,289,459,215,343,290,279,393,395,406,238,305,332,226,331,311,246,352,341,205,422,333,306,226,269,300
Psmb8,367,206,486,915,415,407,758,689,636,430,689,555,647,424,698,500,556,353,385,599,195,409,657,404,638,513,496,531,576,604,2211,373,483,588,383,435,335,673,503,229,580,536,597,406,360,379
Psmb9,96,50,123,236,82,85,222,126,147,98,180,127,141,85,201,142,117,68,95,129,54,53,132,110,190,167,102,136,202,179,553,144,138,197,110,163,110,192,135,98,175,143,159,101,120,107
Psmc1,448,203,405,576,397,490,530,442,636,449,619,560,559,482,566,664,622,643,430,467,211,651,569,371,443,532,399,481,641,581,434,351,479,339,555,427,438,488,462,284,698,470,505,326,427,465
Psmc2,442,231,469,637,429,522,607,577,691,492,660,772,547,465,582,427,602,772,490,516,187,826,710,316,534,532,482,612,594,616,571,393,471,426,627,509,473,567,505,367,711,572,526,333,415,437
Psmc3,759,354,631,1008,699,645,906,810,896,702,951,898,828,663,852,944,1029,1163,737,784,312,1042,820,521,816,800,677,737,832,827,955,521,709,637,796,759,601,775,843,534,1147,799,795,620,733,685
Psmc3ip,5,3,2,5,0,3,8,6,5,0,5,6,4,0,6,3,2,13,2,1,1,11,9,3,5,2,2,5,3,2,6,6,3,5,3,4,5,5,8,1,7,5,3,5,8,5
Psmc4,383,188,322,589,383,437,551,426,593,471,549,662,493,475,560,524,558,767,390,455,189,728,585,305,465,521,383,571,489,577,472,367,415,346,502,427,407,472,474,292,659,515,448,351,400,410
Psmc5,347,152,287,365,197,255,335,322,361,291,357,467,298,303,364,366,278,441,273,299,71,399,409,211,246,319,316,342,372,315,361,213,270,256,347,309,219,311,296,186,408,291,326,208,236,218
Psmc6,25,12,33,30,28,22,32,27,36,33,34,51,23,25,26,23,27,42,49,26,11,37,37,27,24,22,24,20,34,36,17,20,25,17,20,24,27,22,17,16,32,21,22,20,13,16
Psmd1,645,296,526,779,638,612,765,647,707,560,831,843,653,539,753,834,810,1038,632,557,295,1066,843,394,598,599,595,716,714,698,679,460,673,459,599,584,500,662,652,361,850,651,604,487,494,526
Psmd10,40,17,30,47,32,42,43,34,61,38,37,47,44,30,30,37,54,62,32,36,18,57,50,25,46,35,35,36,42,38,50,24,31,27,21,34,29,38,30,21,52,23,24,22,29,32
Psmd11,176,95,192,276,185,203,219,157,239,186,219,260,214,195,234,284,260,265,178,186,86,313,274,118,170,170,147,181,219,220,140,133,163,105,195,175,148,156,141,83,222,178,169,119,121,137
Psmd12,308,184,303,522,337,359,405,372,427,368,452,508,433,347,449,490,471,492,402,383,156,597,532,272,380,408,350,406,477,457,352,276,458,262,370,408,363,391,393,277,597,394,383,314,377,335
Psmd13,267,111,191,327,203,240,274,241,324,244,278,337,272,231,281,317,330,477,250,294,62,388,286,166,229,209,222,266,293,275,279,179,218,210,316,266,215,271,283,202,342,276,252,198,239,255
Psmd14,141,67,121,203,186,168,209,204,225,183,177,253,181,179,238,149,185,361,168,196,92,263,279,148,212,192,169,244,244,232,242,152,199,113,184,195,212,223,213,125,296,222,217,148,188,200
Psmd2,326,156,251,426,253,320,385,321,442,337,406,516,349,276,332,469,437,405,333,368,130,356,377,225,331,344,295,373,370,415,409,276,382,298,352,308,262,342,360,219,493,390,321,312,311,299
Psmd3,355,191,332,468,226,285,403,339,316,310,461,473,381,306,369,474,413,485,375,292,99,431,387,211,328,271,307,348,356,290,385,246,336,333,393,398,258,306,342,251,412,316,402,290,338,279
Psmd4,592,325,494,686,351,479,687,478,573,514,730,708,561,444,572,691,616,634,470,492,152,593,611,335,482,438,446,544,523,521,500,420,472,446,551,509,426,482,532,330,619,471,538,407,401,398
Psmd5,92,54,82,134,100,76,109,96,133,98,102,116,87,93,92,156,126,127,121,89,40,136,129,72,100,88,76,118,122,111,112,69,93,64,86,102,81,90,95,68,113,74,90,71,62,83
Psmd6,236,102,222,310,287,240,257,246,355,287,323,360,342,268,345,290,325,428,220,287,157,460,406,181,321,329,225,309,346,355,217,226,304,167,303,297,275,318,328,160,420,294,275,200,265,265
Psmd7,396,178,273,517,307,349,462,310,428,333,489,478,342,290,388,457,434,430,348,356,133,439,523,199,314,337,381,372,382,360,332,249,284,279,319,305,215,328,292,159,437,275,310,247,234,218
Psmd8,656,274,543,780,526,561,720,624,881,623,793,880,723,646,692,875,809,2074,656,666,223,1496,904,443,651,675,587,757,828,749,764,500,627,546,761,655,571,648,720,441,997,724,656,450,586,614
Psmd9,11,16,16,27,9,16,20,8,22,14,23,14,25,11,12,33,33,25,16,10,5,32,20,5,14,13,10,25,10,13,6,20,14,10,20,13,14,9,12,7,22,8,18,18,15,17
Psme1,1134,592,937,1784,1057,898,1480,1509,1541,1174,1421,1358,1205,1052,1447,1473,1746,1371,1000,1202,474,1076,1132,800,1278,1347,1107,1342,1621,1303,2519,711,1075,1011,1085,915,1034,1344,1301,756,1455,1177,1272,864,1057,1095
Psme2,655,327,653,988,616,715,801,782,823,579,921,857,779,638,808,826,917,742,649,689,296,828,844,569,792,739,653,645,958,711,1530,491,651,577,656,632,618,622,688,423,916,744,769,560,561,536
Psme2b,39,34,38,110,41,27,31,36,45,28,54,28,41,24,46,97,37,37,38,32,23,32,38,24,37,40,44,25,49,39,90,17,40,79,68,31,26,29,74,20,51,31,31,35,24,59
Psme3,140,75,128,195,127,135,162,128,106,143,159,223,168,141,169,201,120,255,143,139,60,262,216,112,138,101,167,159,157,158,119,104,156,96,156,133,123,137,174,95,199,164,145,138,116,122
Psme4,92,42,72,121,77,94,108,85,153,86,132,118,119,97,118,142,144,127,102,80,48,147,158,79,100,126,93,116,129,128,65,81,117,54,103,103,83,104,94,71,164,105,80,68,91,101
Psmf1,33,25,20,48,24,26,31,36,49,29,43,51,41,26,35,52,34,41,34,37,9,48,40,25,23,26,26,28,49,45,38,26,34,25,37,17,42,32,39,23,43,46,38,15,27,27
Psmg1,125,42,109,117,61,120,138,80,166,104,112,135,104,100,134,147,131,111,111,90,37,108,172,84,115,129,85,120,175,142,61,90,95,74,114,89,125,121,137,63,179,106,114,81,77,110
Psmg2,81,48,81,107,85,95,90,91,110,68,94,115,94,71,95,101,90,154,84,92,33,153,105,72,102,104,76,88,123,119,82,65,82,54,89,93,86,91,101,68,163,109,95,85,65,76
Psmg3,181,99,138,189,94,158,164,157,171,127,197,221,173,173,164,220,164,179,131,158,57,193,187,113,137,104,139,189,208,152,171,121,134,158,178,180,119,167,191,104,234,167,159,135,125,167
Psmg4,114,75,143,252,114,160,194,186,185,136,197,214,192,160,176,219,198,367,150,148,65,315,208,141,127,147,146,158,216,184,278,116,159,124,154,147,150,197,178,100,208,163,190,122,135,104
Pspc1,7,12,13,27,11,20,12,30,13,14,18,16,21,22,31,17,12,53,14,26,11,55,19,7,11,16,7,14,16,22,23,18,19,15,19,14,13,14,16,18,33,19,17,10,25,13
Psph,85,34,44,105,71,44,78,70,96,73,95,194,72,53,66,123,154,170,81,81,26,122,116,47,84,68,78,80,62,68,70,58,73,57,60,55,58,61,59,43,91,64,54,35,64,51
Psrc1,1,0,0,1,2,2,0,4,0,1,4,0,4,0,0,0,1,10,2,1,0,3,0,2,1,0,2,0,1,0,2,0,1,3,4,1,3,0,2,1,0,0,3,0,0,1
Pstk,60,31,59,80,79,63,99,65,96,69,76,86,69,54,72,90,106,84,79,62,29,108,90,61,103,79,58,92,92,76,45,47,53,39,68,77,67,79,75,42,94,70,96,58,64,61
Pstpip1,3,1,4,9,5,3,5,12,2,4,6,5,6,1,8,0,2,7,6,4,1,9,3,2,7,1,6,2,3,3,34,3,2,6,0,3,2,6,2,1,1,2,0,0,1,0
Pstpip2,1,2,2,4,6,6,5,4,7,2,0,6,3,4,3,4,5,1,1,5,0,2,5,2,4,4,6,2,4,4,7,2,2,6,2,1,3,1,1,1,9,2,3,2,2,3
Ptar1,5,3,5,13,5,7,5,3,2,7,6,6,5,7,6,4,5,5,3,2,2,6,4,3,4,5,2,8,1,5,3,3,9,1,4,2,1,3,3,1,5,4,6,0,1,5
Ptbp1,228,149,271,421,238,279,301,289,267,194,324,292,241,190,264,314,262,377,209,232,79,441,265,158,244,215,280,227,290,287,219,144,212,182,258,248,184,234,224,136,331,247,253,180,210,226
Ptbp2,10,8,6,33,13,12,25,23,14,19,23,22,9,17,12,18,24,25,22,7,3,38,14,11,13,16,9,10,17,9,6,12,21,6,16,18,9,17,12,10,18,15,12,10,8,20
Ptbp3,13,5,14,18,11,12,13,12,16,19,18,12,6,15,14,12,18,20,13,10,5,23,14,5,11,5,11,7,19,10,5,6,8,2,13,3,3,8,6,3,10,10,6,3,5,8
Ptcd1,41,27,48,80,53,44,54,53,29,39,64,61,59,51,58,80,62,66,57,37,19,72,56,26,46,47,46,56,71,56,38,41,41,32,43,40,22,35,40,30,74,37,52,35,43,49
Ptcd2,180,91,149,182,159,177,188,184,331,244,194,324,195,182,221,282,307,261,206,199,94,273,240,153,174,178,215,215,276,232,188,161,153,162,196,193,196,186,223,149,310,193,167,154,172,184
Ptcd3,11,3,6,11,5,8,11,10,10,7,12,14,7,8,5,8,11,11,9,8,2,11,14,7,12,10,8,9,9,9,6,7,12,5,7,9,4,5,13,7,7,11,7,5,10,2
Ptdss1,261,119,202,277,196,234,206,210,277,276,306,273,278,227,270,280,308,254,214,204,94,304,255,192,208,224,194,238,298,253,208,192,278,197,255,230,155,222,252,140,381,233,217,214,203,164
Ptdss2,42,28,56,79,55,53,65,49,61,57,66,62,61,47,58,70,71,81,61,59,21,80,78,40,81,61,43,83,91,75,50,45,62,42,71,62,52,76,73,43,83,83,60,55,61,58
Pten,2,1,3,5,0,4,2,1,6,5,3,0,1,3,2,5,5,1,0,3,0,5,1,0,3,2,3,0,2,3,1,0,1,3,3,2,2,2,1,0,3,2,2,1,1,2
Pter,4,1,3,3,13,7,5,3,19,12,4,11,4,1,4,4,5,2,8,3,4,1,7,5,3,8,7,8,11,3,2,1,3,1,6,4,4,5,4,1,1,3,3,6,4,6
Ptgds,2,2,0,5,4,2,3,3,2,0,1,11,7,3,0,0,1,2,1,1,0,1,3,8,2,8,0,6,10,2,0,0,1,1,0,0,6,2,4,4,10,14,2,3,3,2
Ptger4,1,0,2,8,1,2,3,8,1,1,4,6,0,2,5,4,3,4,1,0,3,11,2,2,1,1,3,3,1,6,9,4,1,0,0,3,4,1,1,1,3,2,1,0,0,3
Ptges,0,0,2,1,1,0,0,0,2,0,0,1,0,0,1,1,2,0,3,2,0,0,4,2,0,1,2,1,0,2,6,2,0,2,0,1,1,1,1,0,4,3,1,5,0,0
Ptges2,72,48,58,127,57,86,82,87,124,86,93,102,99,90,89,82,99,136,87,74,18,137,107,70,81,94,82,113,87,104,84,66,89,69,80,71,74,99,113,54,97,91,82,54,71,57
Ptges3,126,61,104,175,81,127,130,81,154,161,132,169,116,125,195,159,147,147,113,120,43,167,176,80,112,108,130,197,205,127,119,91,106,53,143,129,114,108,126,65,146,137,126,76,94,136
Ptges3l,10,1,4,6,9,4,15,9,6,6,8,10,6,8,9,8,13,11,5,4,4,7,11,10,11,7,13,8,7,10,12,4,8,7,8,9,4,9,12,5,10,13,5,7,6,4
Ptgfrn,4,4,5,17,14,4,6,15,10,8,13,11,12,16,11,12,10,37,13,7,9,21,18,2,8,9,2,23,14,11,8,5,9,12,9,4,5,12,4,3,9,4,8,6,9,7
Ptgir,0,1,2,3,2,1,4,3,1,1,2,1,2,1,2,1,2,1,3,1,1,1,5,1,1,3,2,1,0,1,4,2,1,6,0,1,3,0,0,1,4,0,3,1,2,3
Ptgis,10,5,12,23,12,6,21,8,14,12,11,9,16,11,8,8,12,11,10,6,3,6,19,7,12,11,8,17,5,21,16,7,8,12,12,11,12,11,13,5,20,14,11,8,10,11
Ptgr1,6,7,6,24,23,10,22,20,21,13,10,11,16,10,11,5,10,14,10,10,2,9,23,6,14,11,9,16,9,8,12,3,10,11,5,3,19,16,4,9,18,15,5,9,11,12
Ptgr2,103,42,91,127,72,83,101,88,156,123,114,109,111,102,125,150,129,104,111,117,59,172,152,86,110,113,88,130,178,142,99,86,114,87,108,76,90,100,99,55,156,132,133,66,98,122
Ptgs1,43,25,47,87,79,48,87,72,61,37,67,68,53,26,68,59,64,54,33,46,37,69,66,38,55,46,50,34,48,62,109,25,34,45,35,40,26,38,26,24,45,36,64,32,24,31
Pth1r,83,41,63,138,68,56,65,72,72,66,134,69,94,64,82,123,116,120,95,72,17,118,77,36,73,86,51,101,102,84,38,47,56,49,74,62,74,80,61,35,79,44,73,49,58,53
Ptk2,33,21,35,58,45,45,57,45,60,46,48,51,46,38,50,64,57,82,56,42,17,107,46,33,44,51,41,54,66,56,51,31,43,32,44,32,38,68,36,31,50,43,46,22,31,47
Ptk2b,70,36,81,131,79,104,134,96,112,81,107,119,96,80,96,99,146,108,95,88,26,102,126,73,100,97,67,127,155,116,119,73,80,85,106,103,81,123,102,64,137,92,109,64,95,81
Ptma,310,190,304,395,229,339,256,393,407,439,401,669,299,293,383,467,379,743,416,379,89,513,408,213,307,233,419,443,438,307,374,234,272,272,354,249,252,301,298,212,490,422,389,163,279,260
Ptms,1956,907,1746,2192,952,1712,1970,1824,1962,1873,2099,2321,1795,1784,2273,1923,1448,1059,1780,1716,428,1275,2426,1450,1758,1482,1935,2335,2539,1827,1010,1550,1608,1560,2038,1784,1409,2029,2277,1127,2640,1822,1882,1272,1655,1595
Ptov1,427,184,316,506,252,408,469,424,437,390,532,488,356,356,458,543,585,560,483,360,129,585,390,251,379,375,376,424,485,401,363,310,401,330,350,344,314,436,330,243,545,364,363,269,351,340
Ptp4a1,17,10,8,22,25,15,12,4,26,17,28,26,14,15,26,17,17,24,11,9,1,16,15,16,9,7,11,17,20,13,7,10,14,1,13,21,12,10,11,5,6,24,12,12,9,19
Ptp4a2,454,221,409,584,377,419,517,462,533,464,636,533,497,363,498,620,581,697,502,387,182,771,555,279,402,493,412,444,477,479,423,335,455,302,478,379,338,442,412,285,554,419,414,337,327,368
Ptpdc1,3,3,2,1,7,3,4,7,4,5,7,9,6,9,4,5,2,14,6,8,1,17,6,1,1,4,7,1,5,3,5,2,4,3,5,1,6,1,0,2,7,3,5,0,1,4
Ptpmt1,433,217,389,691,471,508,576,509,683,513,654,543,591,526,593,637,765,693,612,529,213,732,796,376,616,658,433,652,736,711,612,413,674,425,665,580,555,633,637,446,967,755,680,473,568,635
Ptpn1,116,59,135,166,164,133,140,148,206,123,174,216,112,103,127,139,152,130,111,113,58,149,123,97,144,105,155,107,132,121,217,83,109,99,127,100,103,98,119,58,187,121,108,99,91,105
Ptpn11,120,68,130,198,145,116,118,111,175,137,157,194,141,125,149,152,174,200,127,101,48,227,152,86,98,147,127,122,150,149,133,98,127,74,125,155,118,107,147,66,194,106,112,91,101,114
Ptpn12,40,27,45,74,43,48,57,48,64,63,58,71,62,49,73,72,70,69,53,43,20,85,70,27,60,60,59,58,78,61,48,33,43,35,43,37,59,47,43,22,49,35,38,22,34,45
Ptpn13,6,1,3,12,4,6,4,4,4,1,5,4,8,5,7,7,5,9,3,0,2,6,0,8,3,10,3,5,10,7,3,4,5,3,2,4,7,4,4,5,9,2,1,3,3,4
Ptpn14,7,3,4,5,3,6,3,9,5,2,2,3,7,5,6,5,9,6,8,6,2,6,6,1,5,6,4,4,6,5,3,1,3,4,2,5,1,6,5,5,9,2,4,3,3,4
Ptpn18,50,20,65,107,66,58,94,95,43,58,97,74,50,39,64,59,87,83,45,51,36,97,59,37,65,33,67,33,66,61,260,41,44,54,28,57,51,66,58,26,57,55,47,39,36,46
Ptpn2,24,11,35,38,35,35,32,34,52,32,35,46,34,34,34,27,27,46,26,33,17,49,42,29,25,21,30,34,40,46,20,9,16,21,19,35,20,42,31,17,30,25,24,16,25,32
Ptpn21,126,63,109,149,83,90,125,115,122,105,121,142,88,95,113,146,139,227,126,99,37,211,113,57,100,104,107,114,122,102,94,59,93,93,90,71,83,79,89,59,135,72,78,74,86,78
Ptpn22,2,3,1,7,3,5,8,7,6,2,10,3,4,2,9,4,3,11,1,2,5,13,7,2,11,4,5,2,6,2,11,0,5,6,3,3,5,2,2,0,3,2,2,3,0,3
Ptpn23,64,34,60,100,40,51,55,73,78,61,79,91,55,56,74,88,80,109,53,48,16,102,55,36,47,45,52,77,66,57,67,55,35,42,59,60,46,53,68,35,74,58,55,37,56,51
Ptpn3,91,26,54,89,116,67,61,78,170,82,91,122,79,67,69,100,89,84,68,100,32,107,90,70,66,115,90,75,95,115,76,58,71,49,94,57,82,78,84,47,118,74,88,63,71,72
Ptpn6,112,54,120,175,104,113,130,174,127,109,164,183,119,107,142,152,141,143,99,90,28,139,119,83,131,72,131,89,126,122,306,82,93,127,98,105,103,116,104,78,111,109,130,63,92,96
Ptpn7,5,1,7,11,4,3,11,5,1,4,13,4,4,1,6,2,2,6,2,2,2,6,4,7,3,1,4,3,6,5,10,0,0,4,0,7,3,3,4,0,1,1,3,1,0,1
Ptpn9,14,12,15,35,18,9,26,21,17,28,23,44,25,17,14,28,28,40,17,20,8,28,23,16,9,24,21,20,23,21,16,10,13,12,13,17,12,26,17,6,13,10,17,9,9,27
Ptpra,88,48,105,152,104,110,143,109,143,79,153,114,112,116,126,155,120,149,97,89,47,163,147,92,127,113,90,120,152,142,115,77,120,105,138,113,101,108,150,83,193,148,129,102,110,112
Ptprb,42,22,40,48,49,37,51,61,75,42,65,54,86,59,77,85,69,67,49,42,15,61,69,37,44,44,46,54,60,54,28,24,41,27,43,40,31,48,28,23,49,45,36,21,34,47
Ptprc,25,13,31,56,40,30,53,46,20,26,45,42,28,20,30,24,34,34,24,14,13,58,29,19,53,18,26,16,35,30,93,19,13,21,16,22,23,26,19,6,12,20,21,13,13,22
Ptprcap,8,4,12,23,14,7,22,18,8,8,25,9,12,8,20,8,13,17,11,7,4,23,12,7,11,6,6,12,11,13,54,2,4,14,4,13,9,17,4,1,5,11,11,6,6,12
Ptprd,185,91,155,257,128,155,242,175,243,214,240,158,191,237,220,215,242,130,204,180,59,147,263,162,177,176,135,211,298,253,144,146,169,98,229,201,165,193,220,116,268,206,236,155,185,188
Ptpre,4,4,4,18,8,9,15,9,4,5,14,14,8,10,10,13,15,23,11,8,8,10,8,7,15,10,7,5,14,7,15,4,3,5,5,8,6,13,6,3,3,7,6,9,5,3
Ptprf,792,398,700,1046,644,709,668,721,1038,702,813,974,786,609,732,996,715,838,632,717,286,803,782,583,724,779,798,728,912,708,590,565,744,528,817,625,562,632,765,451,1141,777,669,543,649,614
Ptprg,4,1,3,10,7,4,5,2,5,8,5,5,5,5,4,6,2,3,4,1,0,5,6,2,4,5,5,6,11,8,1,6,6,3,6,6,2,5,4,3,5,1,5,2,3,7
Ptprj,30,9,13,24,24,18,23,29,35,22,27,38,26,10,22,23,22,16,18,22,5,25,25,14,23,19,28,8,28,20,22,16,22,25,21,31,21,23,21,12,22,21,24,12,16,23
Ptprk,27,9,11,28,27,25,26,20,37,25,30,50,29,27,24,21,34,31,32,27,6,29,37,11,15,27,28,20,25,32,17,21,22,16,19,26,14,22,24,9,42,19,26,12,17,20
Ptprm,3,4,8,14,4,3,16,9,7,9,11,10,13,7,10,3,5,7,7,2,6,10,8,3,3,9,9,5,6,9,6,1,4,2,8,7,6,7,6,3,5,7,4,6,2,9
Ptprs,28,11,23,55,25,17,24,37,9,37,35,29,33,12,19,33,22,33,31,13,7,35,18,14,23,21,22,24,22,26,19,16,20,27,23,15,16,18,20,16,29,19,10,14,15,21
Ptpru,1,0,1,3,0,1,3,2,0,0,0,5,2,0,0,3,2,4,3,0,1,1,1,6,1,1,0,0,2,2,1,1,2,6,1,0,0,0,2,2,2,1,1,1,0,1
Ptrf,33,15,18,34,19,23,45,40,21,35,47,37,44,24,37,40,48,83,51,22,16,31,32,14,33,31,32,43,50,35,32,18,32,28,35,26,22,43,33,20,59,23,26,23,30,39
Ptrh1,7,4,4,14,8,3,5,7,16,10,5,21,10,1,8,8,5,98,10,8,3,28,6,2,10,5,13,7,4,6,9,5,8,8,3,8,8,12,4,5,9,6,6,2,9,1
Ptrh2,16,11,15,25,22,13,17,19,27,25,31,40,30,25,25,27,29,33,30,25,8,37,30,22,25,23,9,19,17,32,14,14,17,12,14,28,12,27,21,13,33,16,20,11,20,20
Ptrhd1,3,1,5,1,1,2,1,5,4,3,4,4,1,1,2,7,2,2,2,2,1,1,8,2,5,2,5,3,2,2,2,3,1,1,5,0,2,3,4,1,5,1,5,2,2,2
Pts,108,45,78,140,112,127,132,117,134,114,133,120,134,122,148,142,126,149,101,116,43,175,197,113,137,111,91,164,219,158,94,106,130,61,124,139,110,124,134,88,167,123,144,85,107,135
Pttg1,301,137,287,319,210,316,339,276,318,288,306,326,333,302,359,370,347,339,291,270,99,316,376,196,327,295,246,305,399,328,308,186,333,182,296,318,252,363,318,197,467,292,290,242,295,290
Pttg1ip,647,345,675,1078,734,815,817,694,1139,711,985,883,1006,820,824,863,957,1075,742,667,381,1133,1008,652,926,930,745,815,1162,1038,674,680,1003,656,977,1028,835,772,1014,590,1329,916,916,739,848,774
Puf60,303,181,283,465,258,305,339,385,536,326,345,501,374,336,384,498,372,519,305,297,93,503,405,230,378,337,343,381,408,354,312,236,273,297,300,290,282,330,314,227,439,335,326,229,282,357
Pum1,104,56,111,196,138,113,122,114,117,118,125,115,102,107,131,179,174,150,129,95,65,177,128,54,103,104,99,104,138,148,87,89,101,73,116,116,98,103,98,60,140,104,120,91,82,89
Pum2,24,15,17,57,37,19,28,23,42,41,41,36,31,20,25,36,31,49,26,17,8,54,29,26,23,25,18,45,29,29,16,9,25,8,32,17,22,17,16,12,45,29,25,15,25,21
Pura,352,211,322,490,289,337,339,256,342,234,432,408,343,206,277,379,378,346,242,245,104,438,350,162,211,272,292,258,319,287,226,194,208,158,226,214,178,225,220,104,237,183,211,211,142,129
Purb,9,4,7,25,8,7,12,7,5,5,10,13,5,10,10,6,7,12,3,5,2,13,11,6,9,6,10,14,10,8,10,5,3,6,7,7,7,6,10,3,10,4,2,10,9,9
Purg,12,2,8,9,8,11,22,4,18,15,14,18,11,11,7,10,16,8,10,4,5,15,21,5,15,13,10,12,16,11,6,8,9,5,13,10,5,13,11,6,13,8,8,12,7,11
Pus1,25,14,20,38,20,27,35,25,36,35,44,40,41,28,41,54,30,33,30,35,7,49,57,18,37,21,34,44,46,40,24,24,28,38,25,38,17,33,37,16,52,40,30,12,31,44
Pus10,11,4,7,14,8,10,16,12,8,8,11,14,5,14,12,9,13,13,16,6,2,22,14,9,13,14,5,14,18,16,5,8,12,3,12,9,4,8,4,5,8,6,8,6,8,14
Pus3,2,2,0,2,2,0,9,0,2,2,2,3,2,2,3,1,1,3,3,3,2,2,3,2,2,3,2,3,1,5,1,2,3,2,0,0,0,1,1,1,2,3,2,0,1,0
Pus7,47,26,43,48,40,44,51,45,40,41,51,77,28,37,38,60,62,60,43,38,21,73,49,35,37,34,32,46,46,52,44,38,42,31,34,33,26,28,47,15,53,30,38,42,29,33
Pus7l,6,7,8,13,14,8,9,9,9,6,14,11,11,7,9,7,11,13,3,8,2,15,7,6,4,6,9,8,1,4,11,2,6,8,7,4,2,9,7,2,3,5,12,13,4,5
Pusl1,39,22,39,79,32,42,49,50,47,38,49,69,49,50,67,37,65,123,43,54,8,118,54,26,28,32,31,57,58,45,45,38,33,31,48,31,38,35,50,30,72,38,45,37,32,51
Pvr,34,20,25,78,41,34,57,44,41,30,58,47,26,19,27,54,46,137,33,25,20,148,44,16,39,31,35,35,39,38,76,29,29,32,32,41,27,27,31,13,54,30,19,27,25,27
Pvrl1,508,320,515,651,515,492,547,578,843,606,669,802,557,530,538,671,643,590,571,555,187,746,667,453,497,627,535,569,715,514,503,404,658,509,523,482,414,557,560,396,861,503,464,446,499,436
Pvrl2,302,163,251,443,245,270,345,347,254,214,408,285,257,203,315,314,299,312,270,228,86,222,338,178,332,277,267,317,311,443,274,229,285,187,283,249,193,270,326,210,551,271,288,243,276,264
Pvrl3,64,28,41,89,42,63,64,50,77,74,74,71,54,47,76,78,75,43,59,66,33,64,82,41,57,61,57,80,75,89,38,43,51,33,54,51,48,51,54,17,67,64,50,51,42,41
Pwp1,67,33,34,91,47,57,58,58,87,57,75,94,68,63,56,72,70,116,55,67,21,132,59,38,49,60,47,65,88,73,55,52,64,44,45,43,58,53,48,29,106,63,51,61,77,42
Pwp2,52,31,50,59,24,32,50,54,44,26,65,70,50,26,50,58,55,55,38,39,17,60,68,36,58,44,31,47,57,51,45,40,32,41,54,39,30,30,43,26,50,44,41,42,45,42
Pwwp2a,20,10,14,36,20,18,28,19,20,22,33,19,21,16,16,15,22,26,31,18,6,32,17,7,18,17,17,16,24,18,18,4,22,18,14,17,19,10,17,4,30,10,10,15,14,13
Pwwp2b,30,16,18,26,13,13,26,21,17,15,22,23,15,13,21,22,21,20,27,16,6,10,22,9,13,17,14,19,22,20,26,10,13,21,18,16,15,20,8,8,16,13,15,18,17,16
Pxdc1,377,162,325,434,473,337,421,485,770,460,424,539,396,289,394,429,448,363,392,370,167,405,569,289,389,528,385,469,553,457,351,199,490,416,353,475,385,397,396,297,766,454,309,314,300,359
Pxdn,14,5,18,30,16,10,31,16,24,22,24,32,31,11,16,26,17,39,23,15,8,28,25,8,11,28,12,23,18,21,12,16,17,18,17,13,14,18,22,9,31,19,23,24,12,13
Pxk,100,53,127,166,154,162,156,142,188,109,191,180,152,118,169,164,183,211,119,110,55,201,156,85,118,152,141,124,131,150,142,88,130,85,137,104,77,136,129,68,187,133,122,81,122,111
Pxmp2,797,366,798,1174,966,1016,1033,1018,1716,840,937,1104,1163,1043,1118,957,1017,953,772,929,399,1390,1411,922,1383,1131,959,1088,2023,1477,916,809,946,664,1183,1130,961,994,1214,744,1604,1234,1171,950,1157,997
Pxmp4,316,124,229,433,172,302,262,202,245,244,351,304,283,242,310,325,314,383,207,209,82,294,290,186,222,208,215,286,286,276,250,191,234,177,295,282,196,239,280,160,283,221,246,205,211,189
Pxn,147,71,149,310,164,148,194,183,215,170,201,189,181,142,170,216,221,261,218,142,58,222,186,127,185,138,162,168,189,153,193,121,176,130,162,117,115,122,161,83,193,139,167,134,132,145
Pxylp1,26,19,32,29,31,19,22,29,46,25,29,44,23,24,39,33,44,43,28,28,10,60,45,21,31,28,25,30,41,34,30,22,18,21,30,19,14,15,26,9,30,23,19,9,13,28
Pycard,2,0,1,1,4,1,3,3,2,0,1,2,2,0,1,2,4,0,0,0,2,4,2,3,1,0,3,1,1,2,10,0,1,1,1,0,0,0,1,4,0,1,1,0,1,0
Pycr2,31,28,36,52,55,45,60,63,68,43,50,105,28,36,43,46,43,76,39,44,15,65,63,31,48,40,57,56,69,57,46,29,22,32,41,26,28,44,40,19,61,43,44,24,39,36
Pycrl,172,82,177,193,84,205,182,162,191,151,185,246,178,166,181,209,190,172,153,163,49,173,231,134,163,194,163,181,253,227,140,117,183,127,197,178,131,161,182,118,271,185,173,120,149,149
Pygb,26,14,29,44,50,26,44,47,56,31,41,87,35,19,31,44,46,75,50,26,14,31,36,14,30,19,33,18,26,26,34,18,24,30,19,17,22,41,26,15,39,15,23,24,18,27
Pygl,737,384,613,1120,801,593,1442,1168,1323,836,689,977,1013,1239,993,873,756,494,746,849,313,594,1816,1039,1308,1192,907,1182,1413,1341,728,816,1044,861,1109,1326,898,1391,1136,973,1729,1528,1332,768,1094,1238
Pygm,0,0,2,2,1,0,7,4,1,3,4,5,2,1,2,0,1,0,6,1,0,4,3,3,2,4,0,4,3,5,0,5,0,0,1,1,0,2,0,2,2,0,2,3,1,1
Pygo2,119,53,93,168,90,92,104,109,118,79,113,130,81,62,116,100,100,114,62,73,27,124,78,63,81,69,76,97,119,87,88,53,73,78,79,69,59,80,112,55,128,95,75,46,56,68
Pyroxd1,70,31,62,103,71,70,99,75,99,64,92,114,65,80,86,80,94,136,63,70,26,114,77,72,64,64,60,78,102,95,82,52,78,48,52,55,69,60,70,42,97,88,72,46,66,71
Pyroxd2,35,20,62,105,57,34,71,91,91,50,84,91,65,54,73,62,73,93,56,46,28,58,80,48,78,76,63,66,82,63,62,75,82,68,81,69,64,77,76,52,97,64,74,52,60,56
Pzp,11463,5017,10176,16385,19612,12753,11934,10604,28647,11055,15494,26044,12487,10424,15212,16217,16774,9401,10234,12221,5587,10835,15099,6484,12619,13515,16667,12913,19048,15650,7387,7538,12525,6566,11674,9360,11429,10550,11439,6167,15824,9487,10598,7775,8488,9613
Qars,161,106,193,311,241,231,255,248,320,192,306,346,216,197,250,266,319,418,194,214,113,369,221,148,254,262,202,216,262,266,200,150,187,139,210,146,171,219,187,133,313,198,172,134,183,186
Qdpr,1966,977,1996,2430,1483,2066,2697,2617,3041,1939,1661,2095,2705,2669,2502,2231,1751,1125,1665,1888,771,1635,4025,2493,3156,3044,1884,2708,5224,3452,1561,1745,2361,1861,2850,3200,2920,2844,2510,1954,3768,2978,3032,1940,2737,3070
Qk,7,9,10,20,5,8,18,10,24,12,18,16,10,12,14,12,13,19,16,9,5,20,6,20,9,12,11,13,19,15,6,7,12,3,14,11,7,8,6,6,13,8,10,8,7,8
Qpct,40,21,21,53,28,20,30,42,52,44,43,51,16,27,41,47,65,52,46,35,10,85,41,17,20,28,28,31,26,31,12,15,26,12,24,19,19,28,14,14,27,16,17,6,17,18
Qpctl,27,18,16,53,25,38,27,32,49,19,32,54,33,25,33,42,52,34,19,23,8,45,36,25,27,34,37,30,31,29,20,27,29,21,26,34,24,32,23,17,34,30,33,16,26,25
Qprt,199,102,212,397,323,234,330,303,423,238,316,288,315,250,291,365,280,325,272,257,122,449,397,222,324,336,203,278,399,359,306,211,259,205,317,277,339,292,312,170,426,304,285,233,256,297
Qrich1,60,36,54,124,59,58,78,66,100,90,120,104,111,72,97,72,77,102,83,81,30,105,79,46,69,70,53,76,87,100,51,47,72,50,52,60,62,66,60,44,84,75,58,36,54,48
Qrsl1,22,8,11,17,19,13,28,17,20,19,19,36,32,21,31,21,17,46,27,24,11,43,23,24,16,33,15,18,24,18,27,28,35,18,28,17,18,12,23,13,38,23,19,26,19,22
Qser1,25,12,25,55,26,36,29,21,36,18,33,29,33,19,27,30,32,38,20,25,12,41,33,29,30,24,22,25,36,38,10,20,29,8,19,18,19,21,19,13,34,20,32,18,29,20
Qsox1,1093,667,1654,1815,2039,1946,1398,1307,3927,1070,2201,3038,1573,1297,1291,1568,1320,1246,1208,1661,446,1642,1435,934,1861,1441,2419,1361,1816,1951,1387,1015,1445,1004,2006,1162,1196,1425,1552,1053,2289,1798,1523,1384,1251,1235
Qsox2,20,5,18,30,21,22,32,15,29,18,33,36,28,29,29,31,32,43,13,11,3,41,16,5,22,14,18,22,26,28,25,14,17,13,17,10,17,18,22,8,29,14,26,18,10,24
Qtrt1,25,17,35,40,25,21,39,28,28,27,39,37,28,27,27,33,42,44,34,25,6,65,36,18,33,28,20,30,26,32,24,16,22,13,15,14,20,28,23,15,33,23,29,18,27,22
Qtrtd1,7,9,9,19,6,8,10,9,11,13,17,14,18,12,9,12,11,20,16,8,4,15,10,7,13,11,8,13,18,17,4,5,10,7,11,3,10,10,10,5,10,7,8,7,7,6
R3hcc1,53,33,65,109,52,63,84,73,68,48,70,88,89,56,87,92,99,115,70,79,27,94,71,48,78,66,61,55,76,72,67,35,64,61,61,63,67,61,91,41,94,54,77,68,57,57
R3hcc1l,51,14,30,50,30,36,43,36,53,33,58,54,34,27,38,50,46,38,26,29,15,36,36,20,28,39,40,29,44,31,36,23,29,18,42,23,29,33,35,23,36,23,39,27,22,30
R3hdm1,30,12,34,48,27,31,39,50,54,30,51,46,37,29,34,37,36,55,38,34,16,62,35,20,42,44,29,39,34,39,29,17,27,14,26,31,27,28,25,21,43,37,24,24,23,35
R3hdm2,141,87,163,243,129,191,176,138,209,200,220,248,188,175,212,209,237,253,174,150,54,209,208,125,158,156,178,187,240,177,145,146,143,128,165,182,133,152,179,95,224,193,161,111,163,143
R3hdm4,66,40,76,107,51,72,105,70,96,94,122,135,73,90,113,117,90,56,93,118,22,79,81,74,85,77,109,106,97,93,72,76,71,72,88,77,68,85,94,67,114,99,86,64,103,86
R74862,1,1,0,1,2,1,2,0,3,0,2,0,3,1,1,1,3,6,0,1,1,3,1,0,0,1,0,2,0,0,2,2,0,0,0,1,0,2,2,1,1,0,0,3,2,2
Rab1,103,66,69,149,83,89,113,97,184,110,135,183,132,91,161,118,131,152,129,102,40,154,152,98,143,122,78,148,130,157,98,112,145,73,110,135,100,97,121,73,188,128,134,71,100,101
Rab10,59,40,53,86,66,65,67,65,87,79,76,106,66,60,65,78,70,101,72,69,31,87,97,43,55,72,69,107,93,90,57,47,52,20,59,57,49,56,61,35,58,61,63,39,39,67
Rab10os,34,11,20,50,11,26,31,18,14,18,27,35,24,35,25,28,31,26,14,29,1,46,20,12,18,23,19,25,23,17,16,18,14,11,21,28,20,18,19,8,21,17,16,15,15,17
Rab11a,16,7,10,13,5,15,13,14,18,21,11,18,17,18,26,10,14,23,15,17,2,20,29,22,13,14,13,20,27,18,12,12,19,6,16,13,25,16,20,6,24,16,22,13,12,16
Rab11fip1,5,6,2,1,7,6,3,10,8,4,5,8,8,10,4,14,9,9,11,6,2,7,7,7,7,5,3,11,8,9,3,3,6,1,8,4,4,5,10,3,12,5,5,7,5,2
Rab11fip2,14,8,17,23,14,14,19,8,14,17,19,14,22,17,16,26,20,20,19,12,7,21,17,10,21,17,8,17,30,14,9,11,15,8,13,16,15,13,21,15,27,13,17,8,16,11
Rab11fip3,45,27,41,67,49,51,69,57,77,59,72,78,65,57,58,50,65,75,62,38,14,87,70,41,47,68,56,67,72,53,56,33,58,39,49,60,43,82,56,32,88,48,59,34,51,55
Rab11fip4,3,3,0,2,2,4,4,4,2,2,4,2,2,0,3,6,6,8,0,0,1,10,1,0,3,0,3,0,4,3,2,0,1,0,3,0,2,0,2,0,0,2,2,1,1,2
Rab11fip5,6,2,0,18,10,4,10,6,5,4,8,8,5,6,5,9,8,16,5,3,3,15,6,2,5,3,4,9,4,3,11,7,9,4,7,6,3,7,10,8,9,4,11,5,6,4
Rab12,60,35,55,83,76,64,79,69,101,56,86,98,79,62,72,93,70,101,63,68,33,104,78,46,57,52,62,57,93,74,55,35,58,56,60,34,48,57,61,36,83,51,66,45,58,45
Rab13,61,25,59,90,55,63,71,66,68,69,91,70,59,65,63,95,82,86,35,54,26,104,56,49,46,38,60,56,80,58,81,33,62,68,80,52,47,52,62,27,76,51,48,49,48,55
Rab14,96,41,61,168,84,80,98,82,163,108,115,121,109,116,129,110,111,116,95,93,31,149,140,84,123,105,82,128,152,123,96,66,101,20,92,87,93,91,74,57,107,84,119,69,86,107
Rab17,203,67,204,273,153,184,203,176,262,166,241,186,160,175,227,290,240,188,186,163,70,241,204,134,204,169,150,155,208,248,173,118,161,139,211,130,136,165,169,78,203,173,194,141,175,172
Rab19,6,1,2,4,5,3,5,3,2,4,17,7,5,3,3,3,4,6,7,0,2,6,5,3,3,5,5,3,6,4,7,2,3,5,1,2,2,6,7,4,5,6,4,6,2,3
Rab1b,280,151,280,506,232,295,332,332,425,343,415,426,323,321,385,438,355,392,296,364,78,375,456,264,308,306,351,387,475,351,372,292,335,346,442,510,345,390,473,290,492,463,466,302,453,401
Rab20,2,1,5,6,4,4,4,4,3,5,3,6,2,6,4,2,4,2,5,2,0,8,3,2,3,1,2,1,4,6,7,3,1,3,3,3,1,8,5,0,1,4,2,1,4,2
Rab21,65,31,50,107,65,76,71,65,95,74,80,80,88,66,100,103,79,88,78,61,16,85,79,40,75,65,72,71,88,68,52,46,62,43,72,62,53,52,72,44,92,77,75,46,51,70
Rab22a,81,55,92,122,69,67,99,86,99,92,76,86,105,81,110,131,108,125,79,70,26,138,97,59,65,91,75,123,97,76,88,72,94,50,87,63,60,90,75,49,95,92,62,57,85,94
Rab23,4,5,11,13,25,7,14,17,29,22,13,21,6,14,11,17,21,19,11,12,10,22,23,20,24,21,20,19,30,19,17,8,27,10,19,13,16,21,18,8,35,16,13,8,10,8
Rab24,204,107,203,312,150,199,248,264,261,215,274,321,209,221,238,340,271,272,216,198,56,285,252,108,194,171,214,248,266,175,192,138,185,137,225,159,163,223,249,148,284,195,216,167,159,206
Rab25,1,2,0,6,2,4,3,1,4,1,4,4,2,3,1,0,6,4,3,2,2,9,5,0,1,7,2,0,2,3,0,2,6,5,2,1,2,6,4,1,3,4,6,0,2,2
Rab27a,2,1,6,8,14,8,8,6,17,1,4,4,17,8,2,10,4,0,6,6,3,5,10,6,6,8,3,7,6,8,11,1,4,4,3,10,5,6,7,3,2,2,7,6,6,2
Rab28,40,14,39,36,20,31,36,35,61,25,36,46,41,37,51,39,40,49,30,36,11,56,34,16,26,40,33,28,56,34,26,32,26,16,36,25,47,34,29,21,46,27,36,20,29,35
Rab29,76,33,73,93,101,98,73,82,118,70,106,104,92,84,97,118,104,82,78,70,47,94,99,69,97,93,73,101,105,108,93,55,99,71,102,74,69,101,88,56,105,73,70,66,78,73
Rab2a,335,185,347,530,305,383,468,376,516,421,466,566,442,411,461,489,495,635,396,399,129,587,459,316,401,407,353,459,465,536,359,326,420,249,444,390,379,401,460,274,600,462,462,285,389,392
Rab2b,9,8,9,20,9,9,15,11,7,8,21,22,15,14,9,15,13,14,8,10,5,19,4,3,8,10,10,8,13,9,10,7,4,3,10,6,7,8,4,4,10,9,11,5,9,9
Rab30,31,7,19,73,12,47,10,18,15,31,52,12,38,29,47,71,68,78,12,13,10,43,16,6,17,17,10,14,31,29,22,18,17,10,24,19,13,15,20,6,20,30,16,11,17,18
Rab31,14,5,10,29,10,8,27,21,16,8,23,20,19,9,17,14,18,52,17,4,4,38,23,9,12,16,13,8,19,22,27,10,16,8,12,9,6,12,13,8,25,11,7,7,10,18
Rab32,102,56,86,145,127,115,136,147,163,88,131,184,106,98,127,134,124,168,99,105,53,260,159,91,143,121,125,125,210,157,175,89,131,78,114,92,100,102,104,54,145,97,115,83,86,119
Rab33b,27,14,19,40,23,24,30,25,35,20,20,43,28,43,28,30,26,27,25,21,4,32,27,19,30,26,31,29,29,30,24,21,20,15,12,15,21,23,15,7,35,18,30,16,28,27
Rab34,62,24,39,82,34,28,52,47,38,36,63,54,53,27,55,74,75,89,81,40,23,65,54,22,35,36,28,63,40,32,38,40,50,42,46,38,26,64,43,26,52,37,32,27,40,18
Rab35,70,38,67,109,72,60,98,75,93,75,87,92,78,75,75,112,87,129,77,66,29,155,71,41,68,73,77,74,93,95,98,56,71,52,61,48,57,88,71,43,118,86,80,41,67,66
Rab38,1,2,0,2,4,6,2,1,8,1,1,15,1,1,2,1,3,3,0,6,0,1,4,2,3,3,6,6,3,3,2,1,1,1,0,7,0,2,2,1,1,2,0,2,3,3
Rab3a,41,27,42,46,42,28,48,49,44,29,38,92,43,48,41,34,48,51,36,48,7,67,51,36,43,38,44,38,52,32,38,29,35,27,44,29,34,45,44,20,54,21,46,31,47,46
Rab3d,67,25,47,62,37,25,46,51,43,46,56,58,42,36,41,61,58,105,55,42,9,51,51,20,23,38,32,33,34,27,35,9,30,24,24,29,21,24,21,18,34,24,26,19,17,14
Rab3gap1,103,61,105,164,95,101,135,87,138,111,122,123,113,95,98,129,135,110,68,81,43,151,135,64,133,105,73,117,114,108,81,77,99,67,98,86,73,85,84,61,140,86,80,84,93,98
Rab3gap2,11,7,14,25,11,14,23,7,21,21,21,19,20,17,21,20,22,18,17,9,8,19,12,10,18,11,10,14,21,20,18,16,16,10,8,19,12,16,22,7,24,17,12,12,9,13
Rab3il1,12,7,17,21,13,16,17,24,28,9,18,19,18,9,16,16,25,26,17,12,6,19,13,7,10,13,8,12,23,13,28,2,20,21,25,8,11,26,13,6,17,14,15,4,6,12
Rab3ip,42,28,20,64,41,41,48,25,53,52,38,39,53,27,43,52,54,51,32,38,11,49,42,25,42,34,39,57,48,37,29,23,36,16,30,33,33,40,40,25,54,32,30,34,43,34
Rab40b,2,2,0,0,4,1,1,4,6,3,2,4,3,2,5,2,3,1,0,3,0,1,3,0,6,1,2,6,5,4,3,2,4,1,3,3,3,1,1,3,3,3,1,2,3,1
Rab40c,58,39,75,104,58,58,65,52,83,66,60,87,68,59,63,89,52,78,81,58,20,74,82,67,68,67,80,80,96,72,67,44,68,51,76,46,47,70,78,42,102,59,60,51,46,76
Rab42,1,1,1,2,3,1,5,4,2,3,3,3,2,0,3,4,5,7,5,3,0,2,1,3,2,6,1,1,1,2,5,3,2,3,2,2,0,3,0,0,3,0,0,3,1,2
Rab43,516,274,511,935,448,535,591,549,485,490,792,496,521,452,604,781,779,631,556,467,205,587,524,340,544,579,473,583,742,656,564,450,533,469,643,558,487,527,657,338,794,466,543,463,489,472
Rab4a,103,47,88,133,111,87,136,112,166,115,122,187,139,119,154,128,114,207,94,113,40,204,169,72,112,113,127,116,136,136,132,83,123,85,121,104,63,116,115,79,149,97,117,91,75,87
Rab4b,142,62,153,188,163,187,201,184,282,160,211,271,176,135,179,180,160,218,144,136,54,179,174,124,187,172,178,153,161,158,188,119,153,118,162,115,124,184,148,100,241,160,148,112,152,126
Rab5a,7,9,9,9,13,13,9,10,12,10,9,15,7,14,12,6,12,11,9,4,6,19,14,9,5,8,6,10,11,9,8,6,6,5,5,9,9,6,9,3,5,5,8,2,4,4
Rab5b,75,26,62,113,55,78,98,51,97,73,98,67,64,84,82,113,97,63,84,97,22,63,88,58,88,83,65,83,97,109,61,55,65,38,96,109,76,83,91,46,105,74,86,70,76,79
Rab5c,419,146,337,412,389,341,602,562,667,456,598,559,245,486,584,406,592,591,535,444,149,571,622,312,529,452,525,498,524,615,684,219,428,268,274,223,159,529,574,249,630,303,275,193,229,235
Rab6a,38,19,26,46,37,38,47,50,61,54,48,78,47,39,48,27,46,93,50,37,21,98,78,31,44,50,52,44,80,77,30,29,58,4,37,41,38,37,29,28,45,41,49,18,18,34
Rab6b,3,5,0,12,2,4,5,3,2,5,10,10,9,3,3,6,4,5,8,1,1,7,12,2,6,7,3,3,2,13,3,3,6,4,6,7,4,6,3,4,6,3,6,6,6,8
Rab7,733,337,578,859,558,596,765,592,756,770,784,1039,777,649,703,991,759,1014,747,706,240,1062,882,458,719,694,634,804,884,772,697,483,578,488,663,541,518,736,670,453,942,750,702,522,643,656
Rab7b,4,1,3,10,3,7,4,6,4,2,7,4,6,4,5,11,6,18,6,2,2,19,7,2,3,3,6,8,3,6,18,4,4,7,0,2,4,2,6,2,1,2,3,7,3,1
Rab8a,354,187,345,500,272,354,402,361,518,397,445,531,449,330,412,486,448,404,387,347,152,460,397,291,371,396,331,402,465,408,382,297,355,331,382,339,337,350,378,267,537,394,395,311,337,339
Rab8b,7,7,5,2,5,5,13,6,3,7,10,14,7,4,5,8,4,8,9,2,1,13,7,1,3,4,3,2,6,4,9,2,4,3,4,6,2,8,1,5,5,7,5,0,1,4
Rab9,166,78,135,324,167,200,218,165,266,217,215,216,258,239,225,250,251,277,197,194,89,335,311,194,225,225,178,235,345,268,176,147,223,123,251,249,236,229,226,132,293,292,257,161,178,258
Rabac1,607,244,488,676,276,508,604,432,564,532,662,797,532,517,578,753,695,840,551,518,158,818,505,291,429,416,425,619,561,536,436,308,434,402,444,415,325,541,552,305,622,431,426,324,387,382
Rabep1,80,25,51,75,56,55,65,49,63,55,68,75,75,53,68,100,82,57,70,59,19,95,77,39,65,52,56,58,82,75,58,43,63,54,58,47,42,56,47,28,77,63,46,38,40,62
Rabep2,60,35,62,91,49,57,68,82,69,63,96,87,76,47,69,87,50,85,70,50,17,89,68,35,47,55,62,50,72,61,51,47,84,55,70,60,48,54,57,35,81,51,61,49,48,59
Rabepk,49,24,54,82,55,63,62,56,66,46,64,85,58,49,63,67,72,78,60,52,24,82,64,45,59,70,43,64,66,58,56,38,65,54,61,52,46,56,68,43,81,58,54,50,53,42
Rabgap1,40,14,39,62,34,40,48,30,71,44,43,55,42,41,52,44,53,64,32,35,15,52,27,20,33,45,27,45,65,32,18,23,31,19,39,29,38,29,42,31,44,42,30,20,21,50
Rabgap1l,22,12,19,25,12,16,24,14,21,23,18,24,22,14,19,23,21,20,24,9,12,26,22,8,9,12,18,16,24,30,15,16,17,12,17,17,4,20,13,6,14,14,11,9,14,11
Rabgef1,35,13,33,67,44,32,32,33,53,32,32,31,38,30,42,52,49,37,42,19,16,37,39,23,42,31,33,23,29,45,34,26,52,27,31,28,35,33,37,22,41,30,50,28,20,25
Rabggta,165,64,115,182,101,143,150,181,186,149,164,219,147,126,156,164,160,161,127,146,52,152,192,100,159,163,140,186,185,185,134,147,158,129,152,147,135,160,174,107,258,157,177,141,148,133
Rabggtb,193,87,163,295,190,182,220,160,276,177,261,235,223,208,220,303,288,360,215,161,101,464,225,125,183,176,143,193,226,202,152,135,164,77,158,159,140,161,129,132,230,155,162,120,143,190
Rabif,46,30,50,80,37,60,65,77,85,48,71,87,60,44,67,77,68,76,50,66,22,82,75,47,82,56,56,74,84,60,70,43,59,45,72,53,64,52,73,29,94,60,51,49,55,66
Rabl2,12,9,17,38,27,24,19,28,27,19,29,40,18,15,20,25,37,38,20,15,2,39,33,14,21,26,11,21,25,22,24,12,19,12,18,20,23,24,20,11,35,18,20,12,18,22
Rabl3,39,17,30,37,44,51,24,21,45,38,37,51,35,38,32,32,44,58,35,29,18,54,47,19,49,39,45,39,56,42,34,24,35,27,47,30,37,42,31,16,69,32,30,33,48,36
Rabl6,126,100,135,198,100,105,176,133,119,108,160,183,141,95,129,145,125,148,112,133,34,146,161,80,138,105,111,124,137,131,129,96,100,98,107,59,73,112,101,49,169,96,97,66,85,84
Rac1,370,192,354,543,337,408,397,441,582,423,414,519,475,388,432,592,533,519,457,387,152,552,526,300,435,444,402,456,589,524,451,302,394,300,445,354,353,326,415,241,580,491,460,289,318,394
Rac2,3,4,5,10,4,5,15,13,6,4,7,5,5,7,9,5,2,5,4,3,3,11,7,2,6,1,7,2,6,4,16,2,3,6,3,2,5,5,6,1,2,3,2,3,7,8
Racgap1,0,2,0,7,2,3,8,23,2,2,4,1,3,2,4,2,2,28,4,6,2,11,10,2,4,3,1,2,8,6,17,4,0,6,1,11,8,4,4,3,1,4,13,5,3,3
Rad1,14,16,16,29,18,25,27,20,20,14,22,22,24,17,31,24,16,26,18,18,16,16,26,15,14,19,15,24,20,32,21,10,17,12,13,19,12,12,22,13,24,19,16,15,19,19
Rad17,48,25,55,79,58,51,57,60,56,44,67,79,70,55,40,50,73,74,52,57,27,81,65,33,62,41,45,44,53,68,31,47,69,42,40,36,62,42,62,36,72,55,63,41,68,50
Rad18,1,1,2,3,3,2,7,9,3,1,4,2,5,4,6,6,2,8,2,3,1,14,5,0,1,0,0,4,1,2,2,3,3,3,3,3,5,3,3,0,2,2,0,2,0,3
Rad21,106,45,75,130,102,91,143,109,117,87,126,127,104,130,111,121,111,196,139,67,36,175,117,58,96,79,78,93,117,112,78,65,93,44,79,77,79,80,79,49,106,81,100,51,58,63
Rad23a,294,140,235,363,170,226,378,224,241,270,249,243,251,193,279,323,315,358,235,257,83,389,350,184,255,253,211,285,324,278,183,187,262,220,236,241,185,274,244,155,314,209,256,207,228,204
Rad23b,98,44,67,127,100,96,125,93,129,126,114,109,95,79,108,146,123,127,124,111,49,156,138,84,99,130,96,118,164,159,93,89,101,70,114,85,101,114,102,67,198,109,139,71,99,108
Rad50,29,9,26,40,25,18,36,25,35,26,36,25,21,22,23,35,30,54,22,16,8,46,35,23,19,23,23,23,31,25,38,19,22,13,25,24,23,34,27,16,32,13,19,13,24,14
Rad51,1,2,1,2,4,1,4,7,1,2,0,0,0,1,2,1,1,20,1,2,2,2,2,1,0,2,3,3,1,0,7,4,3,4,3,0,4,1,1,3,0,2,0,2,1,1
Rad51ap1,0,0,1,0,2,2,1,3,0,0,0,0,1,0,0,0,1,8,2,0,0,2,0,0,1,1,0,1,0,0,1,1,0,3,1,1,4,1,1,0,0,0,1,2,0,3
Rad51b,179,128,180,341,93,67,109,93,121,134,287,129,111,147,232,297,365,338,159,139,62,292,118,109,72,52,53,98,72,81,134,110,106,130,153,249,102,112,63,38,53,59,126,118,71,90
Rad51d,4,2,2,6,5,3,4,6,3,6,6,3,2,8,5,6,9,5,4,6,2,10,4,2,1,5,3,7,2,4,1,2,4,1,4,5,3,2,5,2,8,4,2,1,5,3
Rad52,11,7,11,17,17,18,20,14,28,16,24,25,14,24,19,25,19,20,21,23,9,22,25,14,21,13,6,24,18,22,14,12,20,11,12,13,11,14,19,7,26,14,12,14,6,14
Rad54b,1,0,2,5,4,1,4,5,0,1,0,1,3,1,1,1,3,21,0,7,0,4,3,1,2,1,1,1,3,3,9,1,4,12,8,0,3,1,2,2,3,2,1,3,0,5
Rad54l,0,1,1,2,0,1,4,3,0,0,2,0,1,0,1,1,1,6,0,0,1,3,0,0,1,0,1,0,1,1,8,0,0,3,1,1,2,0,1,0,0,0,0,0,0,3
Rad54l2,56,34,65,99,50,40,56,56,76,57,78,82,72,81,67,81,74,80,58,68,23,68,65,44,57,79,59,52,64,58,79,48,75,39,54,46,51,59,89,40,90,73,69,53,49,61
Rad9a,25,7,18,36,23,20,28,24,32,18,37,40,28,24,24,25,33,24,14,16,6,39,26,14,22,21,25,30,27,30,32,21,18,18,23,27,16,25,25,17,34,19,15,17,18,15
Rae1,68,59,65,131,67,78,88,76,80,68,115,135,81,70,72,124,118,105,94,71,25,145,85,61,60,66,78,66,92,71,73,51,62,50,62,50,54,77,80,51,88,69,81,73,67,72
Raet1e,1,1,0,2,1,0,0,0,1,0,1,1,0,0,2,1,0,5,0,0,0,0,3,2,2,1,2,0,1,2,7,2,1,3,1,2,2,1,2,1,1,1,2,2,1,1
Raf1,267,114,253,365,193,204,330,290,303,223,343,290,258,229,281,398,353,244,322,251,67,348,324,197,258,234,212,214,306,241,221,182,271,243,275,297,224,240,294,179,366,250,245,179,178,222
Rai1,46,23,51,58,50,50,67,39,70,35,69,74,68,46,53,60,66,69,69,57,19,78,62,34,44,62,38,52,52,62,45,39,49,32,43,36,41,50,48,33,77,45,42,41,32,33
Rai14,32,20,36,49,62,43,44,32,74,31,49,81,43,45,46,52,57,51,48,44,20,49,54,38,39,45,42,27,48,52,33,31,46,19,23,42,26,41,39,30,49,39,30,37,23,45
Rai2,11,7,4,11,10,9,11,9,14,6,13,15,12,7,11,10,16,9,2,6,2,13,7,6,7,9,6,13,15,9,9,7,5,12,10,9,9,8,3,5,10,13,11,8,6,7
Rala,12,9,14,16,12,7,15,14,14,19,25,15,13,18,9,11,10,28,19,17,6,10,14,16,11,14,14,7,10,6,7,8,14,6,7,9,9,9,9,5,10,13,13,7,7,9
Ralb,40,18,33,50,34,34,50,44,39,31,47,71,32,29,37,41,45,45,42,41,11,46,36,27,32,24,37,32,40,49,61,30,31,42,27,24,25,29,38,24,47,28,37,23,30,36
Ralbp1,84,45,80,111,76,72,98,63,107,92,86,103,74,70,87,93,108,124,76,81,42,93,98,74,77,73,80,88,123,105,104,73,77,65,93,75,67,103,93,64,124,91,77,60,63,63
Ralgapa1,12,9,16,29,23,12,23,23,20,18,25,32,22,17,18,16,22,27,15,13,6,35,18,8,22,22,16,9,29,18,17,18,11,12,10,15,21,10,13,8,15,16,17,13,8,15
Ralgapa2,115,33,61,163,48,85,98,60,113,83,99,77,97,96,113,129,98,96,71,53,21,82,79,68,68,73,72,69,108,94,41,55,76,39,75,48,47,73,38,29,79,61,49,36,49,56
Ralgapb,43,23,44,62,49,39,54,57,59,37,54,65,42,53,50,68,63,50,45,41,28,66,68,42,48,37,38,49,66,53,37,36,54,42,38,45,42,38,57,38,65,46,44,55,34,37
Ralgds,17,6,16,29,7,10,21,7,11,12,26,14,14,7,14,19,16,33,20,11,2,28,15,13,8,9,7,23,17,15,67,14,9,22,10,16,13,12,8,6,24,6,10,9,7,14
Ralgps1,14,7,15,22,37,13,33,28,28,15,16,46,16,19,18,23,25,20,24,24,8,15,24,23,23,26,15,18,18,26,20,13,19,18,33,45,14,35,26,12,42,20,22,21,17,17
Ralgps2,28,4,11,33,16,33,18,11,27,18,17,24,11,21,24,26,35,36,28,9,4,54,26,4,13,23,15,14,31,24,7,12,17,9,32,18,14,25,11,6,16,16,12,9,4,21
Raly,174,104,175,220,117,144,215,174,256,178,213,207,218,164,222,218,222,282,195,176,63,230,224,129,139,182,159,174,197,221,175,117,160,144,175,146,140,157,202,116,241,199,148,116,139,146
Ramp1,8,0,1,4,1,6,2,3,3,5,1,3,0,6,5,5,6,3,6,4,4,7,4,2,1,1,0,4,2,2,0,0,1,1,1,1,2,4,2,1,1,5,2,1,0,0
Ramp2,43,18,29,36,25,35,48,45,44,37,42,67,59,45,44,43,48,71,50,45,10,60,73,19,38,42,38,32,54,65,46,16,38,39,46,30,29,49,42,19,37,36,29,21,40,45
Ran,16,3,10,14,13,12,16,16,20,14,16,27,21,9,16,11,17,28,16,10,5,32,24,15,10,22,13,18,34,29,19,16,17,7,12,13,23,18,11,12,25,17,20,15,9,17
Ranbp1,271,110,243,329,227,230,286,290,287,250,284,417,266,246,252,328,276,576,239,249,91,440,341,166,267,213,262,308,316,288,291,206,214,167,267,253,210,246,262,179,321,253,270,144,216,217
Ranbp10,308,155,263,454,201,277,320,286,288,239,381,277,343,305,335,474,457,545,245,191,87,629,348,192,315,308,213,280,335,333,222,235,259,176,336,301,228,241,317,144,368,242,302,227,221,260
Ranbp2,7,5,5,8,8,9,10,4,13,7,10,17,5,7,9,10,5,14,10,11,1,17,3,5,8,7,4,2,12,7,7,5,9,3,2,2,4,4,2,4,5,8,8,5,6,6
Ranbp3,175,90,168,215,144,165,209,186,204,156,221,254,199,166,192,207,195,212,159,128,63,243,189,147,165,165,143,158,211,186,151,127,175,152,166,157,132,174,156,92,197,123,154,147,121,148
Ranbp3l,3,3,4,4,1,0,2,1,2,5,4,6,4,2,0,5,3,3,6,1,0,12,3,2,1,3,1,3,3,0,1,1,3,1,0,5,6,0,1,2,0,0,3,0,1,1
Ranbp9,95,43,112,194,97,99,125,120,110,89,150,141,95,87,135,143,125,135,105,95,38,158,131,65,114,92,96,108,131,145,98,87,145,61,109,119,87,104,107,52,176,109,108,80,88,83
Rangap1,264,145,278,340,265,316,411,357,335,274,363,466,275,252,343,357,384,430,251,283,103,326,353,199,343,332,240,331,326,366,320,230,334,288,300,291,259,322,321,213,462,319,295,227,214,218
Rangrf,4,0,0,1,4,2,1,5,3,3,2,4,6,3,6,1,3,6,7,4,6,5,6,4,6,4,2,3,3,4,1,3,1,0,0,2,4,7,1,2,5,4,3,5,1,2
Rap1a,6,3,3,7,3,6,8,7,3,11,10,11,6,6,15,8,3,10,5,8,0,8,18,6,5,10,8,11,8,7,10,3,7,3,7,1,6,8,4,3,7,11,9,3,5,5
Rap1b,80,50,73,145,118,104,117,95,148,117,126,125,121,125,120,112,117,171,110,92,65,227,146,79,101,120,115,122,163,141,148,77,99,35,119,100,102,98,79,58,116,128,88,65,93,107
Rap1gap,50,25,38,63,30,38,48,54,47,22,68,86,49,38,48,52,62,114,37,39,15,76,54,25,42,33,33,18,44,41,51,26,27,37,38,40,21,24,34,17,43,17,28,27,21,40
Rap1gap2,4,1,1,2,13,0,8,8,3,3,8,3,4,1,7,2,6,17,7,5,1,8,4,5,4,2,8,2,3,4,19,2,4,9,1,8,1,4,2,0,3,0,7,4,1,2
Rap1gds1,111,70,110,142,137,133,169,151,183,141,195,176,145,131,164,180,209,215,144,122,59,193,163,98,107,123,140,135,167,161,172,106,141,130,142,123,121,130,152,66,250,182,134,118,130,151
Rap2a,119,46,99,148,67,106,104,97,100,116,134,165,117,106,129,170,135,72,127,120,56,86,152,59,103,123,86,135,112,124,74,81,125,79,131,86,93,98,160,55,162,91,90,77,108,96
Rap2c,12,2,10,21,10,5,17,16,20,14,14,25,11,16,21,16,8,15,16,13,4,25,10,11,12,14,11,22,21,16,12,10,17,2,18,19,6,10,9,7,14,14,13,7,9,12
Rapgef1,131,69,131,188,119,124,127,141,185,121,135,215,149,144,145,167,155,251,116,129,37,223,143,83,108,146,143,142,151,130,142,92,147,90,130,117,118,126,148,73,206,135,150,85,135,138
Rapgef2,24,9,9,34,26,19,14,17,31,18,24,25,17,8,16,29,26,47,16,19,13,47,14,8,18,19,20,17,20,19,16,11,18,7,15,17,19,18,17,10,24,5,12,8,10,12
Rapgef3,9,6,12,12,9,14,15,19,22,11,12,21,18,13,15,16,16,17,10,7,4,28,11,10,9,5,15,16,21,16,13,12,9,10,11,9,12,6,13,6,12,11,12,15,6,14
Rapgef4,476,153,255,1091,405,405,443,300,460,560,816,477,508,382,422,691,835,575,332,287,158,657,267,164,244,413,392,469,356,480,274,205,265,127,269,218,277,291,343,184,386,407,350,258,283,302
Rapgef5,1,0,5,4,6,2,8,6,3,2,2,6,4,3,2,6,3,10,4,3,1,7,3,0,2,2,2,3,4,2,7,2,2,3,1,1,0,1,1,1,2,2,2,4,6,0
Rapgef6,58,27,55,68,61,53,62,57,60,53,79,59,45,42,48,55,74,92,53,38,28,91,63,40,69,44,51,42,73,48,58,39,61,37,28,38,37,38,41,27,67,46,39,35,37,25
Raph1,47,15,37,42,58,39,53,47,153,61,36,123,50,31,55,63,53,43,36,48,15,19,46,32,54,64,60,73,51,66,53,23,54,41,43,61,36,54,46,30,79,46,50,39,18,26
Rara,104,63,110,145,76,116,123,105,143,109,125,148,116,107,130,100,96,97,109,81,36,113,118,94,123,91,104,105,138,127,63,85,107,60,107,76,69,89,76,59,162,76,106,80,89,85
Rarb,5,0,5,8,9,2,10,3,11,3,5,9,8,5,8,5,7,11,2,10,1,9,10,5,4,12,7,9,9,3,8,9,5,4,4,2,9,0,10,3,7,6,6,3,4,5
Rarg,15,6,15,19,8,8,14,18,15,14,11,18,17,12,13,12,28,21,15,19,4,10,20,7,10,15,12,14,17,14,12,8,8,14,18,3,5,15,10,2,22,6,11,19,5,15
Rarres1,95,55,152,191,247,207,212,220,357,163,218,186,170,120,191,161,185,141,246,167,51,71,489,283,448,270,391,220,179,418,292,297,190,142,311,396,108,298,232,303,561,405,329,186,236,209
Rarres2,5165,2936,5348,7655,4080,5533,6232,6597,7803,5646,5277,6244,6203,6022,6984,6207,5946,6519,5670,5155,1922,7297,7047,6103,6670,6129,6041,7334,11344,7612,7270,5093,5537,5541,6753,5651,5463,6355,6551,4922,9232,7904,5716,4822,6684,6087
Rars,123,58,99,128,79,98,126,92,167,117,137,226,101,126,115,162,145,228,133,126,40,201,150,67,82,81,109,149,141,104,163,73,96,85,88,94,65,132,116,62,138,109,99,61,90,82
Rars2,46,22,42,55,53,49,54,67,90,40,55,74,83,50,53,67,52,84,54,70,33,87,62,46,58,55,37,54,62,67,56,55,51,43,46,42,55,48,48,27,82,73,48,56,55,60
Rasa1,3,1,8,8,11,2,4,8,7,6,9,14,4,5,5,3,10,4,9,7,4,6,3,5,8,6,4,7,10,3,3,4,5,1,2,3,3,2,4,3,7,2,5,6,2,5
Rasa2,1,2,1,3,3,0,7,0,1,6,1,3,1,1,3,1,3,3,3,1,0,7,2,1,0,1,2,4,0,4,2,2,2,0,5,2,0,1,4,1,2,1,2,1,0,3
Rasa3,22,13,25,43,22,28,40,45,42,33,50,38,35,23,38,25,49,59,21,15,15,52,32,28,39,29,26,27,43,38,53,20,27,25,22,27,26,23,24,11,31,23,30,30,22,25
Rasa4,9,8,10,38,16,12,20,32,20,10,25,24,21,4,33,16,30,47,14,5,10,41,21,12,29,18,29,16,23,17,75,9,17,20,8,13,14,20,21,12,23,12,20,7,10,25
Rasal2,24,24,20,70,32,16,57,38,46,15,44,38,25,17,31,60,36,60,17,29,9,41,27,26,20,41,15,38,25,19,16,17,19,17,10,17,16,13,22,10,25,18,33,21,27,26
Rasal3,2,1,9,5,1,4,8,7,1,3,5,3,7,3,3,3,9,6,5,2,2,10,5,0,8,1,2,2,6,1,11,3,4,5,4,3,5,6,3,1,1,3,5,0,2,5
Rasgef1b,35,26,23,89,52,26,47,65,90,26,44,51,58,38,46,29,42,134,32,17,16,159,60,17,43,40,40,21,53,48,61,28,22,27,21,17,37,35,27,23,77,34,21,21,26,36
Rasgrp1,0,0,4,3,1,0,6,8,1,0,9,2,4,3,4,1,4,4,2,3,1,2,4,0,4,2,2,1,2,5,11,0,4,0,2,5,2,2,3,1,2,3,2,1,3,1
Rasgrp2,30,10,23,18,14,13,33,29,21,18,29,24,25,19,27,33,31,25,15,19,4,30,27,22,22,12,21,20,35,28,38,17,28,23,12,17,15,30,21,12,24,32,31,26,15,21
Rasgrp3,1,1,5,3,7,1,6,5,2,4,4,3,0,6,5,4,3,4,5,0,1,4,3,2,6,2,5,4,7,10,1,2,2,1,2,1,1,5,3,2,5,5,5,5,4,3
Rasip1,37,14,32,33,42,33,58,46,45,39,51,42,63,36,53,53,52,51,38,52,16,66,45,27,41,42,34,29,44,50,72,20,28,31,39,40,27,59,39,20,54,29,36,32,33,54
Rasl10a,0,2,2,1,1,0,3,2,0,1,2,6,2,0,1,3,0,2,0,0,0,0,0,1,2,2,1,1,0,0,0,0,0,2,0,0,1,3,2,2,0,2,0,0,1,1
Rasl10b,3,2,3,4,2,2,5,3,7,1,4,6,3,0,2,0,0,3,7,0,0,8,4,2,1,8,5,3,1,2,5,3,0,2,3,1,0,5,3,3,7,2,3,0,1,4
Rasl11a,2,2,4,9,7,5,13,5,7,7,12,9,5,2,4,6,7,5,9,4,5,8,8,4,6,5,5,6,12,9,5,5,5,6,1,8,6,9,5,2,5,2,4,3,4,2
Rasl11b,24,10,19,42,13,22,28,17,25,24,31,45,32,43,27,15,21,38,13,28,9,33,33,19,40,23,20,23,38,23,13,11,12,11,21,17,18,19,17,10,21,17,26,17,20,22
Rasl2-9,2,2,3,6,1,0,6,5,8,3,6,1,5,2,5,3,4,5,5,4,0,4,5,2,3,8,2,3,5,2,2,4,6,1,4,4,5,1,6,2,1,3,0,3,1,6
Rassf1,40,18,26,64,16,22,37,36,35,21,42,63,29,37,34,57,36,54,20,24,12,54,40,18,30,27,27,28,36,31,33,19,16,25,15,22,21,22,30,12,27,10,31,25,20,17
Rassf2,4,1,3,11,5,1,3,7,3,4,6,8,2,0,3,4,6,1,3,2,0,8,2,1,3,0,5,1,1,3,11,1,0,3,2,3,1,4,2,0,2,0,2,0,1,5
Rassf3,149,91,128,303,167,143,195,187,132,171,183,169,146,157,167,242,165,212,213,157,67,223,227,136,221,188,136,191,327,201,149,113,184,84,125,135,117,150,194,110,287,176,148,138,153,172
Rassf4,5,4,8,11,8,8,17,18,12,4,11,19,12,7,11,12,15,12,9,9,4,15,14,7,11,6,16,13,11,11,24,10,6,14,3,5,6,6,11,3,6,17,9,1,5,5
Rassf5,36,33,42,52,37,58,55,54,59,33,49,74,47,53,53,76,61,37,43,40,16,49,64,34,51,51,32,35,57,47,46,25,44,51,38,37,49,53,46,30,89,39,29,30,34,40
Rassf6,46,14,33,45,51,30,59,68,81,46,33,60,41,23,40,54,43,58,48,66,20,89,82,59,31,37,28,59,88,48,34,52,52,47,57,83,44,44,55,37,52,37,54,24,39,41
Rassf7,28,30,42,64,32,40,50,54,75,56,58,54,52,55,61,57,59,48,41,57,20,56,76,34,52,57,57,65,72,55,35,42,50,42,62,63,58,50,41,40,84,67,45,47,53,54
Rassf8,2,0,3,3,1,2,0,3,1,2,2,1,5,1,3,3,3,0,3,0,2,6,2,0,2,3,2,2,2,1,1,0,3,1,3,2,5,2,0,0,0,1,3,1,0,2
Raver1,8,5,13,11,6,14,9,12,15,13,7,15,8,7,13,6,13,8,11,11,3,11,9,2,7,8,9,13,12,9,11,5,11,9,10,5,10,6,5,1,5,5,5,3,7,5
Raver2,4,0,1,7,1,0,4,2,5,3,0,2,1,1,5,0,2,2,3,3,2,6,1,1,4,1,6,0,2,3,6,1,1,0,2,1,0,2,0,0,1,1,4,0,1,2
Rb1,4,4,6,5,2,6,10,8,9,6,9,11,5,10,10,8,8,15,6,6,8,18,7,4,6,3,7,11,1,9,5,9,7,6,8,5,6,9,7,12,14,8,6,1,11,10
Rb1cc1,11,10,13,35,31,23,28,21,34,24,36,38,36,12,27,31,24,35,30,14,16,41,18,7,20,26,26,22,35,27,22,19,20,12,32,22,22,15,18,21,23,19,26,4,18,22
Rbak,13,7,8,16,7,6,8,6,11,7,8,9,11,4,10,7,7,13,12,10,2,21,15,7,13,13,12,8,6,5,5,3,13,8,8,6,6,6,4,4,12,10,8,5,2,6
Rbbp4,4,2,1,5,1,5,5,0,3,3,6,1,3,3,1,4,3,1,5,2,1,3,9,5,2,7,7,1,3,4,2,2,0,2,8,4,4,2,2,1,4,3,4,6,1,1
Rbbp5,28,12,25,47,48,28,31,36,55,38,52,37,24,33,38,42,45,40,30,35,7,53,50,25,47,46,38,45,51,49,33,24,31,11,39,29,32,34,30,17,49,34,39,33,29,28
Rbbp6,245,95,185,303,139,187,227,167,161,117,212,170,181,138,160,183,159,239,137,130,57,189,138,110,141,123,148,146,146,162,135,99,102,95,122,133,95,128,117,65,155,122,136,74,84,88
Rbbp7,62,41,52,123,61,79,82,77,107,69,70,90,84,61,101,102,105,101,64,65,36,100,104,64,84,121,76,103,135,89,56,57,73,34,87,74,79,78,65,54,120,99,75,47,65,82
Rbbp8,14,5,2,19,12,5,12,10,14,12,21,12,6,10,5,10,14,22,12,5,5,18,15,3,8,6,8,11,11,7,13,3,9,7,10,10,10,16,4,4,11,4,6,4,9,4
Rbbp9,35,18,28,47,25,35,40,42,41,40,48,65,42,39,57,52,31,32,43,37,20,46,57,19,50,42,28,60,51,63,42,28,58,14,54,45,44,41,25,25,47,56,45,21,35,37
Rbck1,123,73,155,228,110,122,155,200,195,137,184,207,175,144,200,186,169,218,142,172,43,212,168,120,165,163,134,158,221,171,210,117,144,144,143,168,117,155,160,128,189,160,156,111,148,145
Rbfa,274,137,249,335,217,241,315,282,315,205,360,314,264,284,293,357,355,315,240,245,83,403,294,218,276,241,260,300,326,321,243,160,268,180,310,229,202,260,308,183,368,267,284,177,221,240
Rbfox2,65,37,69,108,54,60,64,71,85,86,77,93,103,58,82,122,103,87,86,59,18,82,76,38,63,52,71,72,79,50,73,47,49,55,61,71,50,61,66,37,71,74,65,43,67,64
Rbfox3,7,5,7,18,12,13,13,14,9,6,20,12,9,8,16,11,13,16,9,10,4,39,16,10,15,11,4,7,12,14,15,3,6,10,4,7,4,7,9,11,5,11,10,7,2,8
Rbks,82,44,107,159,96,111,127,126,173,146,162,207,157,122,143,133,156,151,135,85,52,196,140,82,115,137,92,89,181,150,90,84,117,86,116,91,108,116,109,85,184,120,102,88,98,109
Rbl1,5,1,6,6,7,5,9,9,3,3,4,11,7,6,3,8,8,15,7,2,4,14,8,5,9,6,8,5,15,7,11,7,2,14,4,9,8,4,6,2,6,2,6,4,1,6
Rbl2,76,38,76,129,32,68,91,64,78,74,91,80,81,69,87,100,144,65,65,60,17,96,74,52,81,69,53,88,120,87,43,46,84,50,79,77,73,73,93,38,128,77,69,70,73,71
Rbm10,109,75,94,137,88,93,94,114,155,119,129,232,119,103,129,120,141,144,83,114,48,131,109,84,106,97,102,108,98,103,110,82,107,65,93,85,76,107,109,65,149,97,104,89,100,99
Rbm12,15,14,21,41,23,24,24,32,23,20,21,22,13,16,29,13,20,56,22,13,8,41,27,18,25,18,16,23,19,16,18,11,19,10,16,16,22,19,24,12,26,25,18,15,21,18
Rbm12b1,19,8,10,28,13,16,13,18,26,8,25,39,10,13,26,20,20,27,13,11,1,17,22,12,26,10,11,15,27,18,9,10,12,7,14,24,15,19,16,3,12,8,12,12,12,9
Rbm12b2,4,3,7,12,2,10,10,7,2,9,9,13,7,3,7,3,5,9,5,4,1,1,7,12,4,2,10,9,11,8,6,2,4,3,4,7,3,13,10,3,9,9,8,4,8,7
Rbm14,66,44,86,75,59,63,102,60,98,53,64,96,40,56,71,67,80,114,46,44,24,72,68,46,58,68,48,61,69,75,62,31,55,44,50,51,46,52,61,53,52,68,70,41,63,60
Rbm15,10,7,15,21,18,10,22,12,17,15,21,21,25,14,11,9,15,9,13,11,5,13,18,6,11,9,10,8,10,17,6,10,15,7,17,15,9,11,21,8,15,13,9,10,10,12
Rbm15b,19,14,13,35,19,25,18,13,22,13,22,40,18,12,19,19,16,17,17,9,2,22,17,12,10,19,26,11,22,17,20,15,16,12,15,18,9,15,17,7,22,17,12,14,10,24
Rbm17,151,73,172,279,126,129,166,153,186,140,153,164,138,145,184,218,204,256,126,127,45,342,189,89,124,125,129,166,281,182,179,118,117,110,188,130,129,107,162,89,218,134,149,88,114,141
Rbm18,36,23,34,59,28,37,47,46,57,39,45,53,45,34,65,49,42,52,30,23,21,59,46,26,39,45,35,44,41,48,30,36,34,31,45,41,37,38,47,33,42,41,48,25,21,37
Rbm19,33,20,32,62,39,45,56,52,75,52,56,80,49,38,53,55,59,75,42,57,28,78,63,39,46,64,42,50,71,52,67,38,42,36,56,53,47,42,47,38,63,51,44,45,40,52
Rbm20,8,1,4,6,8,10,9,10,14,4,12,8,8,3,4,8,5,7,7,3,3,6,5,3,3,3,11,9,9,10,3,4,4,3,2,3,4,4,1,4,9,6,0,3,6,2
Rbm22,73,29,87,121,70,89,93,70,102,49,100,117,93,76,90,70,112,94,79,77,42,130,85,69,72,68,62,81,85,82,77,57,81,60,70,83,59,69,97,61,113,71,78,66,66,63
Rbm24,0,0,0,0,0,0,0,0,0,0,0,0,0,0,0,0,0,7,0,0,0,2,0,0,0,0,0,0,0,0,0,0,0,0,0,0,0,0,0,0,0,0,0,0,0,0
Rbm25,26,9,17,21,17,8,26,11,19,34,26,31,21,18,36,19,12,15,20,15,6,22,22,11,16,10,19,26,21,20,6,9,21,10,13,14,17,11,13,8,17,24,8,10,12,8
Rbm26,36,20,54,51,36,40,55,29,66,46,50,93,50,42,44,50,48,44,40,45,16,41,54,34,36,58,34,47,66,60,32,33,49,34,38,46,32,38,49,26,57,49,48,30,32,36
Rbm27,8,9,11,15,6,6,7,6,11,11,10,13,11,7,19,11,8,8,7,8,2,13,7,5,6,6,6,7,9,6,2,11,4,1,7,5,2,5,2,1,8,6,9,6,5,4
Rbm28,29,18,17,23,19,19,14,28,25,23,25,31,20,9,28,29,18,34,18,23,11,26,28,19,16,23,20,21,33,22,14,17,24,16,15,12,16,17,18,11,17,18,26,14,17,12
Rbm3,8,5,19,32,10,6,22,9,18,3,14,23,8,5,12,10,15,55,11,10,4,42,18,9,9,17,12,16,16,5,5,3,10,7,6,9,8,11,10,5,5,10,10,8,14,8
Rbm33,61,21,56,89,58,82,46,60,81,57,55,48,60,58,56,119,107,68,92,37,21,79,50,48,63,64,67,74,72,51,38,44,62,49,65,67,46,58,51,40,118,43,53,57,53,55
Rbm34,5,1,9,8,13,7,10,14,10,5,10,11,15,13,8,14,8,13,6,13,1,21,17,6,7,10,9,10,17,9,8,5,12,4,9,11,10,11,2,7,14,12,9,10,7,8
Rbm38,20,12,17,44,13,13,14,16,15,13,30,19,32,18,27,31,38,22,16,14,5,37,31,12,16,10,14,23,23,17,24,20,19,9,15,17,8,14,18,11,16,15,19,10,22,15
Rbm39,68,39,51,97,73,71,97,89,134,92,96,113,77,66,104,74,83,106,83,74,36,127,118,69,75,74,73,93,120,83,52,59,93,19,79,77,83,84,62,46,74,78,85,50,60,65
Rbm41,10,9,6,12,8,18,16,11,14,13,12,17,8,6,12,14,6,18,5,9,8,12,15,8,11,5,18,14,11,7,4,8,14,3,10,11,12,10,12,5,15,14,16,8,6,7
Rbm42,367,249,335,485,316,447,463,444,551,430,508,688,420,430,443,414,562,607,401,393,130,592,428,286,358,412,408,488,465,474,427,239,386,294,347,328,335,320,371,252,551,329,368,283,299,303
Rbm43,8,12,18,12,20,5,12,18,26,10,19,16,15,2,15,16,18,20,18,16,7,21,19,8,13,13,5,11,18,12,23,2,16,4,12,6,15,16,11,4,17,9,21,4,11,10
Rbm45,3,2,2,2,4,3,4,4,7,5,6,8,3,6,4,6,4,6,2,5,4,7,6,2,5,4,7,8,3,3,7,0,6,1,4,5,6,4,4,1,6,2,3,4,2,2
Rbm47,143,72,134,201,115,153,158,125,176,142,187,173,134,150,188,124,172,138,190,140,50,177,202,125,148,119,140,204,205,193,159,129,130,121,128,130,105,160,153,101,204,130,202,99,121,181
Rbm48,24,9,19,23,24,20,19,12,26,24,23,34,20,23,24,21,10,27,15,18,5,31,40,20,24,11,19,22,21,23,18,13,13,10,14,13,19,15,14,12,27,16,21,15,21,13
Rbm4b,31,25,26,58,35,35,37,38,48,19,38,35,44,40,39,45,36,41,34,27,14,67,47,13,49,49,33,24,70,42,23,17,29,15,40,40,33,25,34,29,70,36,22,15,31,24
Rbm5,149,75,142,258,168,144,170,188,193,146,209,197,133,135,172,210,175,219,151,139,73,244,186,108,137,156,163,145,193,169,149,96,155,86,134,125,134,117,145,77,174,141,114,118,119,95
Rbm6,56,30,60,82,46,66,70,48,88,62,64,77,58,57,60,91,68,49,58,49,14,62,55,36,41,50,57,46,68,50,53,34,40,41,48,36,42,63,39,27,62,53,62,33,49,37
Rbm7,128,70,105,199,124,109,141,110,208,125,170,236,152,162,175,162,147,197,149,116,50,192,163,78,139,157,118,148,192,161,117,102,124,66,133,109,113,105,132,80,137,147,122,82,108,127
Rbm8a,14,16,19,26,24,17,29,16,36,23,39,39,20,21,34,32,34,15,22,20,12,21,34,22,38,22,10,33,24,26,20,22,22,17,16,11,19,26,22,16,23,26,15,16,18,14
Rbms1,96,57,102,214,138,81,129,104,74,86,142,93,135,73,119,102,113,171,104,73,49,184,99,59,79,87,70,82,100,115,112,71,109,51,85,77,69,69,70,35,76,63,94,80,56,78
Rbms2,36,19,27,48,29,37,47,30,60,39,56,47,29,35,39,41,38,53,67,28,3,47,48,17,39,32,28,33,42,28,35,14,22,26,22,16,18,32,35,22,34,25,29,20,35,28
Rbms3,7,1,5,6,5,4,8,9,3,8,10,5,2,8,4,6,6,6,6,2,0,13,7,1,5,4,4,2,12,5,3,3,6,3,5,8,5,7,5,2,7,8,5,6,4,3
Rbmx,35,22,30,51,20,38,56,39,45,45,55,71,47,43,39,35,42,59,47,45,7,55,36,28,50,36,26,35,50,48,39,27,29,22,26,21,34,26,41,22,30,35,37,30,30,30
Rbmx2,1,0,2,3,3,0,2,4,2,4,2,4,2,2,2,3,1,8,1,0,1,4,1,1,4,1,1,0,1,3,3,1,1,1,0,0,1,3,2,0,3,1,1,1,0,1
Rbmxl1,74,44,85,98,105,88,114,92,101,68,107,128,86,95,101,82,91,121,65,76,56,112,107,76,85,80,83,67,101,129,84,53,81,63,61,67,86,75,100,50,128,87,91,83,80,78
Rbp1,185,111,181,462,632,227,381,450,965,190,381,841,196,135,290,285,421,759,230,214,131,538,394,163,329,325,704,239,1087,309,201,149,149,239,106,59,461,245,169,110,228,122,187,162,230,188
Rbp4,31238,14522,24241,40096,17335,30432,30401,25812,35094,31201,34410,43302,31435,33516,34244,44286,39659,41358,32894,28667,11655,55806,35942,20706,30317,31910,24926,36119,43751,35568,20331,24491,28193,21241,32849,27658,23442,30327,37211,20370,37527,33302,26292,20446,28499,28003
Rbpj,14,9,10,16,10,6,16,10,18,12,13,25,11,15,22,24,14,21,11,18,1,18,14,14,13,15,12,15,21,29,15,7,13,5,11,15,13,14,11,18,17,7,24,11,7,11
Rbpms,122,67,108,268,113,101,126,107,165,120,211,140,151,99,148,177,220,359,106,101,37,294,129,66,140,134,103,125,139,116,98,98,92,85,118,92,87,130,95,75,178,111,103,66,96,102
Rbpms2,347,184,296,437,310,324,388,337,379,399,385,351,388,390,417,521,554,385,420,360,147,454,521,290,379,410,346,429,502,444,314,294,421,255,458,429,300,404,410,217,565,407,418,316,370,391
Rbsn,37,15,34,51,27,27,45,36,39,30,34,52,37,37,29,32,31,39,28,31,11,35,46,20,28,30,34,34,44,43,28,22,29,19,33,16,23,27,27,16,44,16,36,18,29,27
Rbx1,77,34,69,88,87,82,81,87,126,84,91,132,101,84,96,114,110,95,96,81,50,139,119,60,76,77,76,98,97,116,88,61,101,56,95,83,71,83,95,61,137,86,67,65,78,86
Rc3h1,8,2,7,8,4,13,3,6,11,7,6,4,10,13,6,10,5,3,11,1,0,4,4,5,6,5,7,3,5,4,2,7,3,0,10,4,9,6,4,2,13,5,5,2,5,3
Rcan1,48,48,83,75,66,66,77,92,69,54,77,148,134,120,115,74,60,77,65,107,40,59,116,79,63,76,87,78,85,113,221,99,95,117,104,76,72,93,139,53,151,88,103,84,98,87
Rcan2,29,18,48,40,30,44,60,38,45,33,47,43,30,25,38,38,49,30,24,37,16,35,74,55,47,31,43,58,64,48,52,42,69,43,59,65,48,32,51,27,78,56,78,51,41,51
Rcan3,5,2,1,7,0,1,5,3,1,4,0,4,5,3,0,1,7,6,4,1,1,5,2,1,2,3,0,4,1,4,8,1,2,2,4,2,0,4,1,1,3,2,3,1,0,0
Rcbtb1,86,43,94,111,109,89,98,81,122,120,76,109,97,103,136,120,113,117,118,97,36,133,115,55,85,98,101,122,151,139,82,67,111,35,88,89,74,107,87,48,102,72,94,60,54,68
Rcbtb2,10,3,5,13,12,8,14,11,8,12,11,8,5,9,9,3,4,15,10,9,4,5,11,13,6,10,6,14,13,5,14,8,8,0,13,9,10,7,8,8,15,12,6,4,8,5
Rcc1,31,13,25,47,24,32,33,39,29,23,32,45,29,28,24,32,37,45,21,21,9,44,42,9,25,21,34,20,27,18,48,15,28,28,24,25,26,29,33,16,42,31,40,27,27,28
Rcc2,110,56,98,156,59,80,117,115,115,102,133,127,93,74,91,155,166,189,86,91,34,161,137,76,77,87,118,98,117,109,103,72,100,90,115,83,62,102,96,77,157,94,92,73,84,74
Rccd1,9,7,6,11,7,4,4,6,9,14,7,10,9,4,8,9,6,6,5,8,3,6,11,7,8,10,4,10,6,8,14,11,14,6,3,8,7,7,4,6,12,9,7,3,6,3
Rce1,30,31,60,68,45,45,61,67,61,50,76,52,67,47,58,82,71,95,62,42,23,99,58,35,45,59,35,67,77,78,54,30,45,31,68,56,49,45,59,38,89,57,56,44,55,69
Rchy1,78,43,82,103,74,86,100,76,115,74,113,128,121,93,97,110,85,160,94,80,41,139,125,52,88,87,83,84,117,89,79,73,83,46,96,81,61,71,86,52,121,80,84,65,78,80
Rcl1,401,154,322,658,232,448,385,383,519,347,589,465,445,413,483,661,593,505,400,314,103,797,477,222,470,305,384,516,518,402,263,295,318,337,455,424,278,411,498,263,504,345,410,271,402,369
Rcn1,10,4,0,10,9,1,5,5,4,4,6,4,7,5,4,6,9,12,7,3,1,8,5,4,8,6,3,5,4,9,12,4,4,7,4,5,2,3,1,2,10,6,3,7,2,5
Rcn2,22,10,20,40,28,16,36,33,30,21,31,31,22,17,23,31,29,54,28,18,14,61,32,9,23,19,30,26,39,28,31,15,26,17,21,15,25,24,13,11,21,22,19,11,19,30
Rcn3,24,10,20,41,23,24,37,49,18,27,27,22,34,26,33,28,38,45,44,17,10,27,56,11,20,38,21,31,36,31,37,16,19,24,21,33,27,31,24,16,39,34,36,18,25,29
Rcor1,22,17,26,28,28,27,34,28,24,24,36,57,25,28,23,39,19,33,24,15,11,20,23,12,24,23,17,31,23,25,21,14,18,22,21,12,10,21,24,15,27,21,22,15,19,16
Rcor3,19,12,11,32,21,14,33,21,23,30,21,18,16,12,21,20,20,27,17,23,6,20,38,11,19,14,17,19,26,15,7,10,22,20,19,19,15,18,12,10,34,16,20,4,14,8
Rcsd1,9,7,9,20,12,7,11,12,13,6,11,10,7,12,11,10,10,14,10,10,6,22,9,3,7,8,14,8,17,16,13,4,3,2,8,3,8,7,5,7,13,6,7,9,9,5
Rdh10,44,22,34,45,51,42,46,40,76,45,47,64,58,45,60,60,45,38,40,43,22,52,54,37,50,42,48,65,57,60,30,38,60,17,50,57,48,39,27,21,55,50,56,23,44,36
Rdh11,143,56,97,158,150,106,187,181,176,90,106,115,117,72,99,110,108,58,104,122,51,69,261,114,142,133,92,137,238,139,68,71,116,120,108,186,142,161,105,80,139,109,173,124,140,151
Rdh13,25,15,41,39,19,26,43,27,53,22,34,49,39,39,38,24,32,67,37,34,4,70,22,22,22,21,38,25,40,34,23,22,26,26,33,22,19,28,22,21,34,24,21,17,30,42
Rdh14,85,52,85,123,109,90,99,78,148,108,129,144,108,92,122,150,148,159,108,103,40,194,154,81,131,122,71,119,169,132,88,78,96,64,116,114,99,112,86,67,143,86,118,72,115,104
Rdh16,286,127,210,333,129,213,358,234,193,206,301,171,301,300,278,337,289,129,207,247,110,228,418,313,215,218,148,305,447,397,212,303,324,278,349,636,258,317,298,202,288,218,376,357,327,306
Rdh18-ps,5,2,4,9,2,4,3,10,4,5,7,4,5,8,12,15,15,0,6,8,4,6,6,5,2,2,1,9,12,6,0,1,6,2,1,3,7,2,1,3,6,8,4,3,3,5
Rdh5,111,63,131,167,214,177,186,144,386,134,155,254,151,140,140,132,155,189,146,129,38,204,174,134,197,173,214,116,339,189,95,87,144,103,131,111,137,139,139,100,194,147,141,113,131,121
Rdh7,4859,2138,4588,6559,2847,4705,5169,4274,6312,5209,6777,6823,5426,5084,5903,7307,6538,3969,5636,4905,1560,5702,6168,3602,5064,4258,4879,5663,7014,5558,3334,3980,5142,3600,4920,4556,3508,4723,5510,3131,6775,5272,4775,3237,4031,4064
Rdh9,216,100,160,353,113,110,167,164,195,211,215,160,242,159,232,264,282,427,162,177,105,494,169,97,167,158,124,181,149,182,79,72,175,83,129,73,82,123,167,49,196,129,133,140,120,117
Rdm1,75,24,46,70,21,48,65,62,67,65,76,52,66,60,61,70,82,57,68,45,26,51,74,43,69,64,51,88,97,84,41,59,68,57,59,59,59,60,73,30,71,71,56,45,48,56
Rdx,520,244,435,506,434,485,397,398,439,407,466,446,301,544,426,652,563,620,491,437,235,617,639,311,365,329,454,561,649,564,571,369,342,134,519,288,277,353,366,209,343,373,385,198,256,325
Rec114,13,22,12,16,6,10,20,10,15,12,72,36,4,3,12,20,10,8,20,20,5,0,26,11,3,33,17,20,45,37,38,35,7,34,8,6,1,21,10,0,9,22,16,10,12,7
Rec8,34,6,10,38,12,10,25,35,13,15,28,15,19,26,33,35,42,9,32,29,6,5,28,18,21,39,21,31,5,23,32,15,29,14,18,18,4,33,10,13,19,32,15,10,18,7
Reck,9,3,9,13,7,8,27,24,10,13,5,6,11,14,16,16,12,2,17,6,7,17,33,19,4,11,5,19,26,16,5,12,14,13,15,22,8,16,7,8,17,16,8,8,9,17
Recql,11,6,10,14,10,8,15,22,16,13,14,27,14,12,14,9,15,34,10,14,11,16,25,10,17,10,16,17,19,19,13,15,12,10,15,12,13,16,16,6,19,9,14,14,14,15
Recql4,3,5,2,6,6,5,6,7,3,5,5,10,3,4,8,4,3,10,2,2,5,14,4,3,5,5,6,4,10,5,4,8,9,6,7,7,3,2,5,2,10,5,8,2,6,1
Recql5,52,25,44,63,39,37,63,46,69,50,69,85,44,60,54,77,57,52,42,48,17,58,59,40,51,66,54,44,68,69,53,28,57,46,52,48,43,57,58,36,66,80,44,38,36,38
Reep3,85,67,61,137,99,63,87,86,140,143,123,119,92,108,122,137,141,183,90,91,49,174,126,55,77,117,118,145,114,105,78,77,103,52,69,68,107,70,76,45,116,110,90,64,79,83
Reep4,38,13,29,60,37,40,47,49,40,46,53,39,46,40,45,56,56,103,36,32,24,87,52,34,37,39,41,38,39,53,49,28,36,19,49,52,44,38,39,28,63,41,40,37,41,34
Reep5,28,15,9,30,23,13,30,35,42,25,29,26,17,20,30,22,25,49,37,20,16,32,37,11,30,28,25,30,25,35,30,22,15,13,21,24,18,28,20,14,28,25,24,13,13,21
Reep6,3670,1823,3563,5003,3365,4802,4495,4427,4886,4197,6282,5799,4858,4114,5183,4711,5788,5232,3808,4117,1660,5988,5735,3942,4889,4696,4240,5804,6485,5441,3775,4516,5661,3299,5438,5990,4126,4953,5439,3225,6890,5185,5135,4426,4772,4159
Rela,176,111,188,298,226,203,229,230,255,167,327,288,173,181,205,234,251,271,197,190,96,300,231,135,209,203,184,199,237,246,267,139,196,182,208,151,164,173,194,148,259,192,172,171,152,176
Relb,19,16,18,48,21,15,24,42,25,14,28,31,24,11,25,26,32,35,17,17,12,52,19,7,20,12,22,15,18,19,75,13,20,27,15,8,14,20,11,7,26,9,12,10,15,16
Rell1,34,15,40,54,40,28,40,29,46,25,38,52,35,27,27,58,36,76,37,31,7,54,40,15,36,31,37,29,42,29,20,12,30,19,18,16,16,21,25,19,45,18,22,19,16,20
Rell2,2,0,2,2,2,0,2,5,5,0,3,7,3,2,2,2,2,2,1,2,1,4,3,3,2,1,3,1,1,7,1,1,3,1,1,1,0,1,2,1,3,1,0,3,1,0
Reln,50,29,32,103,29,34,76,78,35,67,74,69,53,31,77,49,51,85,51,29,29,107,67,21,39,39,25,60,84,62,23,27,53,33,29,43,22,60,51,24,49,30,42,23,27,47
Relt,3,1,3,10,4,2,4,5,6,0,12,8,3,2,1,2,5,4,4,1,0,6,4,1,5,2,4,0,2,4,17,1,2,5,3,3,3,3,4,0,0,3,4,1,2,0
Rem1,3,1,0,2,1,1,3,6,3,1,0,2,5,3,4,1,4,8,6,2,0,3,2,1,2,1,3,4,4,4,3,3,1,6,0,1,4,0,2,1,2,1,0,0,1,2
Renbp,43,21,39,46,28,18,45,34,37,33,46,61,25,23,30,51,79,84,41,24,11,126,22,11,23,27,25,27,23,31,47,18,29,13,28,20,44,37,20,13,24,23,26,22,27,32
Rep15,4,1,3,1,2,2,1,0,2,2,4,2,1,1,2,2,6,4,2,2,0,3,0,0,1,0,3,8,2,0,1,0,1,1,0,2,2,1,0,1,0,2,1,2,3,0
Repin1,149,75,106,147,85,131,119,106,171,132,137,167,153,147,127,152,138,135,142,138,31,149,136,81,107,127,113,113,173,150,83,87,131,104,105,112,88,108,123,82,175,121,111,90,112,95
Reps1,40,16,46,75,48,39,53,51,68,47,58,54,50,56,52,84,65,85,49,43,19,111,46,30,52,48,34,51,77,63,44,33,42,26,47,37,43,41,43,29,68,47,44,27,46,45
Reps2,34,24,37,61,64,45,54,48,115,49,53,67,48,44,53,44,59,58,50,61,28,64,45,37,53,40,53,38,55,75,36,33,59,24,44,31,55,49,56,32,76,50,33,37,41,61
Rer1,609,313,552,921,609,644,754,631,942,681,824,991,765,663,735,798,835,1080,735,636,252,932,789,509,706,638,664,695,892,754,665,569,688,518,734,680,607,706,778,444,916,690,650,491,578,583
Rere,87,55,72,151,83,73,97,112,86,82,122,114,102,81,103,110,128,144,94,76,34,164,112,65,105,88,78,84,95,107,75,74,67,68,86,75,59,84,77,49,127,82,107,67,56,90
Rerg,4,3,0,12,4,1,10,10,4,7,7,7,9,6,8,3,4,15,5,6,3,12,6,1,4,10,7,13,8,10,4,3,7,5,2,3,2,9,8,3,6,4,4,3,2,6
Retnlg,1,0,6,3,15,8,5,4,19,0,8,6,0,1,1,0,5,10,2,1,2,21,1,2,7,4,3,2,3,3,7,0,2,1,2,2,3,0,0,1,0,1,2,1,0,3
Retsat,2714,1210,2408,4933,707,2280,2100,1624,1173,3362,5596,3899,2708,3276,3344,4276,6036,3493,2705,3198,973,7004,2037,1311,1293,1616,974,2721,1791,2308,912,1973,2498,1513,3203,2565,1461,1746,2502,1178,2535,2089,2169,1643,1964,2105
Rev1,46,15,48,63,43,40,53,33,56,42,63,47,50,31,48,41,50,61,52,19,24,89,36,29,25,31,47,40,47,49,33,25,41,29,33,40,28,31,38,24,52,35,36,21,20,28
Rev3l,1,4,2,1,5,2,7,1,4,3,5,3,4,1,4,3,2,2,3,3,2,1,2,4,5,1,5,1,1,3,0,1,3,4,4,3,5,1,2,1,5,4,1,1,1,4
Rexo1,90,75,106,158,101,118,114,95,113,94,156,146,104,104,136,103,99,114,99,78,32,150,105,66,102,94,97,88,116,119,94,69,82,78,99,90,79,103,84,59,116,80,99,79,63,69
Rexo2,322,133,180,404,326,250,314,300,375,424,401,547,412,301,389,412,417,678,309,367,146,426,568,158,348,468,333,395,347,446,379,201,488,251,397,363,309,407,387,309,606,571,395,262,315,339
Rexo4,88,39,80,128,87,91,95,92,99,75,134,138,81,79,92,121,126,139,79,73,43,163,89,63,74,72,89,72,115,85,67,73,87,63,78,76,63,77,97,44,128,77,81,53,65,93
Rfc1,44,21,40,66,55,65,70,58,81,49,85,69,49,43,48,75,73,120,49,56,30,100,50,36,44,68,40,61,82,61,64,55,49,33,59,50,48,49,44,34,77,47,56,51,46,44
Rfc2,126,54,127,176,124,138,148,160,161,107,175,151,119,106,162,172,204,165,127,134,40,183,156,87,127,141,128,153,153,145,150,99,121,95,128,110,100,119,120,70,177,94,146,100,133,107
Rfc3,41,20,26,58,36,42,44,32,27,33,55,35,24,32,37,51,64,65,34,42,12,54,41,24,39,35,47,50,58,44,48,27,40,29,48,29,37,42,37,17,44,27,46,24,40,44
Rfc4,8,3,11,16,12,4,13,25,20,5,12,9,10,10,13,18,11,22,10,11,5,29,21,10,14,10,9,15,16,16,9,5,11,8,14,10,17,14,17,8,18,13,12,4,7,9
Rfc5,43,15,47,39,27,30,59,56,35,36,47,52,24,31,51,65,34,78,28,44,9,39,71,23,47,45,42,53,63,62,49,20,43,39,43,69,44,37,44,23,78,36,50,43,39,34
Rffl,14,2,9,20,3,9,14,8,9,15,11,12,15,14,14,8,10,16,14,6,2,13,11,10,13,6,8,10,11,12,8,6,5,6,13,9,4,13,4,5,6,7,9,3,6,12
Rfk,158,71,142,181,159,133,153,122,290,169,198,214,161,165,146,202,190,215,163,152,77,206,199,103,152,140,167,168,213,191,142,119,159,99,148,172,150,158,163,78,176,122,143,120,138,126
Rfng,92,39,73,126,74,109,93,118,101,111,115,161,123,76,101,115,127,85,92,111,25,104,124,68,110,94,125,136,139,136,87,73,109,89,117,81,63,102,116,62,134,108,99,75,89,88
Rft1,66,36,62,86,61,76,88,49,124,57,68,72,76,61,79,86,77,98,73,83,32,84,80,63,81,74,58,75,80,84,52,52,52,51,73,83,61,58,76,49,97,69,50,59,58,60
Rftn1,9,5,10,13,6,9,10,8,6,4,10,13,8,9,13,10,16,20,6,4,4,12,10,8,10,6,8,9,8,12,20,5,6,9,6,7,4,4,5,3,5,6,8,5,10,10
Rfwd2,5,3,7,2,5,5,7,6,5,4,8,3,1,7,1,2,3,4,10,3,1,1,6,2,1,1,3,4,4,3,2,4,2,1,5,6,1,2,2,3,4,2,2,2,4,1
Rfwd3,31,11,28,42,36,18,37,35,58,26,27,50,30,35,18,38,33,41,24,23,10,23,22,15,36,31,36,28,45,41,18,15,25,17,24,20,30,28,21,24,49,26,30,16,20,22
Rfx1,26,15,45,49,17,44,39,43,27,29,41,41,42,28,37,37,34,47,34,28,12,48,32,26,39,25,37,41,36,36,39,25,30,23,25,21,17,35,27,27,43,21,23,26,20,32
Rfx2,3,2,0,3,1,0,3,3,3,2,2,1,7,2,1,4,4,1,2,0,2,6,1,2,4,1,2,4,1,3,2,2,3,0,1,2,0,3,4,1,1,1,1,0,2,1
Rfx3,0,2,0,2,3,0,2,1,1,0,6,5,1,2,1,5,2,3,5,0,1,5,2,2,3,2,2,1,2,1,1,3,2,1,2,1,1,0,2,1,1,2,1,3,3,0
Rfx4,4,0,2,8,1,1,2,2,3,4,5,1,3,3,7,4,3,3,3,3,0,3,2,3,6,3,0,4,0,10,1,2,2,1,4,5,2,2,2,1,4,9,4,5,4,3
Rfx5,33,16,29,54,26,35,38,44,45,46,51,74,45,31,35,62,58,53,44,39,20,73,26,17,26,34,28,42,46,25,62,28,39,29,25,35,26,37,39,21,51,32,32,19,29,30
Rfxank,24,6,22,18,23,16,22,24,34,23,24,43,27,19,19,19,18,13,17,16,6,21,26,17,20,20,34,25,26,23,7,13,6,14,16,13,15,12,12,17,26,20,15,13,28,12
Rfxap,15,7,12,22,15,11,16,11,30,14,19,23,22,16,17,29,18,12,13,12,7,18,23,6,19,21,24,18,22,19,14,13,23,11,14,17,6,10,10,11,16,15,12,10,13,16
Rgag4,2,0,1,4,3,0,2,3,0,3,2,4,1,2,2,5,5,1,2,5,1,5,1,3,5,3,6,4,1,4,4,3,4,2,3,1,0,4,1,0,3,2,4,0,1,2
Rgl1,14,4,6,22,9,8,23,25,11,30,24,20,16,6,11,17,12,14,18,14,5,23,13,9,19,9,11,4,14,22,15,4,9,15,6,11,10,17,9,5,19,12,19,5,7,14
Rgl2,72,41,82,131,68,76,100,101,100,78,112,129,90,76,80,99,93,121,79,71,21,121,101,48,81,74,75,89,101,82,93,56,74,71,69,84,55,69,69,43,88,63,72,62,53,70
Rgl3,114,85,152,142,160,154,134,190,184,138,164,258,159,159,170,150,155,112,128,160,54,149,178,109,148,141,126,164,200,145,105,115,152,103,151,118,120,124,140,107,210,124,138,120,144,110
Rgma,2,0,3,6,5,4,5,3,2,1,3,0,6,5,3,7,2,10,4,0,0,4,4,0,2,2,3,5,6,2,3,1,0,2,2,6,3,1,0,2,3,1,2,2,3,3
Rgmb,1,5,4,11,3,1,6,3,4,3,6,9,5,0,2,8,5,7,4,2,1,9,3,3,9,7,2,6,6,8,6,3,6,1,3,4,3,4,2,4,6,0,4,5,5,3
Rgn,2176,1018,2288,3747,2074,3206,3646,3128,2651,2826,2499,2326,3112,3102,4108,2785,2239,537,2721,2834,1219,570,4714,2454,3561,3260,2645,3626,5694,5043,1361,2357,3732,1547,3552,3310,3173,3758,3561,2107,4453,3811,4019,2670,3474,3118
Rgp1,132,57,118,183,121,138,135,134,142,131,134,174,122,132,152,122,146,166,112,133,53,157,145,83,129,136,110,127,138,131,107,84,134,72,97,98,102,107,149,53,179,113,128,85,108,106
Rgs1,1,0,1,2,2,1,1,3,2,0,5,6,8,1,3,6,5,13,2,0,3,16,0,1,3,1,0,1,0,1,7,1,0,4,0,2,4,1,2,2,3,4,3,2,0,2
Rgs10,20,7,25,43,23,22,29,40,26,10,29,27,16,7,25,22,23,38,25,6,5,29,36,21,39,16,26,16,27,28,61,20,11,17,13,20,17,23,15,10,18,15,30,14,23,15
Rgs12,14,7,26,27,26,24,27,23,39,30,29,34,27,19,17,24,23,15,14,25,6,16,30,23,38,30,32,28,24,30,23,19,28,15,21,20,23,22,20,13,32,27,19,20,21,19
Rgs14,6,2,6,3,1,0,4,4,2,1,5,2,3,3,5,2,2,4,2,3,1,6,4,1,0,0,2,1,3,2,20,0,2,8,1,1,3,2,1,1,2,1,2,3,0,0
Rgs16,36,35,56,200,46,58,181,68,178,88,72,10,241,275,54,339,714,101,43,33,17,151,52,61,16,41,34,24,82,249,60,153,41,63,54,140,45,63,60,91,47,170,123,80,42,115
Rgs19,13,8,17,19,17,17,23,45,6,11,16,28,13,4,20,11,17,28,9,11,5,31,24,9,19,17,7,13,18,14,36,8,14,12,8,11,7,10,9,8,12,11,15,7,4,9
Rgs3,19,5,10,20,9,4,21,16,15,23,14,6,20,4,15,7,13,15,11,15,7,12,18,9,20,7,18,11,13,22,16,8,19,8,5,18,7,11,15,5,16,6,20,8,15,8
Rgs4,3,0,1,1,1,0,2,0,1,1,4,1,1,0,0,3,2,4,2,0,0,6,1,1,1,0,0,0,1,0,0,0,2,1,1,0,1,0,0,0,1,3,3,1,1,3
Rgs5,13,10,13,12,8,10,11,10,2,12,11,18,7,13,5,15,10,29,10,6,5,30,8,4,8,4,9,9,9,7,5,3,7,8,4,5,6,8,5,5,11,3,4,5,0,1
Rgs9,0,1,3,2,1,2,3,1,3,5,9,3,1,3,0,1,5,6,3,1,1,3,0,1,2,3,3,2,2,0,0,1,2,2,0,1,0,5,1,0,2,2,0,0,0,2
Rhbdd1,38,13,29,43,42,21,21,41,46,33,45,51,35,37,44,42,51,64,50,26,22,64,56,24,40,39,29,43,56,35,27,18,37,18,37,39,29,35,26,22,39,39,38,26,32,26
Rhbdd2,10,4,9,11,10,8,13,21,19,16,23,37,19,20,12,30,21,29,7,15,7,33,13,7,7,8,8,7,13,13,7,4,7,6,10,5,7,16,11,2,6,6,6,4,11,5
Rhbdd3,67,35,49,98,39,69,84,67,78,77,107,62,64,48,84,96,78,105,55,65,24,89,78,63,68,57,68,72,108,96,73,55,68,54,78,74,61,86,87,42,94,71,86,50,62,77
Rhbdf1,47,35,49,104,60,28,73,66,62,47,73,44,55,39,56,65,58,112,59,28,26,132,32,26,37,57,36,44,56,58,61,37,55,42,43,20,28,38,43,25,76,30,47,51,42,43
Rhbdf2,34,14,28,63,27,43,36,35,64,20,43,47,30,21,37,33,37,61,30,20,4,58,18,14,25,25,47,28,35,26,75,19,28,36,19,19,20,28,20,20,50,26,22,21,26,22
Rhbdl1,30,19,42,37,15,27,35,35,24,32,43,36,33,23,47,42,30,8,33,33,12,15,40,33,27,36,35,47,45,42,30,45,61,36,38,36,26,23,49,21,48,31,39,41,28,20
Rhbg,48,24,42,127,97,107,105,113,116,50,72,78,77,63,101,68,74,50,62,77,45,28,121,105,120,77,102,88,107,178,280,94,66,138,83,127,45,76,122,57,141,164,103,100,82,75
Rheb,207,116,177,341,242,226,236,221,333,210,262,320,286,249,276,291,318,359,251,196,125,451,348,188,283,241,213,286,325,298,226,195,222,134,238,237,220,219,272,122,398,220,236,182,192,204
Rhebl1,2,0,0,11,3,5,4,5,10,3,4,2,1,1,1,5,5,11,5,5,1,9,3,3,9,3,1,7,5,5,2,0,3,4,2,2,2,6,4,1,8,4,1,1,2,1
Rhno1,33,14,38,53,42,31,34,36,52,33,33,46,26,27,33,36,42,86,23,28,13,62,30,15,35,28,31,33,49,32,40,27,29,34,31,35,41,25,18,16,61,19,39,26,29,23
Rhoa,325,177,274,470,288,327,368,322,448,399,440,458,344,338,343,487,426,543,418,357,133,477,470,307,353,343,375,365,412,415,372,277,359,218,361,351,307,381,374,196,474,390,382,262,321,307
Rhob,40,28,46,81,39,41,45,57,38,45,48,51,55,54,60,42,52,96,45,40,14,94,47,34,40,33,40,44,58,39,89,35,34,37,51,39,32,34,38,24,50,35,41,22,27,42
Rhobtb1,140,77,132,247,138,146,113,137,333,170,157,238,197,143,162,182,230,198,189,168,44,253,196,63,143,192,202,165,281,130,108,143,162,146,128,127,146,146,182,101,285,143,141,112,120,156
Rhobtb2,20,4,20,33,19,20,26,21,32,20,30,35,21,22,23,25,34,16,27,17,8,28,27,18,22,18,23,18,30,24,9,10,28,18,20,19,20,24,21,12,35,29,13,15,21,20
Rhoc,153,70,107,209,202,78,166,152,167,116,184,160,130,88,137,178,219,573,154,106,74,401,115,56,95,152,109,108,105,121,199,89,104,78,89,94,92,118,109,64,141,78,86,79,68,110
Rhod,192,75,147,379,158,176,166,166,272,191,219,185,217,149,212,259,297,300,160,118,49,392,161,93,177,207,159,160,220,197,214,100,155,152,154,140,127,182,153,103,205,138,159,95,131,127
Rhof,3,0,3,2,1,0,5,7,0,2,4,2,2,0,5,3,3,9,3,1,0,3,2,1,3,2,3,2,2,1,3,1,1,1,0,0,4,3,1,2,1,4,1,1,0,0
Rhog,113,72,128,240,156,145,200,123,177,115,202,169,120,111,155,124,162,251,104,105,62,152,123,91,116,133,139,143,164,196,234,78,115,108,123,74,107,139,92,80,182,130,136,74,128,113
Rhoj,10,1,10,10,6,14,17,20,12,17,17,19,11,14,18,16,17,19,20,6,3,21,12,6,16,13,12,10,18,12,15,6,13,10,9,8,7,13,8,7,16,7,10,9,14,13
Rhoq,22,5,12,30,16,19,21,28,26,19,22,18,23,24,20,21,30,57,22,14,4,67,22,15,15,24,12,21,20,22,13,13,14,10,14,15,12,17,20,14,28,16,15,10,22,10
Rhot1,2,2,2,12,4,8,2,4,5,5,8,10,10,6,8,7,8,9,8,6,2,8,8,5,3,3,8,7,8,11,8,4,6,4,6,8,2,7,4,6,9,8,6,3,6,8
Rhot2,103,50,80,112,78,88,116,73,98,98,116,111,99,94,93,110,108,102,107,88,42,117,99,53,83,77,79,85,111,97,80,63,87,66,78,75,77,110,107,46,118,89,78,81,86,80
Rhou,425,185,287,548,448,350,481,461,543,327,482,479,371,279,419,398,400,606,396,315,167,640,458,280,348,390,343,449,485,489,330,314,411,396,358,399,363,361,387,272,635,320,436,311,343,340
Rhox5,6,1,1,8,4,5,3,9,0,0,5,7,7,2,2,1,4,8,3,0,3,2,4,2,5,4,3,1,1,21,6,2,5,2,1,2,2,1,6,1,4,0,0,1,5,0
Rhpn2,30,14,25,47,18,29,28,23,38,32,25,33,36,22,45,39,47,65,25,25,7,77,48,22,25,36,30,27,39,28,25,14,21,20,41,28,29,34,23,11,51,28,36,14,28,31
Ribc1,13,6,8,14,13,9,6,15,14,8,9,17,8,6,8,15,20,17,7,4,2,12,9,8,10,11,13,9,12,9,5,9,3,3,12,8,6,3,7,1,12,5,5,3,4,8
Ric1,9,7,6,11,6,5,12,9,5,6,8,7,9,6,3,13,8,12,0,2,3,17,10,7,3,2,8,6,8,10,3,8,7,5,7,9,4,6,11,4,8,4,5,6,6,7
Ric8,92,43,80,136,99,75,76,93,143,94,99,144,92,95,89,139,116,191,89,84,39,183,88,52,97,76,65,91,108,92,82,46,80,65,94,68,70,75,97,57,146,70,91,63,83,76
Ric8b,2,1,1,2,4,4,1,3,1,3,3,5,0,0,1,2,4,2,2,2,2,7,2,2,2,3,3,1,1,0,1,2,3,2,0,3,2,4,2,2,2,1,0,0,2,1
Rictor,26,11,19,21,24,19,23,19,35,25,30,26,22,14,14,36,25,34,36,17,9,28,19,14,16,29,17,20,19,13,13,12,12,9,18,11,16,14,8,13,22,17,9,18,7,13
Rif1,9,2,2,8,8,4,1,6,4,6,5,8,4,5,8,7,6,8,7,3,2,12,9,2,6,5,7,7,6,5,2,1,10,1,6,5,2,7,2,2,8,3,2,2,3,2
Rilp,127,59,112,162,71,123,151,177,141,141,146,176,124,152,143,186,169,170,155,116,44,204,198,102,140,142,125,157,204,101,104,117,93,118,131,115,138,160,134,85,166,134,118,109,107,99
Rilpl1,16,12,20,24,22,10,26,21,29,14,27,32,23,22,25,23,31,24,27,19,3,40,23,8,20,16,10,25,14,21,13,7,18,8,14,15,8,12,15,2,13,12,9,13,9,20
Rilpl2,44,38,64,111,72,71,77,80,79,53,92,93,89,76,68,106,103,96,59,63,28,80,79,48,70,68,65,70,93,78,73,47,71,51,76,78,55,69,64,34,94,50,75,50,55,62
Rin1,3,0,0,2,0,1,4,2,0,0,0,1,1,0,1,1,2,8,0,0,1,3,2,2,0,2,1,1,2,1,1,0,0,0,1,0,2,0,1,0,1,2,0,0,1,1
Rin2,14,4,3,22,11,7,8,10,9,8,13,14,6,8,9,17,14,17,4,7,4,11,9,4,6,6,9,8,12,8,13,7,13,7,10,11,4,9,7,2,12,5,12,3,6,7
Rin3,58,37,64,108,68,61,68,89,56,68,92,116,90,66,64,108,85,87,60,68,31,80,85,51,54,79,49,71,82,51,80,59,83,70,76,63,56,69,68,36,91,59,73,73,85,73
Ring1,40,29,33,87,61,45,50,90,74,76,79,91,51,45,61,46,44,81,63,44,20,113,54,30,41,65,43,57,70,59,69,39,39,49,62,36,39,57,39,25,76,26,49,27,30,31
Rinl,12,6,6,23,7,7,15,14,7,9,18,16,10,8,10,11,16,14,9,12,5,22,12,8,11,5,11,4,14,10,30,11,5,10,7,7,11,6,8,0,6,9,9,4,5,5
Rint1,38,27,38,41,45,40,39,41,58,41,38,82,31,26,50,56,34,52,47,47,23,50,44,29,38,44,30,52,41,50,24,41,41,30,37,34,41,30,47,18,57,47,39,30,27,33
Riok1,15,8,15,27,21,12,16,15,12,13,12,16,10,10,13,12,11,25,9,9,5,20,20,10,12,10,7,13,15,22,14,13,10,7,8,8,10,16,10,6,7,6,4,6,6,12
Riok2,33,23,32,70,40,25,40,37,52,42,36,59,37,36,40,38,37,39,30,33,15,70,46,16,30,33,32,51,51,37,35,38,37,30,45,33,37,23,36,27,39,27,38,28,23,30
Riok3,146,99,155,227,164,213,199,156,237,149,230,237,183,173,195,212,235,286,191,145,77,317,223,115,168,192,163,192,229,229,168,149,188,117,197,164,157,152,169,105,295,168,162,132,121,123
Ripk1,15,5,7,25,8,10,30,14,37,8,21,23,19,7,25,25,14,17,21,11,6,20,20,11,15,9,16,14,20,23,13,15,11,7,18,16,9,8,12,8,13,16,8,7,13,10
Ripk2,18,4,9,12,9,13,14,10,18,14,16,10,12,7,9,13,13,15,15,8,5,12,21,6,13,12,10,13,10,15,23,6,9,6,8,4,11,13,6,4,10,11,8,5,9,4
Ripk3,5,4,11,16,6,7,11,16,5,9,16,7,14,5,7,12,12,12,8,8,1,19,10,5,9,2,10,8,7,13,38,4,6,7,6,9,8,5,5,6,9,6,8,5,4,8
Ripk4,16,6,6,32,24,15,19,14,25,22,20,32,26,13,19,26,26,26,12,8,5,34,18,9,14,8,21,16,17,14,15,17,16,7,16,12,15,13,11,10,19,16,18,9,9,14
Ripply3,6,8,7,7,2,5,8,10,3,6,3,9,13,4,9,6,9,12,7,9,3,8,12,6,5,7,3,7,8,16,7,6,7,5,4,8,5,4,6,2,3,6,8,3,5,7
Rit1,7,3,4,7,6,3,10,5,15,8,4,13,6,3,7,8,8,5,4,8,1,11,8,3,8,5,6,8,8,10,8,2,8,4,7,4,2,6,1,3,11,7,8,0,5,6
Rita1,10,9,9,19,15,12,12,12,13,11,6,22,10,6,15,9,9,13,11,7,6,12,16,3,13,14,14,11,15,10,7,7,13,15,14,13,8,7,14,9,28,15,6,9,11,9
Rlf,17,4,12,10,10,12,10,10,16,7,11,15,16,10,12,15,9,10,4,11,4,21,19,8,15,10,9,18,9,33,8,6,5,3,10,9,10,9,12,5,7,5,13,5,2,8
Rlim,4,3,3,7,2,2,4,1,2,3,3,10,4,1,2,2,0,2,2,2,0,4,1,2,6,3,1,2,6,2,0,1,2,3,5,3,3,2,3,1,3,3,1,3,1,3
Rltpr,5,1,4,5,1,1,1,2,1,1,6,0,2,1,2,2,2,2,2,1,1,3,0,1,1,2,3,0,1,1,3,2,0,3,0,1,1,2,0,1,0,2,0,0,2,1
Rmdn1,119,72,99,204,143,130,182,151,200,146,161,204,186,182,189,151,169,194,147,131,79,217,208,137,188,173,115,167,213,201,141,139,181,120,174,171,160,183,175,101,250,184,159,143,162,188
Rmdn2,50,28,39,58,47,37,38,64,51,60,30,73,73,54,48,59,49,47,29,39,22,60,88,47,57,46,38,42,73,61,28,36,63,33,41,61,35,57,44,29,54,41,64,37,33,41
Rmdn3,299,123,320,491,239,313,455,361,357,311,411,397,410,364,421,417,395,388,335,344,137,275,495,319,412,355,300,423,462,442,693,294,393,346,425,494,278,422,482,272,579,527,563,381,397,350
Rmi1,3,1,2,1,2,1,3,2,4,3,1,5,3,0,7,4,3,4,2,3,1,1,4,5,2,1,2,4,4,5,0,1,2,1,0,1,2,4,3,1,1,1,4,2,1,1
Rmnd5a,261,120,224,392,165,213,298,271,342,244,291,200,301,277,229,351,283,220,217,192,84,264,324,251,267,266,205,236,335,240,150,204,230,201,243,333,204,190,218,200,325,286,284,194,224,263
Rmnd5b,37,39,59,97,49,81,73,87,105,68,75,126,87,73,86,63,77,98,65,67,26,118,112,68,78,76,62,75,113,76,73,48,69,54,79,69,53,73,81,48,85,60,68,62,66,71
Rmrp,2,0,1,11,4,4,6,4,2,4,13,5,2,1,2,7,7,4,12,3,1,4,4,1,6,2,6,4,3,1,1,2,6,1,1,2,4,1,1,1,3,2,0,0,2,0
Rn45s,1450,785,1445,2494,1394,1889,1010,1332,881,1478,3141,2086,934,1272,1305,2119,2471,2399,2613,1034,541,2140,1041,948,1378,871,1698,2314,1689,1001,886,1205,1708,1611,1136,1208,1237,1501,1350,937,1984,917,1158,959,783,605
Rnase4,3318,1749,5312,6213,7223,5608,3068,3556,12793,3330,5166,6242,3936,3622,4724,4982,4371,2228,2573,4954,2007,4787,3405,1954,4324,4534,5499,3455,5611,6408,3171,1467,3306,1550,4288,1765,2348,2927,3011,1424,5819,3320,3699,2370,2414,2195
Rnaseh1,40,23,36,55,51,46,36,52,53,34,60,60,54,42,61,60,58,76,43,46,22,68,46,32,60,44,39,42,61,62,63,29,48,34,42,37,40,42,34,28,56,35,42,23,36,32
Rnaseh2a,3,2,3,6,3,0,5,6,2,3,2,2,1,0,1,2,3,0,4,2,2,7,3,2,6,2,2,6,7,4,2,1,0,2,3,0,3,2,1,1,5,4,3,4,1,2
Rnaseh2b,80,29,44,80,55,50,76,59,87,67,83,78,54,61,78,86,85,126,65,70,24,131,86,37,64,62,45,69,98,69,53,55,50,40,65,57,66,58,58,39,62,56,69,46,49,61
Rnaseh2c,531,283,447,742,282,515,560,398,583,558,678,782,523,539,645,542,675,535,550,488,193,663,582,387,483,467,384,660,478,562,401,452,571,464,583,520,417,468,551,255,573,525,432,351,488,495
Rnasek,421,243,335,673,360,531,607,521,708,488,688,752,516,511,650,530,576,557,509,490,133,638,661,274,545,470,516,528,584,538,384,333,470,343,575,494,392,446,619,313,717,502,471,338,391,437
Rnasel,11,2,8,16,10,1,7,16,15,8,6,10,17,8,16,10,10,10,9,13,3,15,11,9,4,5,7,8,11,9,9,5,6,6,6,9,4,13,6,4,8,6,8,4,5,5
Rnaset2b,154,87,153,250,300,215,247,238,296,150,267,264,263,180,252,289,246,255,177,200,121,285,261,211,240,250,238,223,418,339,265,149,248,126,166,193,265,185,235,117,314,170,256,199,184,197
Rnd1,31,5,18,61,27,41,26,31,49,41,37,41,29,28,28,74,66,61,20,27,12,53,27,20,35,45,28,46,58,39,61,29,20,29,31,43,26,18,21,26,40,30,24,20,30,24
Rnd3,36,14,26,37,30,23,45,40,52,30,44,40,33,26,36,19,26,49,46,27,14,32,46,16,21,15,45,23,39,34,47,12,21,15,17,19,13,19,24,10,34,15,11,9,15,20
Rnf10,452,237,390,583,342,419,448,425,551,426,600,623,544,432,555,575,531,602,439,413,136,554,517,325,400,466,448,461,451,492,399,351,472,412,451,427,335,425,471,267,594,447,429,322,405,388
Rnf103,58,29,52,128,80,94,107,104,157,113,94,104,71,94,122,119,80,98,78,84,34,128,159,101,123,110,61,137,167,132,48,86,120,33,106,134,87,132,99,88,103,124,117,64,78,95
Rnf11,86,46,72,162,140,81,110,95,110,97,118,104,100,96,152,160,116,162,96,86,51,206,148,81,85,114,102,129,124,116,97,87,117,41,106,95,131,79,104,50,125,110,94,99,80,99
Rnf111,18,13,12,42,34,20,14,10,16,28,33,36,13,18,28,29,27,36,33,24,5,36,13,11,18,26,23,21,26,14,16,16,17,8,26,18,10,14,9,16,27,20,27,16,15,21
Rnf113a1,8,6,8,10,8,7,13,8,13,5,22,9,11,7,16,12,10,10,6,8,2,26,17,5,17,9,10,5,13,13,7,6,5,8,10,4,9,6,13,6,7,7,13,11,9,8
Rnf113a2,31,18,31,76,28,41,35,52,65,29,41,75,47,31,47,43,38,35,41,27,12,59,39,22,32,32,44,41,43,49,32,28,30,15,33,24,30,42,29,26,40,28,39,22,15,26
Rnf114,489,266,501,788,607,518,654,605,802,502,732,767,555,482,636,642,658,697,472,498,237,830,654,429,657,535,521,519,668,631,713,395,610,416,550,542,463,502,579,307,802,544,513,450,466,497
Rnf115,79,25,73,108,77,72,87,83,120,77,83,114,82,100,100,104,92,100,80,72,37,159,110,65,66,92,78,97,108,108,99,61,83,45,89,77,54,70,59,57,114,93,77,38,60,83
Rnf121,25,13,38,35,26,29,42,23,35,20,15,51,29,25,30,31,32,40,34,26,17,38,37,16,21,27,28,21,43,26,26,22,20,19,25,23,19,27,30,11,32,22,32,20,22,21
Rnf123,224,105,188,304,198,196,282,262,298,195,280,294,240,185,255,210,221,191,208,201,83,220,312,176,222,241,230,252,307,256,266,182,233,211,229,234,177,262,235,160,366,268,266,208,171,192
Rnf125,327,69,141,391,209,280,237,213,211,221,328,111,172,84,200,555,413,252,258,152,96,239,189,110,156,206,166,273,260,312,235,214,252,216,205,304,127,155,212,147,312,215,225,112,122,122
Rnf126,153,90,147,247,110,147,198,135,164,121,189,245,172,136,174,180,212,215,169,155,51,240,165,82,113,131,179,173,126,144,115,100,158,114,157,122,98,121,140,87,179,135,147,123,118,128
Rnf128,114,54,97,174,119,117,168,118,201,228,157,198,124,127,156,155,160,182,135,108,61,240,151,108,108,146,119,148,216,160,74,93,125,51,144,92,87,120,115,68,150,117,134,79,115,171
Rnf13,325,150,305,514,349,348,451,375,510,419,412,449,434,374,450,453,383,450,406,341,186,510,559,286,393,398,353,433,642,530,268,326,438,199,347,391,375,317,360,221,480,406,379,285,298,383
Rnf130,337,158,333,497,200,391,365,238,554,339,457,456,471,372,465,355,492,274,356,321,95,330,499,282,390,399,290,392,562,450,222,267,321,275,315,401,354,392,422,232,532,384,408,268,338,364
Rnf135,32,20,29,52,29,29,56,41,52,34,31,59,26,35,42,41,28,38,28,30,18,35,42,35,23,32,37,37,57,59,47,26,26,32,19,11,24,32,38,18,36,37,49,29,34,37
Rnf138,15,8,15,27,16,8,11,17,25,18,23,21,19,16,17,23,13,13,14,14,5,17,21,4,21,16,14,19,30,25,11,13,13,4,22,16,19,6,10,11,21,17,10,13,7,20
Rnf139,5,4,3,10,4,3,4,3,6,8,9,5,7,6,2,10,9,9,5,4,0,14,10,3,1,8,5,1,6,6,4,2,5,3,1,2,2,9,7,1,10,2,7,7,5,9
Rnf14,145,61,127,198,156,141,174,160,214,165,178,170,172,145,168,215,202,216,141,146,76,229,199,110,164,197,133,173,247,199,207,122,163,123,177,147,152,144,161,100,235,152,184,132,143,143
Rnf141,3,3,5,14,4,6,8,5,7,7,5,9,5,4,3,11,9,12,6,3,3,6,8,7,9,4,5,8,6,7,9,4,5,4,6,5,5,7,4,4,8,6,4,1,3,7
Rnf144a,2,2,2,3,5,3,4,4,3,0,4,4,1,1,3,5,2,7,2,4,0,3,3,0,8,6,3,3,4,0,1,1,1,3,2,5,3,3,1,1,3,0,1,1,2,2
Rnf144b,55,29,36,54,90,36,57,43,105,51,71,106,62,53,69,58,61,77,51,56,40,88,44,20,44,64,66,39,48,82,44,36,45,20,38,31,42,40,39,32,54,44,47,38,46,54
Rnf145,87,80,83,171,104,54,115,98,86,89,101,128,77,71,78,129,115,206,95,78,36,218,112,63,69,63,78,65,139,73,67,51,78,68,95,63,79,65,78,49,68,60,77,55,65,78
Rnf146,0,1,0,6,0,1,3,3,2,3,0,1,1,1,2,4,0,1,2,3,0,3,2,0,2,0,0,3,0,1,1,0,1,0,0,3,1,1,2,2,1,0,1,2,0,3
Rnf149,979,577,884,1464,1133,906,1153,1130,1401,874,1548,1396,1565,1024,1250,1379,1373,1572,1188,1130,520,1944,1379,755,1201,1195,1384,1201,1345,1442,1553,863,1316,923,1123,1312,975,1041,1315,835,1687,1320,1222,1068,1002,881
Rnf152,23,1,14,27,14,20,19,16,10,17,27,24,12,14,26,19,26,17,13,18,12,16,19,7,18,21,11,12,15,22,15,15,25,5,17,12,15,17,11,9,37,8,19,8,14,13
Rnf166,117,61,119,230,132,126,147,153,177,132,169,208,155,134,137,217,225,216,130,111,57,256,155,94,142,135,153,140,173,143,137,85,132,99,126,127,124,121,142,73,147,115,150,108,115,118
Rnf167,187,95,193,270,157,200,230,221,178,201,264,195,210,191,227,258,267,188,212,187,46,197,237,152,227,155,165,210,286,192,189,141,175,136,210,209,151,233,197,142,264,189,223,142,197,165
Rnf168,20,10,11,14,20,17,19,21,15,13,28,36,16,20,26,14,18,29,21,14,4,18,15,11,14,16,16,10,15,30,21,13,18,9,11,13,12,13,18,9,15,10,12,17,20,17
Rnf169,106,55,82,191,132,101,124,103,210,109,155,103,133,124,141,171,157,152,92,97,38,154,125,68,109,124,132,132,155,163,138,98,91,65,106,122,90,115,120,59,159,81,127,86,92,130
Rnf170,16,9,16,36,13,18,25,23,18,22,20,23,21,20,24,26,25,21,24,25,8,42,24,15,15,11,23,22,21,24,19,12,17,17,29,17,16,14,20,13,30,24,24,14,23,26
Rnf181,433,192,402,582,269,505,518,483,693,438,427,727,464,436,539,494,468,462,467,416,130,387,577,377,548,586,441,629,731,570,343,358,448,310,495,409,409,562,500,308,724,591,524,274,469,454
Rnf185,124,67,118,150,116,121,146,138,190,119,161,209,147,116,115,151,122,161,105,113,53,174,128,72,122,114,125,92,150,126,92,74,139,73,113,97,110,96,114,48,163,118,102,94,95,103
Rnf186,102,30,50,115,49,93,63,87,64,96,103,60,63,50,86,54,90,81,69,67,32,74,63,37,48,61,58,55,109,73,70,58,49,52,76,45,53,39,69,28,70,75,83,51,52,41
Rnf187,484,234,459,615,376,476,471,500,718,568,586,786,598,525,627,579,643,675,513,531,174,664,576,357,539,536,532,566,721,559,471,428,541,399,583,458,498,472,571,356,765,577,447,401,547,525
Rnf19a,10,9,7,27,19,15,20,12,12,17,22,13,19,18,19,9,20,25,9,12,2,29,13,8,23,21,10,16,24,28,14,10,15,3,9,11,16,13,9,9,20,15,19,10,5,24
Rnf19b,140,62,122,239,171,164,186,171,217,109,224,179,124,123,168,198,174,175,141,142,57,224,177,92,169,167,134,168,216,197,373,99,154,133,182,128,130,145,140,93,212,137,156,106,117,148
Rnf2,23,6,17,35,25,15,16,15,25,15,17,23,19,19,19,24,14,20,21,13,12,23,23,10,25,19,16,20,31,26,24,10,18,4,13,13,19,13,10,9,18,15,14,10,13,11
Rnf20,27,27,24,49,31,27,35,21,26,25,38,50,41,33,37,45,28,49,38,29,8,55,38,25,25,13,34,55,43,28,24,24,34,14,29,30,27,29,39,17,38,26,38,15,23,24
Rnf214,30,8,19,26,25,20,22,23,32,25,21,25,29,28,33,37,24,31,24,20,6,38,28,18,24,29,18,20,24,33,12,19,28,13,26,16,17,25,19,10,37,26,24,6,13,27
Rnf215,65,41,75,102,64,66,99,68,97,74,79,109,71,64,79,92,93,98,65,49,19,84,89,76,79,79,64,104,78,74,70,53,63,50,96,81,47,69,87,50,103,62,78,51,58,59
Rnf216,105,62,112,188,115,140,151,117,164,107,174,133,125,97,120,150,173,153,118,95,63,168,122,92,100,94,86,106,88,128,122,75,119,83,116,89,80,88,92,65,126,84,95,70,73,86
Rnf217,30,20,36,55,52,35,58,27,68,33,52,45,42,42,45,46,54,49,40,27,20,62,52,27,30,37,29,43,54,52,33,19,35,16,27,38,25,36,38,23,51,48,44,23,39,40
Rnf219,4,3,4,8,3,6,7,6,5,4,5,10,2,5,5,5,13,8,1,5,3,7,12,4,3,4,5,1,5,4,6,1,2,6,4,9,7,2,2,1,4,2,2,3,5,4
Rnf220,156,58,124,255,165,163,169,154,210,133,223,198,155,104,186,190,236,297,181,123,62,290,167,103,155,169,147,175,184,211,194,104,182,118,137,132,124,156,149,101,229,168,119,147,122,138
Rnf225,1,3,0,1,2,1,0,2,1,1,1,5,1,0,1,2,6,1,3,0,1,1,0,0,2,1,1,0,1,1,0,0,0,0,0,0,1,0,1,1,0,0,0,0,1,1
Rnf24,26,8,14,28,14,15,11,10,15,15,24,20,10,3,10,26,36,13,14,12,2,17,16,10,8,11,17,14,12,16,5,8,19,10,13,12,11,12,17,7,16,16,7,6,12,6
Rnf25,46,32,64,49,37,40,51,38,37,26,49,62,49,32,50,51,39,57,58,35,20,46,54,21,42,39,40,34,47,35,49,25,30,27,31,29,39,37,49,18,57,41,42,37,35,28
Rnf26,59,30,49,76,60,46,52,54,87,60,84,84,56,31,50,83,70,87,60,54,10,55,56,35,61,61,69,76,66,61,58,32,64,44,46,47,67,50,51,46,89,63,57,60,58,50
Rnf31,50,33,54,68,50,58,60,56,63,49,60,102,49,57,73,62,73,57,62,42,19,62,68,40,59,67,45,60,74,62,72,32,43,46,56,39,45,74,41,26,74,53,66,28,43,61
Rnf32,2,0,1,0,1,2,1,2,1,0,2,3,3,2,0,1,5,3,1,2,2,7,5,2,6,3,2,4,1,0,4,0,1,5,5,3,8,2,1,2,1,4,4,1,1,3
Rnf34,34,7,21,41,38,22,43,43,50,33,47,43,37,39,42,46,45,52,28,40,21,64,40,19,44,36,32,36,43,47,40,29,40,19,34,39,28,34,37,24,56,35,31,31,34,28
Rnf38,37,14,28,77,46,34,37,50,60,38,64,45,42,30,36,51,46,49,38,36,13,54,38,23,28,39,37,51,46,55,27,19,39,33,40,31,26,36,43,22,66,39,40,28,42,22
Rnf39,2,2,3,3,2,0,2,2,1,1,6,2,3,3,1,1,0,6,0,2,0,1,0,2,0,0,1,1,3,1,3,4,2,0,1,1,2,1,1,3,2,4,4,0,1,0
Rnf4,229,106,180,320,194,187,224,199,255,179,260,238,228,217,259,331,261,304,170,175,82,381,230,109,185,223,190,219,284,313,202,145,194,130,188,185,151,179,195,134,323,218,207,145,182,207
Rnf40,52,41,63,76,52,46,66,80,78,72,71,109,47,61,65,64,69,91,60,56,17,103,78,59,65,40,73,60,62,57,61,42,50,36,58,36,41,84,65,37,86,50,56,55,49,48
Rnf41,2,3,1,3,4,2,3,4,8,3,2,3,4,1,2,3,1,7,1,2,0,7,2,0,2,4,3,1,1,4,6,2,3,4,1,2,2,3,2,2,3,0,2,0,0,5
Rnf43,63,68,77,100,51,94,89,72,68,82,85,109,117,92,137,49,61,49,70,53,21,46,121,54,63,64,61,63,88,73,37,24,61,54,77,46,55,94,57,30,93,52,46,43,45,50
Rnf44,188,102,185,301,125,203,196,181,244,181,265,269,180,175,177,262,222,308,200,162,54,341,193,136,177,147,200,258,202,214,190,170,145,160,212,208,150,184,163,111,240,203,184,116,138,185
Rnf5,697,331,699,1092,660,746,798,727,952,816,912,853,794,760,851,752,1032,719,744,674,340,761,875,602,883,846,614,814,963,915,587,614,859,491,818,682,711,813,830,484,1079,803,712,607,738,722
Rnf6,85,56,82,118,99,85,105,106,103,79,103,121,73,64,94,102,91,115,84,76,39,126,86,59,101,75,68,105,100,96,71,62,90,54,69,70,64,74,71,44,103,71,65,43,67,50
Rnf7,139,74,98,190,145,149,149,134,229,158,176,233,191,141,196,217,178,269,138,169,69,251,197,103,127,146,144,176,199,188,175,138,184,134,180,138,154,155,171,80,257,159,136,101,120,152
Rnf8,54,21,53,78,29,70,68,53,60,44,68,59,48,72,60,69,65,72,60,39,10,94,73,39,43,48,41,57,60,55,56,22,53,36,56,45,51,53,52,43,76,53,56,43,51,42
Rnft1,22,14,18,33,29,25,24,21,25,28,33,42,19,19,17,19,31,27,29,23,14,31,21,15,19,24,14,22,27,26,15,28,17,13,21,20,21,18,18,10,43,27,18,16,12,27
Rngtt,7,7,9,16,7,9,12,15,18,12,13,13,16,10,14,15,14,21,11,11,7,20,21,8,19,20,13,14,14,14,12,11,8,10,19,15,17,22,17,6,23,17,9,12,7,18
Rnh1,677,372,709,1096,726,714,954,793,1045,713,871,932,722,707,766,1003,895,1384,739,740,268,1099,973,540,892,826,677,802,994,871,979,543,837,629,834,747,647,686,728,494,1146,846,829,642,632,640
Rnmt,4,1,1,4,3,3,8,8,4,4,5,5,2,4,6,2,5,11,2,5,0,10,5,5,4,7,0,0,3,3,3,2,5,0,2,1,1,7,5,2,4,2,4,0,3,6
Rnmtl1,52,44,74,82,38,54,84,68,74,49,98,99,61,65,84,72,68,67,66,61,30,92,65,59,56,47,59,46,77,76,55,38,62,55,54,73,65,48,77,41,74,67,77,55,63,55
Rnpc3,21,4,13,18,8,14,10,12,16,14,18,15,16,11,20,14,3,23,8,14,6,17,12,9,19,13,10,13,13,13,4,17,12,1,18,14,16,15,10,4,11,12,9,9,9,10
Rnpep,187,97,173,218,159,164,217,220,246,180,189,237,202,151,206,249,223,186,184,214,65,152,268,162,198,257,187,275,217,205,270,124,164,153,181,187,129,173,185,142,311,213,205,157,164,162
Rnpepl1,288,138,216,452,224,372,365,335,423,291,379,397,343,256,387,381,453,423,276,297,96,400,284,244,336,320,294,380,443,335,238,242,291,255,373,290,249,310,295,219,368,331,326,233,314,278
Rnps1,3,0,1,7,2,6,5,1,2,1,5,3,2,2,2,4,1,4,1,2,2,4,7,1,4,3,6,3,4,2,2,2,7,4,2,2,2,2,3,2,6,1,4,2,0,4
Rnu12,0,0,2,4,0,2,1,0,1,4,16,5,0,2,3,4,17,2,10,1,1,2,2,1,0,0,1,1,4,0,0,0,2,1,1,0,0,1,2,0,1,0,1,0,1,1
Robo1,4,2,6,8,12,3,7,6,8,5,4,11,2,4,11,3,2,15,6,6,2,11,11,5,4,3,3,10,20,7,9,6,4,4,5,12,12,6,8,5,10,3,16,4,9,3
Robo3,5,1,2,2,1,2,5,4,4,0,1,2,2,2,4,2,4,6,2,5,0,2,4,2,2,6,0,3,4,4,2,3,4,1,3,3,1,1,2,1,0,1,4,4,1,2
Robo4,33,17,24,43,32,43,50,41,60,27,50,27,62,43,46,47,35,70,31,29,15,93,47,23,41,40,30,41,78,45,30,33,43,32,31,29,38,43,34,21,26,25,31,25,28,32
Rock1,1,3,9,10,1,3,4,2,5,11,8,10,5,3,7,3,6,6,4,5,0,8,5,2,4,4,0,5,6,4,2,3,8,3,5,2,2,3,3,3,6,9,6,1,1,11
Rock2,19,14,23,51,27,18,27,33,31,30,33,19,32,18,29,34,36,43,35,26,4,47,28,19,27,19,36,34,33,32,36,17,20,25,32,19,21,20,23,19,33,23,29,15,21,18
Rogdi,168,87,149,263,205,136,259,243,305,203,245,285,183,183,241,185,260,196,211,187,57,264,251,129,219,225,224,225,249,227,148,124,173,133,181,186,129,220,227,109,276,191,150,162,171,131
Rom1,19,11,15,17,9,15,24,19,20,16,25,18,16,22,30,23,25,36,21,23,10,18,35,11,12,13,19,17,20,28,31,16,18,8,15,20,9,19,20,8,33,14,21,9,15,11
Romo1,1076,569,996,1505,847,1150,1456,1316,1408,1169,1670,1581,1249,1118,1312,1431,1264,1389,1295,1067,417,1502,1492,1012,1291,1230,1077,1289,1473,1412,1197,999,1494,1135,1288,1247,1067,1240,1348,830,1832,1290,1106,999,1161,1090
Ropn1l,154,90,145,236,193,204,231,216,295,170,173,203,228,170,210,190,202,133,113,156,85,199,300,211,267,235,140,196,420,268,136,146,213,150,239,230,253,257,233,152,274,208,252,160,214,215
Rora,6,1,11,9,4,5,10,7,8,7,12,7,9,3,5,10,9,6,6,4,6,11,10,2,15,10,4,13,13,5,5,5,9,2,6,7,1,4,10,5,12,5,8,4,4,1
Rorc,166,104,198,265,149,166,244,200,294,205,250,268,214,172,206,253,259,145,200,201,65,173,218,196,196,171,201,253,341,249,138,135,186,157,224,172,154,178,212,133,285,192,233,153,187,201
Rp2h,16,3,15,29,27,16,18,13,23,18,25,19,13,12,16,20,20,29,18,20,5,19,13,11,17,12,10,14,16,31,30,9,13,14,13,16,15,15,13,8,15,17,14,10,7,14
Rp9,671,316,611,820,538,549,626,523,948,497,762,778,488,470,519,882,761,895,544,536,180,769,595,323,489,469,528,552,683,564,500,309,407,329,583,478,313,420,550,256,574,405,466,313,340,376
Rpa1,91,50,88,91,105,93,124,113,118,92,84,107,111,87,109,131,92,156,91,82,45,104,112,103,104,121,93,91,116,135,125,75,111,96,101,139,111,120,135,78,177,87,96,89,100,86
Rpa2,50,24,53,54,34,51,59,59,45,37,54,69,37,36,45,46,51,124,53,43,16,87,56,26,40,33,35,44,62,55,73,40,47,42,54,38,49,55,45,24,69,33,40,40,46,31
Rpa3,49,13,24,52,34,22,52,40,31,39,37,40,36,44,40,42,31,57,45,39,10,42,56,28,31,33,17,35,55,44,22,23,40,30,40,55,29,38,32,23,35,26,49,26,24,22
Rpain,94,43,145,175,127,154,124,91,223,89,146,202,124,163,129,112,149,102,93,121,46,199,136,59,118,132,108,105,127,119,77,47,98,62,108,78,74,99,93,53,112,109,110,63,78,105
Rpap1,30,18,33,56,38,42,49,39,59,27,68,70,30,36,46,22,46,57,30,32,12,40,29,39,46,38,27,38,42,52,39,38,33,28,35,37,33,48,37,16,52,36,45,41,36,26
Rpap2,29,15,26,51,28,53,40,39,44,39,46,39,44,36,33,53,39,46,29,37,13,63,47,27,42,26,33,34,55,41,26,43,42,14,31,43,26,31,39,20,49,41,36,34,33,39
Rpap3,29,14,35,48,63,58,41,43,126,29,49,72,42,34,35,50,50,65,36,41,22,61,36,33,46,38,41,41,45,37,29,24,34,15,44,25,34,49,37,18,69,38,40,13,33,26
Rpe,26,18,21,40,32,40,47,21,46,42,45,70,29,35,53,36,33,31,28,31,14,28,63,37,39,57,37,50,45,37,23,34,45,13,29,40,37,39,37,20,45,40,40,18,28,32
Rpf1,68,40,79,114,69,88,87,67,101,94,105,142,93,87,101,101,96,127,87,71,41,172,113,50,98,81,75,116,127,84,66,50,84,45,89,84,84,73,86,59,131,104,76,55,80,75
Rpf2,26,17,28,18,25,16,39,23,26,23,33,39,24,28,33,30,24,28,39,25,14,38,34,17,17,14,18,17,23,38,17,10,24,10,15,15,14,19,14,14,24,15,18,12,16,19
Rpgr,4,2,1,5,2,2,6,2,9,9,9,10,5,3,7,5,6,6,10,6,2,6,5,7,3,5,5,9,6,7,4,5,6,1,5,1,4,1,8,5,7,5,4,1,2,6
Rpgrip1,12,7,17,16,4,15,8,10,27,7,14,9,12,14,19,12,19,3,11,17,1,8,18,9,18,9,10,15,14,15,1,11,9,6,9,13,17,10,19,10,23,17,18,8,16,20
Rpgrip1l,5,2,4,7,12,8,7,8,10,3,12,5,6,3,7,8,8,13,8,6,4,10,11,2,13,8,8,7,12,12,7,4,8,5,2,5,4,11,12,2,13,7,5,12,7,7
Rph3al,10,9,17,29,11,17,19,8,21,10,23,19,10,12,18,17,21,25,18,16,3,16,15,6,6,19,9,12,10,13,13,3,18,10,18,8,15,10,15,8,11,18,12,7,10,9
Rpia,24,10,41,45,36,25,68,49,37,31,24,42,29,30,32,28,44,32,39,29,12,29,76,58,42,35,38,37,39,37,39,39,45,33,38,50,34,39,31,31,54,49,52,43,32,29
Rpl10,1086,593,926,1511,821,935,1241,909,1733,1185,1519,1937,897,1025,1307,1383,1428,1496,1403,1028,345,1939,1097,643,1108,1068,1070,1071,1272,1328,655,677,1003,799,858,743,671,1007,945,679,1440,1034,882,635,882,1105
Rpl10a,650,390,569,906,468,582,731,838,988,714,822,1203,635,722,805,1199,967,1859,800,699,164,2044,671,468,757,549,689,785,1119,638,660,307,509,417,752,695,481,685,747,487,891,709,707,371,608,651
Rpl11,3017,1328,2850,4524,2505,2686,3050,3311,3975,2993,3857,4345,3328,2777,3370,3932,3996,5646,3274,3118,1184,5979,3511,1994,3203,2995,2782,3173,4134,3531,2746,2107,2960,2088,3120,2960,2427,2992,3467,1953,3959,3095,2968,2361,2747,2865
Rpl12,2109,1081,1871,3803,1950,1916,2700,2706,3018,2198,2654,3924,2559,2162,2348,3119,3194,6751,2682,2300,733,6457,2727,1382,2697,2220,2169,2224,3172,2335,1951,1342,1827,1347,2210,1863,1790,2273,2163,1565,2997,2313,1948,1443,1962,2254
Rpl13,1233,522,883,1797,989,885,1383,1010,1338,1019,1423,1634,985,913,1260,1315,1603,2413,1240,1151,446,2182,1062,540,1058,1008,1038,1157,1172,1317,1008,724,965,665,885,792,829,881,946,596,1288,887,806,727,843,838
Rpl13a,4096,1748,3129,5666,2921,3327,4133,3994,5642,3695,4857,6198,4007,3433,4215,5183,5576,7993,4163,3828,1238,8143,4487,2115,3930,3449,3740,4051,5234,3776,3111,2137,2923,2140,3280,2570,2632,3494,2842,2439,4253,3336,2958,2223,2682,2873
Rpl14,2235,1232,2101,3306,2400,2213,2611,2295,2984,2104,3225,3342,2734,1967,2302,3116,3272,4579,2414,2061,942,5184,2477,1432,2510,2413,2155,2362,2612,2499,2182,1512,2454,1583,2221,2283,1808,1899,2103,1208,2948,2064,1980,1982,1828,1850
Rpl14-ps1,18,12,20,39,20,14,39,30,33,17,22,24,25,42,46,49,80,47,76,36,50,55,39,14,13,15,43,53,18,13,31,14,53,8,42,29,24,21,11,10,43,37,17,32,22,27
Rpl15,35,26,48,91,69,52,64,54,77,69,67,79,63,51,76,64,73,101,68,67,27,97,69,23,72,72,63,80,113,117,52,36,70,30,73,66,71,58,66,51,96,94,78,38,52,64
Rpl17,2155,1025,1717,3116,1834,1943,2312,1924,2691,1960,2563,2763,2417,2126,2322,2691,2867,3731,2240,2102,919,4207,2371,1525,2250,2156,1770,1990,2599,2361,1676,1313,1950,1194,1859,1809,1725,1720,1945,1189,2719,1941,1712,1474,1749,1796
Rpl18,1871,831,1525,2492,1085,1421,1746,1864,2020,1747,2140,2768,1825,1762,1648,2426,1971,3365,1704,1638,511,2780,2198,926,1712,1389,1502,1891,2239,1577,1876,1108,1306,1219,1768,1457,1274,1463,1845,1125,2263,1492,1479,1132,1409,1439
Rpl18a,3911,1859,3552,5426,2759,3559,4074,3463,5596,3509,4761,5104,4458,3470,4080,5671,6036,8417,4798,3794,1247,7768,4674,2138,3773,3888,3505,3957,5243,4625,2300,2213,3414,2310,3888,3126,2559,4041,3794,2393,4770,3646,2696,2555,3364,3377
Rpl19,565,287,471,840,384,487,555,509,624,540,792,946,562,412,520,737,547,748,788,448,170,777,501,355,514,471,483,553,563,531,419,389,581,474,478,426,391,446,529,354,729,524,420,344,401,413
Rpl21,5,3,6,5,5,2,3,7,7,4,6,3,5,7,7,7,5,3,4,4,0,5,7,4,3,5,11,7,4,7,4,2,4,4,4,10,4,4,5,4,5,11,2,5,4,4
Rpl22,138,48,107,181,90,133,116,91,220,142,175,132,174,117,156,234,239,167,168,113,41,199,178,128,153,123,126,146,229,182,126,79,125,105,142,159,118,107,151,83,196,153,157,97,134,158
Rpl22l1,5,8,12,22,16,19,19,13,7,7,11,13,15,6,7,7,9,29,10,7,9,20,4,12,9,4,8,15,14,5,9,9,7,5,5,6,10,12,13,3,7,3,6,6,7,11
Rpl23,3054,1358,2646,4237,2987,2903,2962,2802,4511,2906,3887,4098,3640,2754,3508,4064,5043,6316,3241,2896,1551,6786,3149,1858,3242,3240,2569,2734,4111,3479,2365,1856,2587,1569,2447,2556,2471,2561,2663,1710,3829,2634,2555,2265,2352,2665
Rpl23a,2063,1162,2224,3006,1231,1110,2228,2459,3754,2185,2597,3587,2171,2396,2552,3906,3133,3873,2615,2228,351,3950,2980,1694,2418,1848,1946,2496,3284,1926,2103,1505,1711,1147,2140,1510,1158,2380,1328,1126,2882,2261,2205,1184,1341,2022
Rpl24,927,489,695,1289,633,702,883,927,1025,973,1278,1502,855,774,942,1126,1014,1371,1058,810,307,1412,843,587,746,728,859,872,909,891,722,603,829,649,791,784,610,757,773,489,910,807,726,549,684,790
Rpl27,527,240,563,983,439,693,754,421,1053,463,678,839,805,552,697,646,1069,708,557,501,246,818,739,487,861,807,398,466,678,802,266,391,799,413,537,527,559,564,688,338,959,535,390,660,513,408
Rpl27a,450,243,392,724,412,487,497,386,742,532,673,755,421,379,535,631,578,681,564,453,208,728,473,277,584,477,499,505,546,653,381,322,501,319,325,331,319,354,475,320,679,469,351,251,385,401
Rpl28,1811,972,1383,3152,1448,1778,2054,1838,2479,2010,2794,2889,1994,1595,1973,2249,2596,2811,2192,2008,547,3114,1731,1139,1734,1824,2066,1967,2589,1988,1354,1329,1682,1264,1438,1136,1443,1785,1425,1150,2427,1699,1456,1156,1598,1532
Rpl29,1303,620,1151,1984,766,1425,1375,1588,2455,1379,1390,2127,1585,1400,1455,1866,1886,2948,1367,1300,359,2742,1603,853,1403,1313,1324,1475,2126,981,1331,905,818,903,1808,1290,1119,1579,1283,892,1803,1529,1376,749,1063,1342
Rpl3,1492,629,1269,2065,1637,1265,1758,1674,2275,1505,1733,2597,1667,1458,1634,2076,2263,3928,1310,1513,680,3159,2003,966,1737,1624,1300,1661,2183,1816,1412,761,1263,748,1256,1109,1121,1438,1558,874,2020,1403,1322,891,1103,1339
Rpl31,1294,688,1294,2347,1314,1406,1539,1784,2210,1636,1706,2261,1869,1262,1820,1892,2031,3099,1564,1541,676,3203,1798,1028,1559,1674,1345,1728,2126,1816,1286,1117,1480,912,1390,1449,1470,1483,1567,1014,2021,1593,1604,1202,1517,1563
Rpl32,2111,1132,1960,3299,2159,2149,2630,2395,3738,2307,3005,3412,2709,2332,2738,2880,3440,5140,2673,2369,1022,4545,2873,1645,2970,2580,2232,2398,3091,2977,2096,1526,2583,1456,2316,2142,2211,2312,2603,1477,3317,2552,2071,1905,2343,2393
Rpl34,2,6,4,2,3,6,5,4,5,7,5,11,5,6,7,5,5,4,6,4,1,7,3,1,5,3,6,10,3,7,7,3,5,3,4,6,7,6,6,3,7,2,1,2,5,4
Rpl35,534,313,488,873,448,481,682,491,764,717,818,902,587,581,625,727,748,1199,782,567,205,1048,603,353,661,529,657,611,644,661,449,298,624,350,474,501,440,557,616,353,767,608,483,449,624,574
Rpl35a,1034,519,942,1835,1032,1305,1333,911,1521,1128,1617,1519,1322,1297,1474,1503,1647,1423,1577,1232,494,1696,1312,879,1516,1085,1112,945,1218,1524,787,801,1543,637,938,1073,861,951,1383,520,1721,1129,942,1074,1103,1104
Rpl36,3254,1957,2952,5157,2003,2881,3773,3644,4001,3725,4937,5716,3770,3783,4049,4793,4554,6178,4344,3374,1018,6706,4068,2395,3558,3130,3753,3914,5089,3526,3039,2486,3454,2482,3809,3379,2903,3744,3548,2259,4221,3811,3590,2519,3365,3372
Rpl36a,973,458,768,1060,716,726,949,841,1022,872,968,1346,947,849,1002,1165,1158,1416,1104,907,257,1613,921,527,830,734,733,824,1018,876,590,466,734,456,723,671,592,799,683,440,977,748,615,542,650,666
Rpl36al,872,425,721,1128,808,737,1045,798,1192,812,1174,1184,902,839,1090,1084,1086,1170,883,845,415,1072,952,626,880,925,804,920,846,1248,774,703,1094,596,736,782,830,765,846,481,1202,763,709,745,774,776
Rpl37,2792,1605,2545,4587,2784,2830,3201,2692,4278,3107,4487,5035,3680,2820,3433,4016,4468,5744,3705,2783,1552,5900,3438,2194,3572,3284,2882,3101,3511,4389,2504,2138,3741,1910,2903,2770,2682,2730,3118,1776,4183,3241,2620,2816,2828,3452
Rpl37a,2088,1044,1527,3174,1478,1870,2232,2193,3016,2295,2804,3380,2263,1829,2368,3304,2959,3419,2563,2178,742,3726,2238,1336,2296,1870,2134,2133,2790,2206,1764,1234,1945,1485,1530,1893,1644,2056,2144,1262,2794,3039,1897,1372,1706,2009
Rpl37rt,205,99,164,316,189,223,203,169,304,206,329,326,270,236,240,271,344,450,243,173,93,458,221,153,248,241,181,189,212,295,143,142,241,150,213,183,158,192,231,107,308,261,142,227,193,231
Rpl38,2604,1397,2027,3782,2330,2208,3277,2097,2982,2530,3651,3291,2390,2067,2724,2806,3570,4905,3352,2302,1214,4643,2666,1733,2950,2545,2338,1978,2581,3111,1871,1785,3374,1720,2117,1975,2192,1783,2050,1486,3081,2116,2018,2467,2370,2197
Rpl39,5,3,11,7,8,5,12,9,7,6,14,16,9,13,11,17,17,27,8,6,6,17,5,3,18,5,7,6,11,13,2,3,6,10,2,7,5,8,14,3,14,9,8,4,15,3
Rpl4,4737,2263,3978,7082,5051,4685,5271,4928,7408,4875,6034,7055,5781,5112,5530,6637,7710,11044,5373,5407,2379,10568,6291,3175,5707,5439,5006,5564,7408,6855,5062,3341,4985,3045,5188,4622,4769,5279,5329,3376,7103,5392,4812,3879,4956,5073
Rpl41,3926,2018,3044,6325,2807,3882,4950,5024,7133,4493,5870,6639,4115,4766,4678,6683,5035,7576,5324,3488,1114,10267,3897,2200,4994,2937,4928,4643,5092,5647,4140,1535,4018,3311,4079,2405,2577,3866,3695,2954,5694,5663,2872,2069,2793,3722
Rpl5,49,11,22,42,28,32,26,21,57,46,48,56,41,28,44,52,54,54,32,28,20,96,38,19,25,26,31,30,49,29,21,21,25,13,30,23,23,28,24,12,36,23,24,24,32,23
Rpl6,670,300,452,780,481,472,597,616,699,593,797,852,568,519,589,710,773,999,586,558,218,867,596,340,527,505,598,569,580,637,426,378,528,352,461,439,452,502,524,388,707,479,432,395,436,417
Rpl7,849,407,708,1134,872,694,801,863,1402,954,980,1415,940,927,970,1191,1199,1629,796,872,366,1538,1138,597,795,884,800,860,1217,1015,714,526,823,466,913,818,644,749,785,531,1134,879,834,546,700,872
Rpl7a,2535,501,2691,3960,1710,2817,3015,2644,3199,2544,3189,4357,2929,2966,3101,2840,4003,3902,2978,2567,211,3860,1216,1595,2950,2436,2367,2706,3874,2317,2210,1673,2036,1770,2409,2600,1911,2701,962,1713,3622,2534,2385,1777,2134,2400
Rpl7l1,109,57,105,140,82,93,123,81,141,100,147,199,97,101,141,133,124,87,101,115,33,79,139,75,100,100,135,126,121,107,91,70,106,99,130,97,88,88,119,74,144,90,94,86,75,97
Rpl8,3325,1693,2775,4556,2473,2760,3600,3225,4183,3123,4403,5043,3417,2932,3333,4169,4744,5545,3437,3003,1156,6356,3359,1798,3187,3170,3010,3164,3679,3149,2707,1971,3088,2248,2909,2729,2408,2696,3083,1791,4065,2768,2668,2427,2597,2486
Rpl9,1139,968,1649,2821,1564,1768,1968,1913,2972,1927,2512,3065,2344,1901,2123,2730,2888,4249,2128,1922,755,4739,2293,1067,2000,1968,1800,2065,2468,2136,1700,1182,1697,1248,1758,1123,1497,1716,1738,1074,2428,1749,1543,1175,1369,1578
Rplp0,2523,1143,1739,3666,2477,2310,2606,2353,3752,2170,3153,3686,2636,1987,2527,3447,3688,5227,2751,2254,1094,5179,2679,1403,2631,2551,2228,2448,3099,3055,2011,1544,2139,1460,2348,2039,1888,2204,2354,1382,3094,2146,1912,1713,1942,1935
Rplp1,7771,3968,7191,11267,6736,8720,9470,9148,12190,7880,10258,12288,8759,7978,7438,12446,11911,19493,9480,8408,3327,17028,10463,5991,10335,9983,8602,8943,14145,10678,8170,5581,6027,5866,9098,7769,7003,8529,9692,6077,12451,9755,7911,6202,7937,7995
Rplp2,2830,1490,2568,3154,1676,1998,2603,2591,2684,2432,3651,4088,2554,2286,2248,4102,3232,6001,3083,2574,673,5399,2780,1386,2267,1760,2694,2593,3138,2118,2765,1236,1829,1915,2527,2397,1636,2248,2559,1429,3067,2156,2099,1488,1852,1874
Rpn1,0,0,1,2,2,1,2,0,2,2,0,8,0,2,2,4,3,5,3,1,0,0,0,2,3,2,1,4,2,2,1,0,1,1,1,1,3,3,3,0,4,1,0,1,3,0
Rpn2,700,339,541,1006,855,680,876,875,1153,689,872,1159,794,661,844,941,975,1313,705,759,340,986,1003,490,881,807,737,848,987,992,980,565,770,467,756,754,672,806,760,518,1068,897,796,669,715,711
Rpp14,15,13,17,43,26,22,22,26,27,37,31,41,29,18,29,34,29,34,17,23,12,54,28,20,35,30,26,24,36,35,18,19,20,12,22,30,16,17,23,13,45,25,25,16,24,21
Rpp21,131,78,118,171,132,172,157,164,183,141,185,210,142,162,175,180,183,257,137,149,57,170,177,119,142,141,118,142,153,132,148,87,165,100,138,156,141,140,161,88,206,137,149,115,110,123
Rpp25l,158,107,203,227,175,200,207,204,318,176,250,260,214,203,224,256,272,199,182,184,70,279,254,160,209,209,173,201,271,235,191,131,181,163,190,183,163,224,207,122,268,198,218,174,192,174
Rpp30,14,1,13,22,29,6,24,15,19,14,28,16,18,22,21,18,19,24,13,13,2,25,27,13,18,12,14,16,16,28,20,7,15,9,17,25,13,16,15,12,22,17,17,8,8,17
Rpp38,19,16,25,33,28,19,35,27,26,24,32,63,28,23,28,25,27,59,18,21,12,48,37,14,25,22,15,28,31,47,28,15,23,12,21,18,23,27,23,9,24,19,24,17,27,19
Rpph1,6,2,4,11,4,11,4,9,3,4,8,2,5,3,4,19,21,23,10,1,2,15,0,6,6,6,6,7,10,2,1,2,5,5,3,5,3,1,1,6,8,4,1,3,2,0
Rprd1b,20,15,24,30,33,31,24,21,48,25,31,32,33,36,29,27,36,25,31,15,11,35,46,17,27,22,28,34,37,38,22,21,22,13,27,23,30,29,29,8,24,35,26,23,16,25
Rprd2,6,0,9,9,3,5,8,7,0,2,7,9,7,4,3,8,2,5,4,8,2,4,5,2,9,6,4,9,8,5,3,6,2,1,1,3,3,2,2,0,6,6,2,1,3,5
Rps10,2689,1335,3026,4415,2040,2580,3114,3031,4063,2813,3852,4623,3481,3044,3210,4429,4239,5601,3270,2813,856,5835,3311,1834,3183,2974,2897,2916,4133,3178,2771,1844,2279,1550,3204,2686,2288,2662,2975,1846,3563,2948,2757,1927,2494,2743
Rps11,1036,529,873,1206,623,629,969,788,1118,1015,1284,1506,840,832,878,1315,964,1416,1233,929,279,1413,1060,547,743,717,925,912,1033,872,723,439,841,606,758,648,619,828,795,492,1060,883,720,497,846,788
Rps12,2982,1612,2260,5438,1787,3396,3007,3194,4032,3611,2973,5478,2969,2977,2396,4838,5624,9100,3276,2755,674,9893,3459,1550,3900,2096,2518,2790,4974,2232,3011,1585,1945,1752,2795,2426,1915,2716,2336,2367,3038,3506,2957,1290,2994,2638
Rps13,1645,776,1414,2392,1503,1600,1774,1520,2398,1662,2007,2717,1968,1495,1951,2344,2403,3506,1574,1552,595,4070,2085,1028,1863,2079,1575,1716,2152,2043,1716,1017,1582,1098,1813,1457,1396,1606,1651,1027,2442,1766,1643,1213,1457,1615
Rps14,3065,1621,2671,4705,2826,3296,3364,3022,4913,3300,4557,4649,3736,3193,3553,4911,5045,6748,3718,3150,1410,6929,4018,2181,3694,3953,3274,3279,4446,3863,2742,1988,3418,2030,3554,2900,3226,3243,3827,1992,4548,3128,3016,2761,2927,3070
Rps15,2937,1549,2516,4137,1586,2182,2902,2706,3309,3338,3498,4119,3215,2785,2594,4199,3742,3908,3300,2692,700,3820,2441,1947,2801,2612,2791,2906,3843,2740,2345,1807,2669,2140,3291,2491,2270,2746,2611,2126,3779,3147,2788,1995,2655,2842
Rps15a,2,1,2,4,3,1,5,2,2,2,6,7,2,0,2,3,4,3,2,3,1,3,2,1,2,1,3,3,2,6,1,1,0,3,1,0,4,5,2,0,1,1,0,0,0,0
Rps16,706,400,657,1489,518,636,953,627,919,749,1086,1346,746,647,812,975,989,1217,965,736,226,1491,755,387,876,697,687,750,1036,715,447,408,655,510,549,528,472,612,671,407,861,639,509,394,554,577
Rps17,3187,1514,2956,4497,1739,2902,3234,3354,4297,3327,3792,4689,3922,3389,3449,4020,4507,6289,3562,3104,817,5892,3652,1700,3371,2931,3097,3171,4077,3083,2798,2056,2438,2059,3558,2808,2332,3289,3268,2228,3943,3505,2683,1938,2813,2986
Rps18,5271,3061,5404,8262,4214,5901,6083,6172,8338,5702,7640,9383,6090,5927,6007,8080,8081,11313,6714,5392,2028,12751,6174,3468,6221,5982,5680,5691,7684,5829,4846,3197,4479,3512,5442,4815,4400,5499,5815,3624,6656,5536,4954,3883,4654,4817
Rps19,2329,1228,2320,3793,1340,2368,2620,2471,3147,2083,3172,3758,2967,2345,2747,3646,3421,4752,2973,2408,691,5159,2682,1520,2680,2228,2161,2496,3210,2630,2034,1763,1921,1557,2450,2549,2025,2318,2592,1525,2933,2463,2486,1703,2015,2315
Rps19-ps3,10,8,16,22,12,8,10,10,18,14,18,19,14,11,16,20,19,9,16,9,1,16,17,12,13,9,16,18,16,18,11,14,14,8,19,14,8,12,9,15,17,18,15,10,5,19
Rps19bp1,135,83,135,196,180,162,194,188,180,151,188,218,164,165,200,196,230,255,153,158,76,228,212,116,153,167,164,188,167,204,164,112,156,93,167,154,135,187,197,105,224,119,165,118,154,151
Rps2,5942,2708,5496,5043,3426,6043,6262,6280,9776,6019,6052,8972,4731,6094,6522,8062,7056,11159,5408,5340,1490,8406,3549,4332,5719,5160,6204,6937,10305,5595,5247,4282,4029,4011,7386,3806,3483,7039,5402,4481,7407,5889,5843,3191,5436,5859
Rps20,2765,1317,2448,3979,2315,2399,2757,2664,4636,3099,3260,4176,3237,2914,3131,4200,4452,6226,3365,2745,1063,5766,3338,1766,3031,2692,2830,2944,3995,3253,3292,1716,2393,1700,2980,2710,2340,2898,2625,1950,3696,3022,2640,1892,2643,3015
Rps21,3847,1967,3039,5521,3314,3237,3740,3219,5529,3676,5293,5669,3985,3266,4055,5341,4849,6681,4278,3272,1396,6996,4125,2181,4353,4102,3453,3678,4616,4581,3063,2050,3860,2278,3257,2878,3293,2820,3351,1971,5296,3627,3116,2717,3012,3357
Rps23,1034,506,930,1965,1270,1041,1172,945,1651,998,1558,1409,1396,1143,1164,1431,1858,2167,1284,976,684,2662,1068,741,1398,1086,852,837,1145,1196,1049,595,1223,715,963,875,926,791,1078,491,1665,1039,751,869,858,920
Rps24,2147,944,1736,2751,1682,1481,2620,1751,2093,1761,2666,2466,2024,1694,1971,2232,2373,3142,2508,1868,791,3238,1994,1185,1952,1735,1846,1559,2045,2002,1406,1157,1932,1193,1381,1431,1374,1471,1604,1035,2157,1540,1218,1376,1374,1297
Rps25,578,325,616,755,423,615,780,511,745,639,734,900,713,636,676,665,707,1184,932,682,187,1054,677,337,665,439,499,534,669,700,350,342,473,256,396,391,319,474,431,367,569,456,300,266,400,407
Rps26,1841,1043,1553,2595,1515,1793,2273,1639,2275,1704,2662,2597,2004,1690,2047,2738,2483,3061,2396,1736,783,3180,1968,1215,2107,1799,1491,1629,2137,2025,1464,1124,2168,1362,1639,1558,1448,1481,1823,901,2514,1560,1417,1525,1340,1337
Rps27,1,3,4,3,0,2,1,1,5,4,2,3,3,3,3,3,5,1,2,4,3,7,3,2,3,4,3,1,3,4,2,2,2,0,1,1,1,0,1,4,0,1,2,2,2,1
Rps27a,1250,579,1130,1428,540,937,1083,748,1575,1368,1476,2055,1482,1277,1327,2192,1855,1770,1336,1127,226,1313,1420,523,925,1135,1066,1295,1588,1128,448,685,825,770,1396,982,762,1184,1343,843,1574,579,1090,609,933,1279
Rps27l,1553,917,1248,2223,1510,1713,1942,1682,2021,1833,2406,2065,1946,1949,2263,2309,2229,2944,2178,1624,859,2709,2513,1404,2134,1740,1685,1841,2279,2231,1624,1380,2397,1333,2096,2042,1949,1734,1964,1266,2687,2220,2119,1639,1942,1880
Rps28,1533,862,886,2194,1192,1370,1549,1174,2415,1575,2348,2329,1919,1686,1728,2408,2261,2687,1978,1511,635,3506,1530,889,1589,1486,1387,1346,1715,1610,957,896,1605,950,1341,1255,1177,1111,1200,661,1764,1487,1267,1129,1145,1195
Rps29,2780,1418,2273,4307,2570,2928,3329,2587,4174,3073,4200,4178,3080,2150,3314,3543,4048,4638,3935,2489,776,5105,3072,1951,3270,3083,2794,2492,3590,3378,2002,1764,2860,2169,2118,2324,2166,2346,2570,1497,3810,2490,2344,2174,2317,2471
Rps3,365,133,282,563,517,298,507,336,484,306,493,428,397,254,467,359,569,619,575,369,231,868,448,225,417,414,271,365,444,511,255,193,413,178,347,280,313,258,314,183,558,300,297,328,262,237
Rps3a1,1711,910,1384,2311,1210,1245,1598,1488,2264,1847,2421,2969,1685,1680,1949,2492,2675,3017,2106,1808,536,3127,2120,955,1673,1426,1691,1777,1961,1759,1448,947,1602,1181,1597,1373,1273,1719,1497,1006,2017,1565,1375,1094,1472,1489
Rps4l,84,65,118,150,88,159,261,121,135,181,197,267,92,169,146,280,135,269,170,106,27,140,107,102,134,133,158,163,208,114,127,134,131,148,142,128,74,140,189,55,187,136,164,122,168,154
Rps4x,127,37,117,17,38,60,147,68,75,49,70,106,61,87,44,23,39,210,340,136,41,47,69,18,44,16,23,23,32,65,13,23,15,26,15,20,9,35,44,22,18,14,3,6,22,19
Rps5,3373,1663,2927,4997,2746,2933,3180,3468,4913,3646,4432,5412,3608,2986,3766,4813,5426,7545,3959,3194,1306,6889,3772,1922,3427,3666,3227,3333,4443,3848,2775,2129,2860,2215,2679,2410,2684,2964,2950,2043,4095,3124,2746,2030,2597,2870
Rps6,330,121,236,400,134,243,319,237,427,299,371,539,318,267,254,385,369,479,351,278,102,443,349,152,261,246,238,271,294,303,174,159,153,102,199,207,190,241,223,141,296,211,196,102,197,197
Rps6ka1,120,75,115,142,86,76,136,139,91,103,168,115,100,96,110,152,152,153,114,96,26,99,104,101,104,95,100,113,110,110,142,95,117,68,105,142,87,122,111,72,144,91,113,115,103,99
Rps6ka4,64,26,59,77,52,44,79,70,65,43,83,60,55,52,67,67,78,154,52,45,20,95,63,39,63,52,63,60,66,77,86,36,69,44,53,57,41,47,43,37,59,58,54,51,49,50
Rps6ka5,0,0,0,5,3,0,3,4,1,0,4,0,1,2,2,4,1,1,1,1,0,3,4,5,0,3,3,1,1,4,1,0,0,0,1,4,2,2,0,2,3,3,1,0,7,1
Rps6kb1,6,0,1,3,4,3,2,4,8,5,5,5,2,4,6,2,5,3,3,3,0,6,6,2,2,0,2,0,7,4,5,7,2,0,4,1,1,3,7,4,1,4,1,1,3,1
Rps6kb2,127,70,99,170,94,120,131,162,140,115,206,229,109,131,163,164,160,149,118,94,41,174,108,82,113,110,134,151,136,112,82,107,127,67,141,78,98,128,96,77,162,118,116,64,111,109
Rps6kc1,23,14,27,43,46,24,35,34,37,30,40,39,33,29,38,50,38,70,29,32,13,63,29,26,22,29,21,33,42,27,32,25,29,32,21,21,33,26,20,22,52,35,31,14,14,22
Rps6kl1,3,3,1,9,12,1,1,4,8,8,3,10,4,3,3,2,4,6,5,8,2,12,8,2,4,4,1,10,6,5,7,3,4,3,3,2,1,6,4,1,12,4,5,4,2,1
Rps7,1391,769,1233,2643,1700,1731,1753,1598,2647,1456,2250,2230,2069,1643,1872,2047,2553,3092,1897,1724,895,3583,1996,1257,2111,1998,1427,1466,1882,2210,1273,1072,1921,981,1440,1509,1570,1439,1614,1180,2469,1637,1382,1354,1495,1471
Rps8,3643,1853,2679,4817,2941,2863,3680,3489,4081,3432,4786,5669,3350,2692,3636,4548,4916,7145,3859,3116,1248,7265,3662,1954,3019,3189,3095,3141,3944,3450,2585,1969,2959,2091,2658,2696,2380,2860,2698,1738,4136,2489,2573,2155,2590,2541
Rps9,1458,836,1250,1932,870,1085,1545,1290,1465,1419,1966,2273,1339,1297,1299,2242,1814,2950,1628,1279,409,2422,1861,757,1228,1165,1430,1506,2136,1335,1482,863,1117,1128,1399,990,853,1449,1153,861,1709,1308,1288,741,1229,1049
Rpsa,3145,1330,2649,4260,2391,2464,3380,3492,3723,2760,3291,4432,2717,2607,2845,4433,4028,6908,3208,2633,970,6080,3315,1662,3240,3023,2867,3167,4076,2820,3104,1658,2143,1752,2690,2170,2210,3011,2808,1906,3783,2988,2634,1587,2231,2556
Rptor,118,62,123,177,103,137,150,139,143,129,179,159,137,97,138,182,168,163,120,114,66,148,145,108,161,150,143,143,148,139,142,125,144,108,143,176,123,119,164,114,209,143,140,137,148,142
Rptoros,0,1,1,3,7,0,0,0,4,2,2,4,0,0,0,2,2,1,0,1,1,1,0,0,0,0,0,0,1,0,0,1,0,0,0,0,0,0,0,0,1,0,0,0,1,2
Rpusd1,18,5,9,32,26,17,25,25,27,11,17,32,20,18,20,25,22,43,29,24,7,37,21,16,18,23,21,25,29,30,28,13,26,15,18,16,18,20,20,12,30,29,13,16,18,29
Rpusd3,87,33,85,114,82,74,111,108,129,77,119,125,102,89,109,141,115,119,94,93,37,146,142,58,90,97,92,153,105,133,85,56,112,62,119,80,73,96,97,68,150,121,105,70,94,80
Rpusd4,34,12,30,60,38,37,44,45,44,38,46,68,33,37,49,48,62,43,27,36,15,62,59,26,52,42,27,38,57,55,47,22,36,36,38,46,37,38,30,18,49,34,39,30,36,34
Rqcd1,24,13,14,27,22,26,27,14,27,25,31,38,19,15,20,23,16,35,23,18,6,29,26,13,19,27,22,13,26,22,11,18,13,11,22,15,12,14,14,9,22,22,23,21,12,18
Rrad,1,0,2,2,1,4,6,4,0,2,2,4,1,3,4,2,4,9,0,2,0,1,3,2,1,1,0,2,4,1,6,0,1,3,1,3,1,3,4,0,1,0,3,0,1,4
Rraga,68,44,73,109,51,80,75,52,132,89,77,168,96,85,104,94,96,83,78,72,31,97,133,77,97,94,76,100,127,99,61,73,80,48,101,63,110,100,81,56,123,86,74,57,64,75
Rragc,192,116,180,358,225,221,267,216,250,211,264,252,229,178,238,274,269,480,223,169,116,618,280,174,257,216,203,260,330,314,245,162,220,172,233,224,226,205,250,136,359,217,220,157,202,219
Rras,293,138,261,553,312,292,421,350,494,282,364,348,320,209,289,300,345,567,275,278,115,394,313,196,324,310,277,324,367,368,451,175,272,233,232,224,239,318,264,192,342,258,248,198,213,229
Rras2,18,17,17,36,30,17,40,36,47,40,29,42,28,30,33,35,32,87,39,33,10,65,48,18,30,41,26,36,43,42,22,19,31,8,28,18,31,29,14,21,31,26,29,20,24,41
Rrbp1,1538,685,1289,1950,1682,1288,1502,1350,2162,1445,2008,2972,1315,1067,1519,2019,2107,2250,1398,1468,528,1680,1448,686,1295,1246,1951,1539,1533,1587,1176,816,1294,929,1240,980,1100,1202,1275,749,1679,1177,1067,970,986,1094
Rreb1,107,72,114,165,150,140,126,152,130,130,193,219,175,175,196,120,124,140,170,130,64,181,186,120,138,121,101,116,183,126,106,99,179,82,145,114,117,144,124,71,186,114,118,100,114,115
Rrm1,21,12,36,43,27,28,36,43,39,34,40,38,30,25,41,39,26,117,25,34,3,49,34,20,25,22,30,31,54,30,62,29,25,45,30,36,35,33,27,21,38,31,47,22,28,23
Rrm2,3,3,5,10,16,4,18,23,10,8,4,6,10,29,8,3,3,35,1,5,6,9,20,15,15,8,9,8,14,11,13,10,7,8,10,14,17,5,5,7,14,8,10,6,11,12
Rrm2b,1,1,4,10,3,1,1,1,3,1,2,3,2,1,6,3,2,4,3,0,0,1,4,1,0,3,2,1,3,2,3,3,2,1,0,3,2,1,1,0,0,3,1,2,2,0
Rrn3,59,36,69,90,38,71,111,45,69,62,88,104,65,59,88,68,83,41,65,68,10,71,88,43,43,66,80,61,92,91,28,49,59,47,66,70,61,62,78,34,78,62,86,49,66,63
Rrnad1,18,10,15,21,9,16,22,9,12,12,19,33,14,17,20,16,19,13,8,7,6,9,11,3,13,16,12,15,13,19,10,8,15,6,16,7,6,11,11,8,21,14,6,4,9,12
Rrp1,401,146,262,543,379,316,408,401,505,315,456,507,418,379,427,493,562,606,347,321,172,642,440,239,390,384,337,375,444,394,349,237,403,226,346,365,285,368,396,229,540,327,355,299,306,308
Rrp12,39,20,19,27,20,23,31,25,41,32,39,67,34,27,33,31,47,86,13,43,15,73,37,24,23,17,30,44,35,35,27,20,27,23,23,11,16,18,35,20,65,18,20,26,27,31
Rrp15,53,34,40,80,44,40,58,54,80,58,63,80,66,58,53,74,94,107,50,54,14,122,83,43,46,41,51,75,67,50,60,41,46,36,53,41,44,47,43,34,83,62,52,30,35,49
Rrp1b,9,11,6,15,15,10,15,17,15,11,13,31,10,7,10,8,12,19,11,14,4,21,7,9,15,15,7,11,9,6,14,1,12,5,6,5,5,6,4,6,19,9,16,10,14,6
Rrp36,79,70,56,114,66,68,82,81,72,68,74,112,93,49,78,120,90,122,64,55,34,106,82,58,73,71,75,69,89,70,72,68,54,65,79,57,43,72,55,36,93,63,54,43,39,43
Rrp7a,44,17,35,42,40,35,39,44,35,35,41,49,50,30,28,47,43,78,32,28,12,46,48,23,30,23,38,44,44,43,37,25,32,33,50,34,18,39,33,26,46,29,32,25,38,36
Rrp8,21,9,21,28,19,20,19,13,25,12,18,34,27,17,22,31,30,53,13,13,7,36,25,15,17,17,15,27,23,19,16,14,21,12,24,19,26,10,18,15,20,20,19,14,17,24
Rrp9,36,21,25,42,19,32,42,49,40,34,44,77,48,29,36,39,48,33,38,34,9,56,36,20,37,34,40,34,44,37,24,22,40,25,34,13,31,31,27,19,43,41,48,28,36,30
Rrs1,68,38,61,106,53,70,84,69,69,55,69,131,107,73,93,92,81,141,52,52,24,126,119,47,82,51,46,81,90,91,51,49,67,37,64,45,63,58,48,27,75,51,67,49,61,77
Rsad1,25,21,20,53,16,28,22,23,19,20,52,31,22,28,34,32,34,33,32,21,11,31,32,15,28,22,26,22,22,23,31,17,27,22,31,11,22,20,28,16,37,17,18,24,16,16
Rsad2,3,3,3,8,1,4,1,5,6,0,4,6,8,6,10,6,5,8,3,3,1,8,9,6,3,11,6,6,11,7,11,3,10,3,5,4,4,4,12,4,6,9,7,10,2,6
Rsbn1l,12,1,7,21,13,13,18,7,17,30,15,17,12,18,14,15,14,19,25,6,7,24,18,8,17,13,13,7,20,18,22,3,6,3,11,15,14,12,12,9,15,15,9,2,11,5
Rsl1d1,132,96,147,227,149,129,154,141,197,134,197,228,131,142,185,191,193,238,152,143,61,289,200,100,145,175,124,129,185,178,114,99,133,91,132,126,116,165,139,105,238,140,146,110,147,141
Rsl24d1,8,11,7,17,16,19,23,18,31,19,31,27,18,14,24,27,25,20,9,20,6,21,11,14,12,23,16,18,15,22,17,15,11,12,20,6,18,9,14,9,17,15,13,9,15,19
Rsph3a,3,4,0,1,0,1,1,0,2,7,0,0,0,3,0,2,3,0,2,3,1,0,2,0,4,0,0,2,4,1,0,0,0,2,2,3,1,2,1,3,2,3,0,0,5,3
Rsph9,2,2,4,12,7,4,8,7,6,8,6,8,5,3,5,5,8,6,7,6,3,9,17,4,11,13,6,5,7,8,1,6,7,8,3,4,4,6,9,3,14,7,0,3,4,5
Rspo1,7,1,3,14,4,6,12,10,8,7,1,9,12,6,7,11,16,14,11,1,0,16,14,4,5,1,3,12,8,13,6,0,6,6,8,5,8,6,13,2,12,1,5,10,3,17
Rspo3,12,6,12,21,10,20,25,19,8,11,17,21,18,17,17,19,16,15,9,5,2,41,15,7,12,29,7,11,19,20,9,9,19,5,12,5,12,16,17,6,18,6,14,8,5,6
Rspry1,18,12,18,18,15,18,21,23,35,27,23,30,16,23,22,25,22,20,21,22,9,21,38,10,23,24,24,20,36,29,15,24,30,18,16,17,18,18,22,12,30,25,16,14,23,11
Rsrc1,32,13,28,51,24,30,26,33,65,35,36,40,45,39,40,45,52,49,41,30,19,49,48,27,28,42,29,43,49,53,33,31,44,20,47,35,30,35,33,32,67,43,45,29,34,37
Rsrc2,71,35,73,125,92,91,98,102,110,87,122,126,87,98,116,105,130,128,82,78,37,93,113,67,114,98,71,101,108,113,58,80,92,41,101,84,80,83,92,59,114,93,113,62,74,87
Rsrp1,645,320,694,959,807,714,876,698,1396,745,952,956,556,516,756,873,816,774,619,604,310,844,767,578,819,767,784,860,1086,793,589,631,839,493,603,735,561,590,641,457,1236,646,719,534,520,514
Rsu1,109,49,77,177,117,88,156,115,180,122,128,170,102,83,124,96,139,150,105,140,48,169,167,112,144,157,118,116,137,127,138,93,131,74,118,101,84,148,146,52,198,134,112,52,91,100
Rtca,73,34,49,70,63,44,54,64,82,46,67,71,71,46,60,65,71,134,59,54,28,117,82,42,76,60,46,61,85,75,68,42,60,34,57,56,43,48,58,36,83,53,60,37,57,41
Rtcb,240,122,231,289,219,223,251,248,315,198,263,264,299,197,262,286,309,402,206,234,95,407,268,188,261,235,213,250,328,269,268,149,219,166,256,229,198,233,235,150,304,235,228,158,195,187
Rtel1,27,15,40,55,40,28,37,36,43,34,45,51,43,23,31,46,36,66,40,37,12,79,42,28,35,33,30,41,47,39,42,19,38,16,37,41,39,37,38,26,60,42,43,43,32,34
Rtf1,23,21,32,44,25,26,27,25,43,27,39,42,28,35,32,35,37,32,38,33,9,44,27,14,25,22,33,22,39,34,25,12,32,7,29,25,27,23,17,20,29,17,34,17,20,20
Rtfdc1,198,77,165,297,73,186,212,171,172,154,262,188,215,193,227,281,271,241,179,169,61,186,224,146,156,146,147,202,208,218,179,180,157,167,209,232,180,193,229,120,263,219,215,162,165,180
Rtkn,83,50,45,152,90,64,118,97,101,74,108,156,96,46,94,104,136,168,83,56,19,219,61,33,79,87,96,78,70,65,41,44,75,45,65,60,81,63,60,32,104,53,53,60,44,69
Rtn1,5,3,11,12,4,4,13,9,5,9,11,16,10,4,9,6,11,7,7,3,4,9,12,6,5,9,4,13,13,4,15,9,8,5,2,9,2,8,6,1,15,8,6,5,4,5
Rtn2,6,1,5,8,0,6,8,5,1,4,4,4,3,2,5,3,4,4,4,1,2,6,1,3,4,2,4,4,1,2,3,1,3,4,5,4,1,2,7,2,2,4,2,2,6,1
Rtn3,207,99,193,220,161,156,248,193,251,189,248,266,221,165,203,228,217,313,234,212,64,201,219,112,195,161,171,209,239,228,223,133,173,104,175,166,135,202,176,123,232,139,157,95,151,142
Rtn4ip1,77,33,55,83,74,63,97,81,85,66,71,90,66,38,87,67,90,84,80,67,36,69,97,54,74,72,59,95,80,90,85,69,74,65,83,66,79,99,90,45,148,106,83,79,72,70
Rtn4rl1,95,93,147,123,113,125,88,78,120,103,170,186,133,137,130,185,166,153,175,120,55,260,116,38,66,97,99,102,84,87,86,61,129,80,104,61,77,96,76,37,129,54,75,85,77,69
Rtp3,183,69,124,207,143,186,159,184,230,205,229,345,165,145,217,162,131,81,120,144,56,84,225,118,179,207,182,197,231,205,139,147,157,124,201,107,148,182,124,102,256,166,167,98,136,155
Rtp4,59,30,56,96,92,83,88,86,123,67,137,103,114,72,158,84,112,75,87,79,37,93,125,79,131,118,78,122,101,112,310,42,103,81,58,72,63,96,79,61,111,94,87,46,53,75
Rufy1,63,34,62,85,73,67,59,77,96,70,75,80,88,77,74,92,116,92,64,73,45,123,73,45,78,89,78,60,100,92,74,57,66,47,54,80,59,60,72,42,120,67,90,71,69,63
Rufy3,75,35,63,86,66,82,86,53,85,69,90,69,61,81,86,107,100,94,102,72,38,105,80,55,75,64,66,83,86,86,44,52,61,38,68,53,65,65,58,43,103,70,61,56,60,65
Rufy4,6,0,4,7,1,1,1,1,0,1,5,1,2,3,4,7,7,6,1,1,0,0,6,1,0,1,0,9,4,2,3,2,6,3,7,6,1,4,4,3,4,2,6,1,1,4
Rundc1,54,28,41,71,50,29,69,59,62,33,61,51,53,47,67,63,47,52,41,36,15,62,75,44,60,46,36,37,62,61,52,32,41,26,34,41,50,45,50,21,58,53,46,38,36,40
Rundc3a,3,1,8,8,2,3,3,7,10,3,6,5,3,0,4,4,2,11,5,5,3,7,2,3,7,4,2,4,5,6,2,3,5,3,1,2,3,5,3,2,7,1,4,5,3,4
Runx1,11,1,5,8,2,4,6,3,8,5,10,11,5,1,2,6,10,12,9,5,3,3,4,0,5,3,4,3,2,4,13,2,4,3,3,6,0,8,0,0,2,3,7,2,3,5
Runx3,4,1,1,6,2,3,5,3,2,2,3,3,2,0,9,3,0,5,1,0,0,5,1,2,2,1,3,1,4,1,9,0,0,2,0,0,1,1,1,1,0,1,2,1,0,3
Rusc1,24,20,21,42,25,24,36,27,46,39,48,58,42,38,33,40,49,65,32,42,16,46,35,25,35,33,34,45,44,41,40,29,34,20,39,27,23,36,26,24,50,26,40,30,43,38
Rusc2,45,30,51,57,33,53,37,53,61,46,73,55,61,65,63,93,72,97,54,55,12,136,52,50,49,46,46,69,67,39,44,40,46,49,67,61,28,63,59,35,75,32,58,33,37,82
Ruvbl1,37,27,40,74,36,37,61,43,55,45,57,64,60,40,53,76,60,74,41,47,12,79,78,32,35,35,46,37,64,61,45,43,35,34,46,32,34,48,51,27,73,32,44,21,44,47
Ruvbl2,31,21,38,61,29,29,47,57,65,47,53,76,39,43,47,27,56,63,33,38,16,57,47,13,44,46,36,56,58,50,32,22,49,35,46,23,37,56,39,27,37,34,40,29,34,38
Rwdd1,38,25,27,40,37,19,37,18,34,27,31,61,30,23,26,59,33,50,22,36,19,44,29,17,26,30,61,51,29,29,31,27,22,18,17,19,16,26,31,15,39,16,21,19,29,32
Rwdd2a,2,0,2,2,2,1,0,0,2,1,2,1,1,0,1,0,1,7,1,0,0,5,0,0,3,0,0,1,1,2,2,0,0,0,0,0,0,4,2,1,1,0,1,0,1,0
Rwdd2b,42,17,42,53,32,36,28,32,61,27,41,39,23,37,44,55,49,45,23,34,6,51,32,22,34,43,34,41,45,46,40,31,31,25,43,24,21,35,40,20,48,39,38,33,29,30
Rwdd3,22,11,17,30,17,13,21,27,30,25,16,21,26,23,22,29,48,40,22,10,14,45,27,16,25,25,14,30,30,31,21,21,21,15,16,17,22,15,23,13,35,30,27,14,23,16
Rwdd4a,14,6,14,23,18,9,13,14,30,18,16,52,13,16,22,11,20,27,17,18,5,22,16,10,20,19,14,22,20,27,22,20,17,11,20,11,13,10,20,5,15,21,19,12,13,15
Rxra,1763,803,1582,2213,1475,1711,1556,1362,2135,1482,2464,1891,1644,1574,1800,2384,2091,1391,1520,1716,653,1610,1651,1133,1607,1650,1608,1627,1907,1867,1196,1154,1610,1016,1703,1418,1268,1441,1615,979,2126,1639,1461,1384,1502,1464
Rxrb,89,48,99,184,75,88,120,83,125,97,142,142,112,119,131,161,127,121,91,95,22,174,108,78,100,98,87,111,143,105,70,59,96,80,95,93,81,106,108,57,143,102,98,60,85,93
Rxrg,39,20,26,55,28,34,48,35,53,43,47,60,39,44,61,37,59,69,43,51,12,53,43,31,38,55,37,31,48,35,52,29,47,39,41,35,22,40,34,20,53,29,38,32,27,44
Ryk,225,114,199,339,193,196,222,162,189,185,287,226,213,191,186,274,309,296,227,179,65,325,200,119,169,189,146,191,202,200,127,116,167,123,170,156,137,143,173,67,211,138,159,128,131,147
S100a1,621,335,575,1172,486,792,875,746,1146,710,927,1042,914,731,983,767,949,647,736,784,238,696,920,571,898,824,801,824,1237,959,513,519,886,500,630,846,816,876,876,522,1032,777,838,633,802,775
S100a10,451,209,531,611,624,642,1069,918,894,442,626,770,762,564,738,472,550,2209,528,629,244,692,1348,724,889,759,495,1117,825,920,1274,802,874,788,1077,1314,601,923,962,798,1451,1011,1136,717,818,770
S100a11,6,4,6,12,15,10,17,12,8,7,10,8,11,5,10,7,13,87,9,5,2,19,8,1,7,7,5,10,11,7,16,2,1,13,1,3,5,8,5,3,14,3,5,5,3,5
S100a13,353,179,287,396,211,339,410,320,458,370,435,390,421,395,458,485,513,229,374,421,117,266,411,258,314,316,329,398,516,454,220,254,399,263,351,326,326,323,392,220,409,392,357,260,369,353
S100a16,209,64,131,183,133,155,163,178,242,173,191,227,195,137,190,217,197,207,182,171,61,188,177,101,159,194,162,180,246,196,161,122,158,152,193,145,146,156,184,108,194,167,175,127,162,149
S100a4,6,8,15,50,36,13,21,29,9,8,25,17,14,6,19,24,20,66,16,12,6,29,9,5,15,14,18,4,30,12,100,14,9,31,9,14,12,12,6,1,8,6,10,4,6,10
S100a6,37,19,22,86,70,33,52,68,39,20,52,25,39,21,46,40,50,96,47,36,27,95,48,17,28,42,41,61,47,58,144,33,30,32,32,31,32,54,29,18,39,22,45,19,17,46
S100a8,3,3,3,3,38,6,11,2,18,1,12,5,3,2,9,3,7,4,12,5,1,6,0,1,4,2,6,1,5,6,4,1,5,3,0,4,5,0,1,0,3,1,3,1,0,0
S100a9,13,2,33,25,81,15,35,23,56,11,27,27,15,9,9,13,17,26,25,15,9,37,15,9,14,6,27,5,12,17,37,9,4,11,11,8,22,6,2,4,7,1,6,3,6,5
S100pbp,3,1,6,2,3,0,3,0,3,0,2,4,4,1,1,5,0,3,1,3,1,2,7,0,4,2,1,0,2,2,2,1,1,1,1,2,0,0,4,1,1,2,0,1,2,1
S1pr1,87,79,123,130,135,139,125,119,173,143,107,240,145,141,204,91,114,50,111,127,59,106,213,85,185,144,121,128,235,153,88,96,150,73,140,130,107,109,143,71,209,111,148,129,114,126
S1pr2,22,14,22,42,37,29,32,35,50,32,30,38,33,26,31,37,25,32,24,37,12,27,39,10,26,38,24,25,41,41,46,14,22,25,28,23,15,28,20,12,43,20,20,14,29,23
S1pr3,14,3,9,18,13,18,16,11,3,11,22,11,7,13,17,21,20,20,12,10,4,33,9,7,10,14,7,5,11,12,7,9,10,3,5,8,6,4,3,1,12,6,13,11,5,8
S1pr4,0,0,0,13,1,0,4,4,0,5,7,3,3,2,6,2,6,2,1,2,1,8,4,0,3,1,4,1,3,6,6,2,3,3,1,2,2,3,1,2,2,4,1,3,1,2
S1pr5,26,27,38,30,35,44,26,34,83,37,32,83,41,32,44,36,37,15,23,44,13,17,46,27,54,36,39,45,61,36,22,24,42,26,38,18,35,23,33,16,50,25,49,25,42,40
Saa1,513,595,4762,2192,67311,5045,1746,2782,115164,659,2671,16683,2425,858,2104,1221,1938,977,609,2178,1200,708,1649,1880,17365,12731,7798,964,2438,4510,17413,878,1690,2299,3296,2059,1421,1897,924,4742,10238,5262,3741,2285,1186,781
Saa2,154,240,2252,1038,67518,1928,892,1538,98934,272,1118,6915,1260,309,1055,387,894,548,213,660,588,491,681,613,5723,3801,2631,416,1180,1380,11732,393,634,1519,1352,1073,855,971,321,1199,3222,1344,1572,770,379,246
Saa3,277,228,335,841,705,218,560,439,1095,330,816,724,615,177,837,471,563,159,277,303,271,146,393,267,562,536,282,363,276,509,2040,191,412,403,250,198,219,454,208,191,534,322,328,183,152,178
Saa4,998,538,1516,1299,3783,2792,985,1226,7578,876,2157,4280,1469,1093,1696,1110,1058,385,1024,1307,685,542,1286,1095,2430,1623,2315,1742,1384,2288,1892,1082,1886,939,1966,1304,835,1112,1489,805,3252,1477,1638,1508,1241,1022
Sac3d1,84,68,81,117,87,118,130,87,117,72,110,143,101,101,98,107,119,162,75,110,37,171,124,75,97,85,87,107,112,108,67,69,86,72,103,63,82,83,94,46,129,89,100,57,94,96
Sacm1l,28,12,9,45,23,18,42,42,34,42,30,64,17,34,40,23,22,32,31,27,6,40,39,23,38,23,21,32,41,27,25,25,46,9,32,29,24,32,14,13,48,29,32,20,13,19
Sae1,75,33,76,86,75,62,96,110,83,75,91,107,83,65,92,82,95,137,66,76,31,100,104,85,72,86,83,82,100,103,120,87,89,90,93,70,77,83,82,63,131,82,91,47,82,82
Safb,112,47,113,142,51,112,99,94,122,78,119,143,119,93,117,112,99,100,75,63,28,101,96,69,99,70,78,66,111,83,53,59,60,70,62,79,60,69,86,40,110,74,73,48,70,84
Safb2,151,87,129,194,166,136,179,138,126,114,211,160,161,123,113,158,168,154,121,87,51,205,161,91,143,140,123,132,168,157,143,111,132,99,131,116,95,126,101,67,205,111,123,111,107,121
Sall1,41,27,48,69,50,42,39,42,142,66,47,80,61,58,69,56,80,103,34,35,14,156,30,26,41,50,33,42,81,37,38,33,40,20,43,42,51,36,46,24,61,39,32,28,30,24
Sall2,10,3,4,15,5,2,6,9,9,15,10,16,8,13,11,12,7,10,10,10,2,8,7,4,3,8,13,12,6,7,5,4,12,4,13,3,5,7,12,1,9,5,2,7,4,8
Samd1,56,40,67,63,47,62,76,45,77,42,83,65,74,73,70,83,90,63,63,44,13,83,66,62,74,63,66,63,81,54,57,44,65,34,60,51,33,63,44,24,74,44,51,47,42,58
Samd10,11,8,6,17,7,5,12,9,9,7,12,9,6,9,10,10,14,21,11,14,4,14,21,5,3,11,5,10,5,10,9,6,10,5,6,1,8,13,12,4,14,9,9,5,14,9
Samd14,2,2,1,12,4,3,11,6,2,2,5,3,2,2,3,6,3,2,2,2,0,2,3,1,2,6,1,3,5,3,2,1,2,2,3,5,2,5,2,2,2,2,1,1,2,5
Samd4,6,5,3,16,10,5,16,3,7,6,12,6,7,5,4,20,16,29,8,9,1,43,6,6,5,4,4,7,12,6,15,3,4,10,8,10,6,6,3,10,10,5,5,3,3,2
Samd4b,203,120,247,335,155,210,222,187,254,178,301,272,238,194,211,218,226,295,182,133,51,250,190,125,157,172,144,184,206,214,152,132,140,130,179,160,138,181,157,93,234,156,169,106,112,129
Samd8,2,3,7,9,5,5,5,5,5,11,8,4,4,13,7,11,10,6,11,5,2,15,8,4,6,2,8,4,12,13,2,6,8,1,10,7,9,6,6,4,2,9,8,1,6,1
Samd9l,11,4,8,4,10,9,10,6,13,5,12,8,6,8,5,1,2,27,10,8,2,7,16,3,7,6,1,2,5,12,9,2,3,6,2,2,1,2,4,1,8,4,0,0,0,0
Samhd1,59,38,68,108,81,55,92,73,64,71,91,110,86,36,71,108,80,96,53,51,36,79,96,43,70,40,67,62,85,72,456,51,40,60,51,38,72,69,44,37,72,59,50,40,39,59
Samm50,717,312,580,941,695,542,919,919,834,638,720,812,847,714,695,804,886,1162,649,679,240,1332,1080,601,713,716,651,727,1136,783,748,537,665,617,771,865,701,867,745,574,938,674,845,643,713,779
Samsn1,1,1,4,4,3,1,4,6,4,1,3,1,1,0,4,1,2,1,2,2,0,1,2,0,5,3,5,0,4,2,6,3,0,2,1,2,0,3,1,1,1,1,1,1,1,1
Sap130,18,12,27,56,15,20,29,30,32,26,27,38,41,22,30,45,23,17,28,20,9,37,32,22,27,26,26,20,30,26,23,23,24,25,36,35,29,25,25,18,46,44,34,25,30,31
Sap18,11,4,5,17,3,13,8,7,10,11,6,18,14,10,17,11,10,19,9,9,4,17,11,9,11,11,13,6,18,8,7,6,11,8,13,10,7,5,17,4,13,4,17,6,6,8
Sap30,15,12,18,25,16,15,18,29,13,15,16,19,20,17,11,16,19,37,20,19,4,28,17,12,16,16,23,12,24,20,21,11,9,14,10,25,12,11,17,8,14,13,9,11,13,20
Sap30bp,21,13,25,29,12,24,32,42,46,21,31,25,26,27,25,35,36,56,23,31,10,60,43,29,30,30,25,36,38,33,21,17,30,12,31,21,28,28,34,12,24,22,26,29,18,25
Sap30l,215,108,199,261,158,212,245,205,261,182,254,260,194,222,250,261,255,279,217,194,76,319,260,165,184,180,183,213,285,224,160,165,190,130,236,235,167,213,257,125,286,188,204,161,189,167
Sar1a,282,180,290,345,216,307,315,228,348,240,342,384,286,265,320,319,332,425,321,306,81,319,332,235,271,214,273,299,322,324,255,209,289,232,302,252,235,260,325,179,353,254,273,231,254,269
Sar1b,1062,568,916,1568,1145,1285,1423,1294,1856,1278,1242,1478,1748,1483,1654,1392,1581,1151,1196,1192,527,1297,2172,1102,1493,1356,1059,1638,1848,1660,882,1138,1377,1079,1425,1600,1357,1473,1607,936,2227,1538,1436,1018,1354,1400
Saraf,441,205,379,662,596,556,516,516,769,480,611,673,655,495,581,557,635,605,481,562,273,790,621,346,556,518,522,540,734,691,542,373,541,344,445,468,478,454,477,313,786,467,526,444,453,449
Sardh,1425,657,1427,1978,971,1851,1689,1321,2011,1421,1799,1563,1808,1825,1852,1825,1787,1079,1764,1588,544,1717,2229,1557,2068,1793,1601,1995,3167,2509,1283,1503,1962,1470,1856,1981,1631,1734,2434,1374,2719,2301,1872,1803,2050,1889
Sarnp,21,2,8,15,4,5,9,12,18,24,11,15,16,15,17,13,13,18,18,23,6,17,15,10,7,10,11,6,9,7,7,8,7,5,13,8,8,14,11,9,13,10,9,5,12,12
Sars2,72,22,52,83,78,68,84,85,80,66,78,84,71,73,91,91,63,114,68,71,22,113,85,51,51,77,67,83,82,65,70,54,70,43,77,95,53,68,82,53,121,82,83,63,76,70
Sart1,1,1,6,4,1,2,3,3,1,0,2,5,2,1,8,3,4,3,2,2,1,1,2,1,5,4,3,0,3,6,5,7,3,1,2,1,1,3,2,0,5,6,1,2,3,1
Sart3,66,45,65,75,61,58,80,46,63,53,81,94,73,54,57,71,81,65,61,54,20,90,61,60,57,56,75,63,87,48,70,32,53,49,63,56,45,52,58,41,83,68,54,51,63,52
Sash1,78,23,53,149,66,45,112,66,88,80,100,62,90,55,78,118,96,87,52,53,33,120,60,34,52,62,49,70,93,91,52,45,53,43,48,72,47,57,52,19,67,46,57,34,40,68
Sash3,1,1,1,8,3,4,11,4,2,1,4,3,3,2,5,4,3,8,5,3,2,12,4,1,7,1,5,1,2,3,12,1,3,1,1,0,1,4,2,1,4,5,0,0,0,2
Sat1,65,25,69,124,81,58,103,77,112,76,103,76,85,68,74,89,90,157,65,64,38,208,79,51,72,67,65,70,80,75,75,40,61,59,73,59,49,49,59,51,66,65,48,50,57,53
Sat2,74,35,81,125,60,76,88,62,148,108,119,155,93,97,105,147,133,112,88,106,18,158,103,58,107,112,89,102,157,102,59,56,92,63,79,66,66,108,100,45,117,85,87,79,115,88
Sav1,22,12,18,34,30,14,21,19,24,22,28,23,26,12,27,25,31,39,24,14,9,30,25,11,20,17,11,20,17,18,13,14,17,11,16,23,18,20,20,6,29,6,21,9,20,16
Sbds,306,174,294,497,240,302,356,279,304,245,414,344,363,305,338,430,403,390,324,262,119,565,333,226,271,273,239,274,347,280,292,249,285,236,291,307,209,233,293,160,382,241,272,230,213,229
Sbf1,133,80,112,221,124,135,129,154,161,123,170,192,127,110,146,166,169,237,128,116,54,241,135,101,127,148,121,139,171,174,145,98,109,102,120,114,101,116,140,83,186,132,124,105,115,111
Sbf2,68,34,70,138,62,96,93,102,96,86,118,98,105,80,94,103,117,145,86,66,35,165,107,80,95,77,75,67,122,96,79,56,70,44,90,72,74,96,98,44,122,76,83,64,78,74
Sbk1,65,51,78,128,69,105,107,124,196,99,88,138,126,154,104,100,136,75,61,88,18,82,121,104,101,166,82,45,178,97,63,91,80,85,96,90,100,102,112,89,159,103,126,80,86,101
Sbno1,81,46,81,100,83,87,92,52,102,65,107,122,95,86,90,94,78,113,82,67,41,154,98,71,72,85,64,76,97,103,71,52,78,50,64,71,60,66,82,44,100,67,73,41,56,84
Sbno2,53,26,58,108,32,72,75,65,143,60,106,92,72,57,85,88,89,54,36,58,11,62,55,54,62,53,64,59,98,72,85,48,39,48,72,47,34,50,50,42,93,54,67,26,51,38
Sbsn,2,3,2,7,3,1,2,3,2,4,2,6,3,4,5,6,1,10,4,0,2,5,2,2,4,1,3,5,4,7,0,1,2,4,1,3,0,1,3,1,4,2,6,2,2,2
Sc5d,1746,757,1293,2314,2277,1388,2632,2586,2252,1838,1511,1734,1490,1166,1763,1812,1647,703,1831,1969,816,857,3090,2014,2170,1971,1835,2069,3482,2398,1202,1523,2159,1815,1951,2750,2332,2227,1962,1474,2757,2081,2374,1892,2019,1991
Scaf1,28,32,18,36,24,29,41,32,44,34,41,47,37,27,36,30,47,42,36,40,9,39,39,20,35,36,32,31,38,39,26,24,38,22,21,31,15,37,21,17,48,24,34,22,20,27
Scaf11,44,21,37,76,42,38,47,50,62,42,58,56,32,36,60,55,61,53,67,41,24,69,53,28,54,43,42,64,78,47,40,31,56,36,36,49,39,58,52,39,67,43,49,29,52,52
Scaf4,63,44,49,103,53,62,71,83,69,58,88,107,66,65,86,65,70,81,63,47,25,109,58,56,64,52,69,56,63,70,51,51,54,39,45,45,45,61,50,31,67,54,45,45,51,64
Scaf8,38,39,44,84,55,39,63,47,70,37,72,74,64,31,71,54,55,56,39,52,33,69,54,30,72,52,46,32,54,66,47,38,50,32,48,40,52,45,44,18,49,48,47,17,43,35
Scamp1,221,115,201,395,214,221,257,194,251,196,232,193,189,233,177,322,357,260,223,211,66,323,250,113,190,212,202,155,244,266,180,105,163,117,178,153,193,198,233,131,251,168,208,170,196,195
Scamp2,76,51,96,143,102,106,113,122,159,99,138,140,116,82,115,126,116,191,114,107,44,170,137,78,138,89,131,124,129,131,148,79,106,74,107,88,95,102,88,67,157,97,139,99,96,133
Scamp4,168,100,167,269,148,172,175,173,254,169,231,305,183,133,199,218,216,291,139,155,67,239,164,132,167,160,203,181,222,223,183,158,179,156,171,173,146,184,196,105,208,204,184,122,166,144
Scamp5,59,37,64,106,96,51,98,85,104,62,118,138,87,41,78,108,101,225,83,77,43,146,89,71,79,89,82,72,71,74,89,84,84,82,97,66,58,83,88,61,172,95,75,77,84,69
Scand1,305,191,339,540,296,334,407,407,406,350,516,452,350,317,409,505,469,859,344,312,132,747,421,256,417,326,372,410,472,427,610,225,357,359,365,263,290,354,303,236,474,403,391,282,282,335
Scap,540,264,555,798,687,626,911,789,857,529,717,721,586,467,632,817,861,671,641,543,217,786,774,515,729,679,602,649,1045,765,355,344,492,424,645,379,650,733,600,446,865,721,637,483,634,624
Scaper,9,1,7,16,7,8,12,13,14,9,8,6,9,5,11,11,8,16,8,7,4,9,11,5,9,12,4,7,12,11,11,5,5,8,7,6,9,7,9,5,9,7,4,4,5,4
Scara3,30,18,18,44,30,32,50,43,39,42,54,24,35,20,22,39,56,56,27,21,13,43,32,15,30,43,15,32,19,31,15,20,21,17,16,16,20,28,31,17,39,16,23,12,13,41
Scara5,3,4,8,7,48,15,5,6,161,2,58,38,27,13,6,4,4,0,5,5,3,1,17,3,27,35,28,6,5,16,18,2,7,1,5,7,1,1,5,18,14,20,3,5,2,6
Scarb1,554,319,475,991,721,610,500,474,1110,618,742,969,694,564,709,784,755,1073,508,476,219,1261,501,355,637,621,803,550,860,829,392,388,548,421,527,360,406,457,589,341,835,607,460,441,539,471
Scarb2,232,136,223,354,207,273,272,229,279,243,387,332,283,256,329,316,317,288,244,228,98,342,246,162,275,245,231,223,257,299,252,196,260,198,245,191,218,193,252,138,341,234,214,185,190,200
Scarf1,76,31,60,84,34,57,60,76,75,58,66,73,47,44,43,66,65,53,44,44,17,54,67,37,47,62,61,58,84,45,58,29,57,52,73,49,51,60,70,55,73,37,46,41,33,48
Scarf2,18,17,25,49,21,27,29,31,16,30,32,32,25,22,24,23,38,28,23,17,7,31,38,13,14,22,14,32,31,18,18,18,25,29,19,15,12,35,22,13,27,19,20,16,15,17
Scarna17,6,3,8,16,7,9,4,6,7,10,21,4,3,5,8,29,28,19,10,7,6,24,6,7,3,5,4,4,4,5,3,2,4,3,4,5,7,5,2,2,2,3,4,1,6,2
Scarna2,18,3,16,18,20,15,13,18,17,9,12,9,14,13,13,36,24,14,16,12,4,11,7,11,10,9,10,16,25,13,16,12,8,12,17,16,12,8,7,9,14,16,12,8,13,13
Sccpdh,15,6,12,8,17,21,19,11,19,12,12,14,14,13,7,8,22,34,10,4,3,19,12,7,4,13,10,10,16,9,8,7,7,9,22,18,13,12,12,12,22,9,7,7,7,11
Scd1,2762,2374,3958,4292,17844,7344,18132,18342,9110,3746,613,2200,8395,9139,6809,1758,697,2188,1281,3538,1855,1420,28500,12325,8920,10355,5170,7400,22277,9163,3024,10960,9697,12640,16461,22039,18705,17800,11280,11330,10732,9364,18487,9965,14517,15351
Scd2,20,3,13,18,29,16,23,40,23,14,20,24,28,13,16,14,19,51,24,35,15,49,26,13,17,20,17,25,37,29,33,14,15,18,14,11,32,31,15,13,32,13,17,11,19,21
Scfd1,40,18,14,26,24,36,34,21,37,38,33,54,24,31,51,33,30,48,33,38,6,29,39,18,18,29,30,37,47,32,22,21,33,15,41,24,30,34,25,17,28,23,21,8,30,32
Scimp,1,2,2,3,4,6,6,6,2,4,1,3,3,3,10,5,6,4,3,3,2,12,4,2,7,4,4,4,4,5,26,2,3,2,1,5,5,3,3,2,2,4,5,1,0,5
Sclt1,14,5,10,21,11,13,7,10,21,9,18,14,13,9,11,16,15,13,14,8,5,32,15,5,5,12,14,8,9,10,6,7,9,4,9,5,7,12,17,2,9,8,10,8,4,10
Scly,357,209,358,571,442,417,474,493,558,466,525,653,497,375,548,468,508,493,409,367,204,456,579,337,497,446,452,515,626,522,598,357,484,376,507,495,322,476,412,268,666,427,531,371,426,451
Scmh1,38,14,47,45,38,29,49,51,43,33,46,40,44,39,38,33,54,33,52,42,14,59,37,22,31,39,41,32,52,53,41,27,28,33,29,37,42,41,32,23,75,38,33,39,31,29
Scn1b,42,20,29,58,51,19,38,43,65,42,40,63,18,26,42,35,56,83,33,37,14,69,31,20,32,26,28,33,29,34,60,12,40,30,21,16,22,39,20,18,41,32,34,16,24,22
Scnm1,61,25,42,79,46,42,58,66,73,52,72,76,38,60,54,52,67,76,40,41,22,68,60,25,39,49,38,70,61,58,61,46,69,40,46,39,40,63,35,17,51,41,44,36,56,41
Scnn1a,130,58,115,126,91,113,120,121,141,99,147,152,133,83,106,116,124,27,93,100,32,79,88,85,130,131,112,93,193,149,38,63,105,55,88,71,120,106,107,64,161,122,116,86,110,110
Sco1,7,4,7,11,9,4,11,3,13,15,9,18,15,10,15,9,9,4,21,7,4,8,10,8,12,8,11,16,9,11,4,9,14,13,11,4,11,6,10,2,12,5,13,9,8,8
Sco2,425,205,434,815,285,541,507,436,639,417,531,445,597,586,659,633,598,502,352,337,138,703,578,514,528,479,356,666,674,604,238,379,461,364,436,567,370,426,601,387,728,619,595,380,470,495
Scoc,1,2,3,3,1,2,3,5,5,2,4,12,3,2,3,2,7,8,6,3,7,4,6,3,4,4,5,3,11,8,1,1,3,1,7,9,8,2,3,2,7,4,5,5,0,3
Scp2,2998,1361,3040,4473,3092,4660,4231,3699,4025,3706,4650,4270,4063,4078,4847,5787,5502,3768,3919,3759,2003,4615,5969,3292,4719,4509,3183,4843,4688,5758,3767,3939,4552,2377,4696,4692,3878,4045,5236,2606,6875,6033,4410,3312,3980,4274
Scpep1,216,117,225,316,154,232,254,236,293,183,237,286,255,167,283,242,279,174,163,208,64,198,338,171,265,247,199,227,378,304,133,141,128,113,174,198,185,182,231,113,269,164,252,158,176,157
Scrib,126,77,153,170,104,109,151,113,148,114,167,184,127,128,118,230,181,203,125,109,39,257,161,92,122,132,115,131,126,123,104,82,95,95,123,102,82,102,101,68,156,79,119,92,89,92
Scrn2,198,94,190,256,149,196,243,196,232,197,259,271,190,181,245,240,250,208,197,183,56,223,230,141,200,190,190,197,266,218,129,148,180,155,210,175,130,199,224,137,264,217,211,167,175,179
Scrn3,87,45,89,122,69,99,103,84,123,106,123,141,116,111,121,111,127,63,98,76,43,140,135,86,121,103,84,116,139,132,55,75,101,63,111,116,84,103,95,63,133,99,122,75,76,78
Sctr,1,1,0,4,6,1,3,5,3,4,3,6,3,3,2,3,0,3,2,3,1,3,0,1,1,4,0,5,0,1,0,2,3,1,0,3,1,0,1,1,2,2,3,1,0,2
Scx,2,1,2,8,3,1,2,2,1,1,4,4,4,1,3,4,3,1,3,3,0,1,3,0,1,2,1,0,3,3,1,3,3,1,1,3,0,2,0,2,5,0,1,0,1,2
Scyl1,233,125,211,344,218,272,289,262,290,251,369,366,273,216,254,312,324,410,256,239,123,391,301,176,234,262,271,266,268,263,273,204,292,234,274,269,161,255,314,135,372,251,264,203,195,191
Scyl2,7,5,14,19,9,8,11,4,5,12,20,9,10,11,17,15,9,22,8,6,5,32,11,7,8,4,16,4,4,12,14,10,5,6,11,10,7,12,6,8,16,13,4,9,10,9
Scyl3,14,6,7,28,9,10,21,14,20,10,34,25,15,24,22,19,24,14,15,17,4,39,31,10,23,12,13,20,23,26,17,17,20,6,18,9,12,18,20,11,13,25,12,11,14,18
Sdad1,24,21,32,39,22,20,37,32,36,20,28,51,34,24,29,31,33,48,27,26,14,52,35,26,21,17,26,21,27,31,22,20,26,18,29,18,19,31,20,17,30,24,21,26,21,17
Sdc1,1084,595,1257,1662,1457,1294,1356,1564,2317,1476,1272,1865,1563,1430,1521,1360,1293,1571,1114,1354,455,1517,1515,1150,1397,1455,1454,1416,2472,1557,1273,1240,1406,1360,1547,1505,1617,1315,1608,1012,2170,1609,1413,1335,1493,1364
Sdc2,504,225,459,670,463,477,486,446,952,633,581,763,663,521,662,598,620,407,524,511,214,544,632,413,540,529,516,504,768,568,351,335,521,332,478,446,467,477,550,321,691,534,490,419,487,471
Sdc3,215,143,279,428,210,174,380,428,212,216,369,360,208,150,282,271,274,294,230,157,71,353,346,196,269,138,334,152,256,245,684,135,126,295,157,211,189,229,181,100,219,240,323,144,162,182
Sdc4,475,187,383,626,258,466,449,321,922,576,745,685,492,484,619,609,374,298,422,385,124,472,291,221,450,343,670,570,561,495,243,216,491,296,448,277,316,376,419,252,489,447,396,255,384,424
Sdcbp,102,67,132,193,145,114,181,167,188,145,180,195,137,152,158,175,169,251,142,135,60,283,192,103,135,143,140,163,200,178,184,98,136,66,116,129,117,141,140,95,173,126,135,95,99,142
Sdcbp2,0,0,0,1,2,1,4,1,1,0,3,1,1,2,1,0,1,19,0,2,3,6,0,2,1,0,0,4,2,2,22,2,4,7,3,6,1,2,2,0,2,0,1,1,3,0
Sdccag3,52,50,67,90,64,66,77,59,88,75,109,114,67,60,73,57,80,81,67,85,20,69,67,36,58,57,64,62,83,69,63,51,80,73,64,60,49,55,60,47,72,75,57,50,58,48
Sdccag8,36,14,41,57,26,37,55,47,39,28,55,48,40,22,49,36,48,49,42,35,13,46,35,27,39,37,36,33,50,39,41,31,36,23,29,29,26,31,33,12,42,25,28,20,17,32
Sde2,29,21,40,49,18,39,39,24,31,37,41,50,35,36,24,48,31,34,34,28,14,52,40,17,29,55,25,28,52,47,24,19,23,16,27,20,33,27,34,16,43,25,37,10,27,23
Sdf2,225,93,220,266,169,244,258,204,327,209,285,311,264,243,267,331,289,221,212,248,76,193,337,161,275,278,204,233,323,303,170,136,251,148,250,202,211,244,278,138,386,294,271,186,222,241
Sdf2l1,62,26,36,82,40,68,38,29,116,49,84,354,25,17,62,41,37,48,53,61,22,13,39,26,54,24,76,144,45,60,31,51,55,38,50,24,36,38,36,26,74,48,45,24,43,32
Sdf4,16,8,19,41,26,26,28,18,38,26,40,31,25,23,40,29,37,24,36,18,12,24,38,11,26,42,15,40,42,27,25,13,24,19,23,19,28,24,21,13,30,20,34,10,22,25
Sdha,954,492,815,1335,872,992,1118,998,1306,1104,1149,1115,1338,1215,1241,1562,1429,1358,950,997,487,1655,1566,861,1200,1215,877,1256,1766,1459,953,924,1133,751,1345,1254,1221,1155,1262,749,1722,1236,1255,859,1124,1253
Sdhaf1,117,71,118,174,97,128,109,129,186,134,156,228,180,142,168,183,208,235,123,122,74,256,141,108,142,156,108,161,170,165,104,113,134,81,138,142,108,122,138,86,199,128,124,109,149,123
Sdhaf3,35,10,22,40,43,24,30,33,49,27,35,46,29,23,34,42,33,41,29,35,15,40,39,28,25,29,29,30,34,48,24,19,41,24,27,33,34,21,31,10,50,38,27,12,35,37
Sdhaf4,111,50,104,138,107,127,140,120,155,89,126,160,153,113,124,142,145,112,132,113,46,113,144,111,142,99,120,129,152,143,111,92,115,101,142,124,123,120,124,61,190,128,111,100,114,100
Sdhb,1986,964,2314,3119,1699,2600,3022,2601,2987,2163,2592,2526,2921,2883,2760,2663,2461,2769,2350,2215,839,4047,3420,2565,3057,2804,2093,2792,4002,3245,1956,2155,2671,2046,2955,2924,2354,2914,3508,1986,3825,3161,2808,2169,2822,2691
Sdhc,1617,719,1366,2008,1391,1607,1766,1505,2175,1473,1976,1899,1853,1693,1855,1980,2106,1620,1649,1379,644,2366,2006,1307,1848,1739,1371,1579,2227,1896,1446,1144,1597,1185,1556,1669,1358,1524,1788,998,2378,1537,1552,1319,1238,1368
Sdhd,855,381,668,1164,585,693,861,889,1373,977,902,1186,1199,928,1122,1229,1088,992,873,854,275,1546,1284,584,915,1115,847,1032,1434,1218,739,774,828,631,1087,967,915,1003,903,578,1123,932,928,497,779,1042
Sdpr,14,11,11,14,20,23,24,19,33,26,22,20,35,25,16,19,11,21,12,14,5,45,19,17,21,19,18,30,31,24,14,18,17,14,13,19,19,20,11,10,19,12,16,9,17,18
Sdr16c5,4,2,1,16,7,0,5,5,4,1,5,3,2,1,1,0,3,2,10,1,0,2,6,2,3,10,0,1,0,1,1,0,5,0,1,0,0,4,5,4,15,2,0,0,1,3
Sdr39u1,73,34,55,108,73,67,112,73,89,59,76,70,75,56,62,70,95,174,85,57,32,120,89,49,120,96,62,95,110,92,98,74,97,69,90,101,74,114,94,66,101,94,58,44,72,64
Sdr42e1,331,172,340,499,306,387,547,371,619,345,606,551,527,387,401,451,525,254,409,395,177,310,554,434,523,445,423,453,506,575,278,392,504,282,467,528,359,425,533,288,605,494,569,397,487,357
Sdr9c7,89,48,59,97,54,69,60,62,65,101,91,117,87,81,108,128,112,34,117,68,33,32,118,69,97,114,63,113,47,81,49,70,89,39,88,70,42,66,90,56,167,108,60,55,70,83
Sds,432,255,603,770,555,689,681,606,2221,651,631,1046,2114,1700,1011,756,311,1640,480,507,188,2129,1079,890,1367,868,903,621,1911,764,544,619,623,799,739,778,1084,692,676,619,1350,919,760,587,746,875
Sdsl,85,31,82,93,103,91,103,113,237,91,85,174,121,125,106,98,95,188,85,79,26,368,122,81,141,89,99,105,149,90,86,59,66,58,83,58,109,76,67,76,150,104,112,83,73,83
Sebox,1,1,4,4,0,6,2,1,9,1,5,8,0,0,3,2,1,0,1,0,1,0,2,1,5,1,2,2,5,5,0,1,4,0,2,2,2,1,0,1,3,1,2,2,3,1
Sec11a,334,174,326,418,291,373,341,363,479,358,366,626,368,324,364,433,407,606,355,359,142,453,483,256,374,380,312,434,412,389,361,279,353,244,385,363,282,386,376,264,527,377,339,270,281,319
Sec11c,188,93,196,340,195,181,231,218,284,202,218,391,236,175,260,291,240,294,196,228,78,211,304,155,277,250,238,258,261,282,241,215,230,168,279,195,220,224,233,152,384,264,253,179,195,193
Sec13,222,128,196,305,271,232,300,292,384,261,278,457,278,261,311,335,253,521,247,281,109,382,374,191,268,238,283,298,282,338,238,238,277,229,309,274,225,290,319,155,352,304,273,218,258,256
Sec14l1,66,20,62,85,83,63,86,75,74,62,70,94,65,51,77,78,68,73,58,47,23,93,86,50,62,70,68,64,72,61,84,39,55,54,47,35,38,59,50,29,88,51,74,58,50,65
Sec14l2,3304,1771,3088,4110,2578,3678,4068,3953,3662,3339,4107,3678,3695,3159,3969,3770,3712,2489,3385,3204,1326,2689,2992,3114,3742,3914,3370,4051,4997,4178,2689,3251,3911,3067,4264,4858,3270,4012,4858,2832,5570,3961,4241,3577,4028,3417
Sec14l4,621,277,558,631,433,606,568,525,792,618,563,705,669,484,584,748,665,774,609,479,151,676,763,422,525,449,445,515,838,499,452,387,385,297,365,515,383,654,479,322,602,578,520,256,383,423
Sec16a,229,135,246,355,189,226,263,173,363,201,314,402,235,226,272,359,313,304,229,241,77,352,258,187,223,220,213,252,305,279,217,202,234,231,236,229,173,222,263,140,345,253,238,174,186,213
Sec16b,221,107,220,342,252,268,324,225,353,224,360,341,282,252,326,253,372,369,262,246,110,398,307,194,263,247,242,297,371,287,229,163,313,213,284,264,313,279,329,162,398,273,309,262,275,239
Sec22b,76,35,68,97,93,101,87,92,140,79,84,157,98,88,101,122,96,128,72,93,44,137,142,64,99,116,95,140,93,140,96,80,89,55,95,111,88,94,101,54,131,97,106,41,73,70
Sec22c,31,18,24,32,25,28,34,31,23,26,45,40,33,51,35,48,42,46,17,24,20,69,45,19,35,33,16,39,29,30,25,25,30,26,36,24,26,28,28,27,50,24,37,27,34,36
Sec23a,253,130,199,364,232,265,290,245,313,230,314,318,251,278,295,323,323,470,260,220,99,355,286,163,221,247,231,241,277,272,229,206,288,194,246,209,189,217,269,145,340,241,239,193,218,184
Sec23b,178,83,106,173,120,188,206,180,316,197,163,504,152,147,205,228,171,241,183,205,68,174,195,123,139,215,218,258,210,223,173,144,180,134,180,136,122,189,196,125,311,140,165,115,132,201
Sec23ip,9,11,10,16,22,17,13,10,20,8,17,32,13,9,10,19,9,15,14,14,6,8,4,15,13,18,19,18,17,22,14,8,21,7,15,8,10,14,8,10,21,8,20,11,19,19
Sec24a,173,94,188,310,214,222,211,183,326,265,248,304,229,208,298,255,235,292,206,233,91,262,267,180,184,225,241,306,295,306,157,181,236,123,207,163,183,209,218,149,296,243,212,135,187,213
Sec24b,75,43,62,104,71,66,85,56,104,70,85,67,79,58,66,103,101,116,68,48,30,155,77,34,55,64,49,57,72,77,81,34,68,40,46,62,52,49,57,37,90,62,63,45,38,64
Sec24c,312,184,256,412,270,375,351,341,500,337,400,542,280,300,387,412,415,519,302,371,129,416,348,269,289,302,366,366,423,387,303,246,343,266,302,310,271,343,331,242,514,358,310,278,279,326
Sec24d,220,118,200,268,287,301,222,202,378,232,313,454,253,249,313,347,338,484,266,252,137,370,282,187,214,223,226,310,231,296,268,204,276,174,279,213,222,220,302,149,403,246,217,184,193,209
Sec31a,473,246,463,612,414,500,561,441,657,508,561,924,488,478,500,667,597,784,531,506,170,794,537,382,432,501,490,529,542,520,455,414,470,381,468,394,327,476,427,251,647,430,417,310,317,384
Sec31b,2,1,3,4,1,3,6,1,2,3,1,2,0,2,2,5,5,1,5,2,1,2,1,2,2,1,3,1,3,3,2,4,1,3,2,4,0,1,2,1,5,1,4,1,3,0
Sec61a1,892,476,839,1108,1030,1018,1097,1009,1460,887,1183,1798,828,684,940,1232,1223,2130,953,944,309,1447,1106,579,931,1092,1068,1043,980,1145,785,609,941,740,954,787,807,868,968,568,1319,944,895,721,752,820
Sec61a2,23,5,15,34,14,17,19,11,15,21,24,18,17,21,18,20,17,35,19,11,5,42,18,10,12,21,17,19,24,19,18,11,12,8,23,11,16,10,14,6,13,16,12,9,12,14
Sec61b,884,502,964,1523,1374,1144,1419,1197,1405,935,1156,1635,1049,937,1164,1511,1455,2076,1055,1108,586,1387,1442,865,1406,1117,1114,1183,1226,1307,1191,747,1252,754,1160,1203,1048,1210,1254,707,1823,1240,1111,995,1013,972
Sec61g,6,1,10,8,8,9,18,8,6,8,13,14,7,8,11,12,11,10,3,10,2,7,3,9,19,6,7,9,6,18,4,10,9,4,8,7,9,5,8,8,12,9,5,6,8,5
Sec62,9,0,4,8,6,11,8,14,6,13,5,12,8,9,12,11,17,8,11,7,3,7,12,8,6,10,6,8,12,13,4,6,10,4,9,14,9,5,4,5,8,10,7,7,4,8
Sec63,67,54,64,100,70,67,80,69,102,88,115,142,73,84,94,109,109,121,90,78,47,126,107,56,75,84,86,112,121,107,67,64,87,48,87,63,63,75,89,38,111,76,82,60,69,74
Secisbp2,69,49,70,112,89,84,81,86,117,82,122,140,90,64,92,107,106,112,72,66,50,158,101,58,69,71,76,89,108,65,84,61,78,62,76,78,79,58,69,52,117,81,80,60,65,59
Secisbp2l,41,29,43,83,49,47,67,68,75,66,68,84,62,49,59,65,85,69,71,42,18,83,72,36,39,67,46,57,74,66,65,51,64,30,52,63,67,67,35,40,52,47,62,31,54,50
Sectm1a,4,3,6,16,13,2,3,11,6,4,16,22,7,4,7,2,9,11,5,6,3,11,5,7,8,3,12,4,10,9,24,5,3,8,2,4,3,7,2,5,8,7,7,6,3,4
Seh1l,99,52,76,126,83,65,103,84,124,95,104,144,99,86,104,146,116,167,92,88,35,157,88,53,86,108,84,93,143,92,70,54,97,49,71,97,72,67,86,55,99,66,89,59,73,85
Sel1l,505,253,499,520,599,678,569,555,817,500,678,1410,413,385,599,636,599,593,609,568,278,482,487,307,390,441,626,883,524,554,510,455,626,415,577,419,301,440,538,311,834,430,377,358,337,313
Sel1l3,43,21,40,63,65,47,61,55,57,27,79,83,27,28,48,52,68,109,41,40,16,62,61,21,46,59,51,49,36,49,38,34,39,20,37,47,42,46,52,20,81,43,39,24,33,30
Selenbp1,1149,593,1005,1536,1308,1092,1615,1178,1630,978,1139,1023,1732,1244,1241,1260,1438,837,1334,1170,586,1449,1774,1239,1467,1539,937,1391,2117,1652,1461,850,1399,1108,1293,1598,1177,1336,1377,814,1851,1268,1352,1341,1249,1324
Selenbp2,208,63,74,218,621,357,452,462,292,103,310,427,144,68,71,160,121,111,490,406,145,35,526,80,2526,1125,669,344,323,723,202,149,158,118,148,50,364,378,518,984,3682,1281,132,93,162,155
Selk,602,297,602,881,553,631,802,792,988,750,900,1023,651,563,729,770,764,758,731,670,231,603,812,447,853,635,697,733,723,744,545,444,700,484,763,655,595,771,601,498,851,685,640,523,581,544
Sell,0,0,0,2,7,0,2,3,1,1,2,1,4,1,5,1,2,3,0,1,1,4,0,1,0,1,0,0,0,3,8,1,1,2,1,1,3,4,0,0,1,3,1,0,0,0
Selm,12,10,25,25,16,21,22,31,24,16,40,19,24,15,19,24,26,27,19,12,8,32,24,13,18,23,16,26,19,26,19,17,26,16,13,12,18,32,22,6,22,19,12,12,14,17
Selo,232,93,242,347,196,279,351,247,391,283,374,279,260,315,322,375,386,268,270,267,89,436,336,234,270,270,257,343,436,426,227,213,274,188,333,251,242,322,331,201,393,335,331,240,320,301
Selp,5,5,3,9,11,10,6,4,4,6,4,7,7,4,5,10,5,6,6,8,4,5,7,5,11,6,3,6,8,7,5,5,3,3,3,2,1,5,3,2,6,6,6,2,4,4
Selplg,22,9,31,47,25,19,34,27,18,21,35,22,26,12,32,21,25,40,16,19,7,52,26,18,38,12,30,14,32,43,61,17,10,23,15,7,16,24,17,5,14,16,26,12,9,17
Selt,215,94,205,193,199,162,284,190,286,213,191,251,234,257,233,178,160,258,341,298,118,180,268,118,181,150,162,142,230,294,136,128,151,68,131,131,132,146,166,108,187,109,125,87,120,98
Sema3b,6,3,2,8,5,5,3,6,6,3,10,5,8,4,5,1,2,49,3,4,2,39,8,7,5,4,0,5,10,3,3,7,2,9,2,10,2,2,1,1,6,1,2,1,4,2
Sema3c,5,1,4,5,4,2,7,5,3,5,7,2,5,5,6,4,3,3,9,3,4,2,12,3,2,3,8,8,4,3,3,2,1,2,5,2,2,2,7,1,7,1,1,6,4,6
Sema3f,42,11,22,26,22,16,31,34,36,26,20,27,30,13,29,30,30,32,32,21,12,35,30,14,35,14,24,30,26,27,33,15,23,18,15,12,10,27,27,16,32,25,34,24,15,24
Sema4a,282,186,352,449,401,350,390,406,673,360,453,479,379,345,417,479,440,259,294,348,115,322,556,394,386,498,336,408,626,492,313,262,334,240,439,337,391,428,337,261,392,356,453,330,357,365
Sema4b,11,3,10,15,8,9,14,9,19,8,13,14,12,10,6,18,13,22,14,4,1,27,14,2,7,13,15,12,22,10,15,5,6,6,6,10,3,7,9,2,10,7,3,1,8,9
Sema4c,11,7,18,14,22,11,20,14,10,12,23,21,11,7,13,21,24,23,13,9,7,22,14,9,15,7,16,8,14,24,19,2,8,12,8,11,8,14,19,8,19,7,6,9,10,10
Sema4d,9,1,2,10,7,9,13,10,5,3,13,2,4,8,10,7,6,10,10,7,1,9,6,3,7,2,6,4,12,6,48,5,5,8,6,4,5,4,4,2,3,4,3,3,4,3
Sema4g,586,270,541,661,381,405,710,655,580,596,577,803,511,515,626,616,494,377,587,555,136,451,698,383,523,711,590,630,967,699,370,395,575,530,473,343,522,713,515,413,846,581,645,409,570,541
Sema5b,5,3,3,5,2,5,2,5,0,2,9,1,5,3,10,2,10,4,6,1,3,2,8,12,16,3,2,7,1,6,5,14,13,8,12,16,5,8,7,9,11,8,14,9,7,6
Sema6a,10,6,3,4,6,12,5,11,10,9,6,7,7,6,3,8,8,8,3,5,6,4,12,3,6,6,8,7,4,10,3,7,6,6,4,6,8,12,6,2,13,5,6,5,8,7
Sema6b,48,14,23,51,22,27,18,15,52,13,38,27,24,17,27,35,20,33,22,21,9,19,26,12,19,13,27,29,17,22,16,6,30,14,23,12,8,12,17,11,27,10,36,12,24,19
Sema6c,14,2,8,15,12,6,11,10,5,8,15,10,8,8,10,9,22,8,13,8,1,13,20,4,4,5,6,11,13,5,7,5,9,11,8,6,3,8,10,1,9,2,9,5,5,9
Sema6d,16,8,16,21,16,5,30,28,25,17,24,27,22,15,21,20,23,25,22,12,6,23,17,8,22,15,17,16,26,12,15,11,9,10,8,13,11,18,14,5,19,10,11,12,11,15
Senp1,9,4,7,10,3,7,11,11,14,7,8,16,10,4,5,3,5,10,8,11,1,7,7,6,8,2,7,8,8,12,14,2,5,5,4,3,7,12,7,3,8,2,6,3,3,12
Senp2,58,32,39,71,50,53,42,33,50,66,51,58,46,34,57,71,61,59,57,32,16,70,48,38,46,40,52,45,56,49,42,39,73,37,54,52,48,42,56,20,67,50,41,36,54,42
Senp3,97,51,60,124,60,71,101,68,112,80,122,112,78,69,87,86,94,91,92,91,24,83,85,37,69,78,78,85,84,93,64,54,88,56,52,68,56,89,85,53,100,84,59,56,55,73
Senp5,31,21,32,47,31,43,31,30,36,23,33,57,40,25,32,40,39,33,25,31,14,44,48,27,28,35,37,28,38,42,28,25,28,14,34,30,32,36,27,10,53,21,31,18,27,30
Senp6,114,66,118,189,153,117,135,120,142,110,168,136,142,141,139,177,178,230,149,100,62,248,132,99,111,104,135,132,149,142,123,83,125,79,135,120,117,116,140,91,188,148,129,99,120,128
Senp7,9,7,3,12,10,10,11,12,11,12,13,11,11,11,13,11,8,14,7,7,2,19,11,11,5,9,10,4,17,6,8,4,10,6,2,9,6,8,13,10,12,11,8,6,10,8
Sep15,847,367,731,1138,922,861,1100,865,1255,813,1047,1334,883,827,976,1007,965,1173,863,815,376,1130,1173,555,1044,904,775,848,1035,1049,640,626,872,543,771,682,666,781,784,475,1254,719,707,555,603,637
Sephs1,3,3,9,13,7,7,8,12,10,6,12,13,9,8,14,8,14,6,5,2,1,14,9,6,8,7,6,8,8,7,4,6,9,3,12,3,5,7,8,5,11,5,6,3,7,5
Sephs2,1730,928,1597,2797,1429,1536,2218,1586,2805,2286,2157,2044,2170,2297,2065,2473,2071,1582,2372,2307,751,1733,2500,1604,2279,2054,1783,1894,2778,2816,1308,1446,2284,1065,2036,1830,1500,2082,2030,1693,3011,2723,2156,1721,2236,2306
Sepn1,7,7,13,18,6,9,21,22,3,7,20,11,9,8,14,11,11,15,12,7,3,18,14,10,11,10,5,8,10,10,17,4,4,11,9,6,11,17,10,3,15,5,3,6,3,19
Sepp1,20187,9762,17691,29360,20481,18219,20759,16957,32049,24238,27162,33230,20364,23667,26513,32810,32060,27581,22891,19372,9572,30963,22861,12768,18233,19551,21804,22156,28838,23585,14175,15060,20023,12378,21070,17837,17533,18523,19899,10764,25053,20327,18287,12844,16632,17621
Sepsecs,5,2,6,9,6,6,10,5,7,6,4,10,7,7,3,11,7,9,9,7,0,7,12,3,7,5,8,8,6,5,5,5,8,5,6,5,8,4,3,1,8,6,5,4,3,7
Sept1,3,1,4,7,2,1,2,0,0,3,1,2,3,1,4,2,4,1,2,2,2,6,1,3,2,3,0,2,5,2,3,2,2,1,2,2,4,0,1,0,3,0,0,0,2,2
Sept10,11,6,10,12,13,6,8,8,12,8,14,8,8,6,7,11,7,11,9,9,3,16,10,7,9,14,14,12,12,5,6,3,9,6,3,10,10,9,7,4,5,7,11,8,4,4
Sept11,21,9,8,15,11,13,16,20,18,13,15,26,12,9,15,15,14,51,29,16,4,18,17,6,9,8,14,15,21,15,17,11,6,6,5,2,9,10,3,5,11,6,8,6,3,12
Sept2,159,63,164,209,166,153,153,156,280,133,167,236,168,133,165,203,207,232,149,148,68,199,167,120,117,165,145,152,190,163,137,112,151,105,132,131,125,127,123,107,185,139,139,91,121,103
Sept4,66,34,59,115,33,58,86,106,47,82,92,62,89,56,86,70,86,119,69,50,28,90,99,44,73,63,42,76,102,63,48,45,52,53,29,37,54,72,54,44,86,61,66,51,50,50
Sept5,15,4,8,13,12,9,9,5,23,11,14,28,4,3,8,12,13,11,6,7,5,7,14,0,8,7,12,11,2,6,6,4,8,1,8,1,11,10,3,5,5,2,5,1,3,3
Sept7,43,8,23,51,37,40,40,53,58,40,50,66,39,38,47,44,46,48,32,27,15,62,75,27,44,32,33,39,61,50,47,27,48,11,29,39,40,43,32,25,50,44,38,27,28,38
Sept8,23,6,5,12,10,11,24,18,7,11,17,9,10,10,18,9,9,20,13,9,5,12,18,8,8,15,8,15,15,15,13,8,10,22,8,12,9,17,6,4,19,11,8,11,9,15
Sept9,87,46,64,113,74,76,126,114,115,89,110,150,101,74,102,99,89,153,125,122,36,79,138,89,85,107,112,149,123,123,144,128,129,142,91,97,95,125,115,79,150,119,93,91,105,112
Sepw1,294,118,234,294,176,252,337,266,338,267,332,311,272,310,305,357,344,371,248,282,95,343,356,214,332,278,281,360,378,315,336,171,226,182,300,235,188,268,337,162,394,288,259,168,188,202
Serac1,12,6,13,14,13,13,15,11,13,12,11,14,9,12,17,14,15,22,10,13,5,23,15,8,12,12,9,9,9,17,10,9,11,7,8,12,9,9,13,6,11,16,8,6,13,9
Serf1,70,31,52,70,45,56,51,57,65,60,76,46,51,50,72,69,75,128,69,61,32,79,80,48,55,62,40,74,78,76,62,52,84,34,56,57,75,61,63,46,91,67,49,52,42,56
Serf2,74,36,58,125,80,62,73,81,137,83,89,142,78,77,104,98,91,121,65,85,41,93,92,63,107,106,66,93,115,112,73,72,88,50,80,100,85,85,110,56,135,74,81,63,97,75
Sergef,47,19,41,54,28,42,33,46,47,30,45,56,32,43,46,62,52,83,48,29,19,63,32,20,35,33,36,37,43,34,46,27,37,20,31,26,32,40,38,18,58,37,43,34,26,29
Serhl,126,71,143,204,72,157,192,87,175,120,178,183,140,168,180,152,174,206,152,147,51,212,199,95,150,187,104,142,156,164,209,119,160,151,182,139,83,177,149,121,213,195,111,139,145,141
Serinc1,216,76,152,244,203,168,240,217,281,197,205,334,183,188,208,155,187,268,332,193,75,240,269,86,148,175,157,219,247,278,123,117,155,53,112,108,116,160,127,113,155,125,173,89,98,152
Serinc2,40,9,33,43,20,17,28,33,16,11,43,25,27,25,24,37,32,64,31,31,7,28,42,21,23,24,8,27,9,13,54,23,25,21,28,40,21,31,24,14,32,31,31,18,21,21
Serinc3,20,3,11,33,14,20,19,9,32,21,20,33,16,22,22,23,15,28,19,25,1,26,22,15,12,18,11,24,22,18,11,9,16,5,22,27,15,15,13,11,19,15,20,10,10,15
Serinc5,71,24,58,99,96,79,71,95,144,90,106,124,92,57,96,108,87,178,91,97,36,183,105,36,96,82,80,89,120,90,66,44,75,46,70,49,70,75,58,47,101,62,68,47,51,54
Serp1,1429,720,1226,1702,1527,1637,1787,1472,1923,1503,1977,2981,1401,1242,1734,1810,1789,2921,1717,1591,644,1971,1898,1059,1768,1579,1576,1747,1397,1754,1349,1253,1825,952,1671,1559,1386,1400,1595,1018,2385,1602,1385,1323,1278,1301
Serpina10,969,367,1457,1371,2149,1876,998,954,3122,742,1720,2322,971,810,1117,1320,1209,848,831,1428,449,713,892,440,1078,1053,1614,916,1206,1220,1517,520,951,651,1347,740,742,830,926,474,1574,794,994,674,640,656
Serpina11,530,225,579,712,608,607,637,675,1090,488,1036,1201,405,450,576,834,977,365,644,649,163,434,679,267,692,605,737,606,596,634,450,383,570,307,622,442,425,533,506,359,758,517,534,404,418,400
Serpina12,1,0,0,2,7,3,1,4,1,2,1,1,0,0,0,2,0,0,3,0,0,0,4,1,1,4,3,3,0,2,6,4,6,0,0,2,0,4,2,6,18,6,3,1,2,3
Serpina1a,14105,6036,11556,19550,14344,14456,14097,14654,26456,14887,18174,25740,15154,13990,18025,17791,19842,13567,14072,15179,5584,17631,19555,11216,16636,18188,19659,15136,23150,19060,9173,10259,14885,8866,15240,12625,12361,13978,14611,10312,22391,17592,14233,10934,14310,14202
Serpina1b,16709,8501,17268,22969,13255,20611,19476,23399,35410,19958,21293,31359,21194,24571,23985,22429,22233,25200,21353,19024,7847,30613,29787,19655,23009,19229,23910,27403,35325,23907,17621,17339,18560,17685,23458,19824,20463,21580,22247,10860,28608,26029,19421,17537,21018,21295
Serpina1c,26102,13481,23936,32310,16065,28526,28052,27735,41160,27214,27914,35958,23131,31590,34669,32767,26235,13790,28833,22496,7193,24364,38869,24428,28598,25288,26516,40499,42322,32127,24147,22328,26153,19329,33218,19708,18874,30086,30588,16290,34874,40479,32714,17478,32325,29666
Serpina1d,9843,6245,10161,15741,8611,14663,14938,13932,25629,13030,12371,17120,14735,18441,17442,14200,12696,9367,11774,12255,4293,16942,23199,13953,17018,14609,15931,17348,28937,18375,9789,11527,12340,11877,16439,14791,12730,16064,17545,9151,22539,19543,17189,9771,16625,16310
Serpina1e,25069,9235,13468,41686,61812,37126,43088,48708,65493,26588,59495,121622,17307,13567,31224,47265,44170,2964,46784,41583,18745,2092,61553,14599,76771,69060,86563,37202,47084,45252,6552,8363,28371,6929,24199,7520,44130,38452,36797,30374,79836,48018,13903,10608,24142,19504
Serpina3c,2,0,14,2,9,3,7,10,3,2,15,10,1,4,4,6,2,1,4,1,0,1,5,2,14,3,7,4,4,4,3,1,2,7,3,4,4,4,2,5,5,1,4,4,3,3
Serpina3f,16,6,12,48,31,15,21,24,16,12,31,14,17,9,28,20,16,20,7,10,9,20,18,6,15,13,24,6,9,15,249,5,14,27,15,10,15,20,9,9,11,15,17,7,4,15
Serpina3g,20,8,23,75,30,35,50,43,37,32,66,22,38,23,57,51,54,34,20,22,18,56,26,15,27,23,37,36,28,34,333,31,20,34,25,32,32,41,28,11,35,31,37,24,16,31
Serpina3h,3,2,1,1,3,5,3,4,6,1,5,3,3,0,1,4,8,0,4,1,4,1,4,1,2,0,2,0,2,2,4,3,1,2,4,2,1,3,2,1,2,4,1,2,1,5
Serpina3k,16535,7303,15987,20057,18200,25781,30187,27419,36366,21034,31028,44931,21671,23113,30206,28773,21371,8467,26886,18917,8261,11866,33451,14594,37698,34432,26978,32899,22048,38894,15515,18948,26624,11408,25574,16989,20476,33340,31095,23512,46287,40661,20187,12942,22700,23673
Serpina3m,1317,709,1763,1298,1912,1883,1068,1211,6457,1934,1835,3553,2539,2315,2410,2035,2219,1663,1219,1785,627,2353,1789,1127,1287,1638,1874,1761,2686,2045,1437,1055,1385,1108,1924,1434,1093,1443,1493,734,1755,1408,1539,1020,1354,1538
Serpina3n,1076,613,2805,2259,6132,3212,1561,1341,14105,1302,3009,6602,2203,1884,2373,1615,2160,2408,1252,2182,721,2571,1773,1108,2289,1990,3661,1736,2198,2793,1691,1078,1693,1181,2136,1418,1012,1411,1523,914,2790,1758,1960,1335,1510,1237
Serpina4-ps1,442,138,168,139,107,234,2087,335,52,146,1580,607,180,77,213,298,113,14,569,398,281,17,1562,125,1177,240,481,1069,71,803,176,440,970,145,319,367,180,1050,914,308,795,498,808,253,623,404
Serpina6,1145,505,892,1508,592,955,918,892,916,1245,1268,1044,930,903,1590,1522,1732,484,1380,1178,490,986,1018,774,733,769,1305,1287,2941,1465,824,842,1164,837,871,1179,1079,924,1001,489,890,867,1047,940,1097,983
Serpina7,13,8,8,10,2,3,8,3,2,10,11,11,7,11,9,16,10,1,8,12,3,1,8,1,2,1,8,10,3,12,2,3,6,3,6,3,11,5,4,1,2,5,9,3,4,6
Serpina9,4,4,2,3,2,9,13,4,0,1,12,5,1,0,3,6,3,0,6,12,2,0,1,3,6,14,10,6,5,12,1,5,6,0,2,1,9,5,10,5,12,6,8,4,5,3
Serpinb1a,3,0,7,2,1,10,6,4,0,1,7,2,4,6,3,4,4,0,24,4,5,3,5,6,0,5,3,4,16,28,3,4,4,4,6,5,4,4,7,5,3,4,1,7,7,3
Serpinb6a,47,27,60,79,58,63,82,93,70,65,76,66,64,60,72,95,86,212,79,47,27,153,67,43,69,51,58,63,77,91,113,28,41,48,38,32,35,42,53,30,90,46,70,26,49,51
Serpinb6b,10,4,1,22,16,14,17,20,20,5,12,16,9,4,11,12,12,20,6,9,10,12,19,6,11,22,5,14,15,29,25,8,12,5,14,9,11,10,9,6,17,10,15,6,12,11
Serpinb8,6,2,7,15,6,6,10,8,10,7,19,14,7,7,7,15,12,17,8,6,3,12,13,7,10,3,10,7,14,17,3,6,11,5,9,9,13,5,11,3,14,7,12,10,12,3
Serpinb9,2,1,5,2,7,2,7,3,5,3,2,3,4,6,4,0,0,10,3,4,0,3,6,0,0,4,2,1,4,3,5,2,1,0,0,1,0,3,0,3,3,1,1,2,2,1
Serpinc1,8386,4727,9077,12794,8461,7696,10088,9263,15129,9100,9697,13152,10658,10361,10145,12687,10766,9465,9159,9772,3535,12329,12913,7740,9965,11728,9806,10675,15362,11517,7447,6747,8962,8235,9306,9132,8874,9183,11090,6898,13130,10503,9975,7411,8849,9892
Serpind1,1913,882,1576,2755,2189,2159,2059,2029,4463,2165,2503,3358,2140,1920,2587,2496,2466,2105,2535,1976,821,2884,2783,1647,2836,2315,2881,2251,3725,2833,1753,1476,2271,1654,1620,1778,1863,2096,2458,1372,3196,2371,1908,1659,1946,1932
Serpine1,13,4,6,13,6,8,5,5,4,4,10,9,8,1,9,5,4,58,8,2,4,27,3,0,1,4,6,5,16,6,73,2,6,5,4,5,6,2,6,3,5,1,5,2,4,3
Serpine2,6,5,3,11,5,22,10,10,1,11,8,9,17,11,13,11,6,4,11,7,6,6,14,1,13,14,2,20,7,5,4,16,8,6,15,9,11,11,20,19,23,8,4,5,7,9
Serpinf1,2606,1234,1988,3277,1760,2646,2920,2650,3185,2763,2869,3453,2783,2361,3142,3331,3347,1941,2577,2380,826,2682,3161,1997,2627,2812,2561,3003,4074,3342,1491,2074,2573,1995,2791,2466,2258,2676,2771,1725,3767,2670,2508,2032,2401,2565
Serpinf2,2462,1024,2683,3097,2793,2792,2456,2523,5439,2492,3132,4010,2411,2415,2726,3278,3204,2286,2446,3013,738,2225,2624,1619,2577,2217,3288,2425,4103,2926,1804,1396,1982,1600,2426,1754,2071,2572,2610,1709,3147,2566,2143,1708,2373,2304
Serping1,4140,2077,5619,7389,5086,5913,4984,5109,12410,4257,6936,7995,5666,4371,6354,5952,6257,2414,4568,5709,1660,2932,6031,3593,5573,4769,5875,5111,6758,5837,5893,3585,4497,4011,4829,4035,3768,5047,4849,2655,7017,5118,4969,3159,3658,3821
Serpinh1,43,23,48,86,39,53,108,99,46,56,56,59,54,42,60,64,72,81,51,40,18,35,85,42,55,38,45,97,88,55,75,47,37,56,42,52,47,71,50,31,74,49,47,28,38,59
Sertad1,101,50,79,196,57,63,90,101,87,83,93,85,77,64,79,65,68,134,40,47,20,108,78,51,79,78,99,72,98,84,78,42,60,46,71,38,56,60,61,36,90,64,67,48,51,64
Sertad2,50,23,37,68,38,39,41,36,52,48,47,47,54,41,53,46,57,62,44,38,17,69,45,20,48,43,27,44,49,47,32,27,45,33,42,26,35,26,39,23,52,30,37,21,18,35
Sertad3,20,16,9,41,9,12,10,9,11,15,16,38,15,10,10,16,6,13,9,8,5,10,10,9,15,15,14,7,8,5,6,12,15,17,22,24,7,7,12,12,19,14,17,12,11,17
Sesn1,71,35,40,87,80,44,56,59,111,85,62,75,66,36,64,103,97,107,63,62,31,115,71,42,61,83,69,59,91,85,63,34,63,54,48,51,50,72,73,49,99,56,60,46,40,53
Sesn2,10,3,3,11,8,3,3,3,4,6,5,4,1,1,5,13,22,10,3,4,2,9,2,3,2,4,2,5,1,0,6,4,3,5,2,1,2,2,2,2,5,1,1,2,3,2
Sesn3,8,4,6,14,15,9,17,11,9,7,6,10,11,6,8,14,8,7,6,11,1,8,10,6,7,10,5,2,8,9,10,8,10,5,4,10,9,9,4,6,12,5,8,5,5,6
Sestd1,7,5,4,6,7,5,7,8,2,3,4,13,5,3,0,8,7,4,8,4,2,12,10,5,7,11,4,3,5,3,4,5,7,3,5,3,9,8,4,6,3,0,1,6,5,3
Set,149,64,120,142,139,98,143,120,157,138,153,177,175,100,161,165,155,212,135,140,53,193,156,107,144,162,142,138,146,163,132,86,126,86,138,116,139,137,137,96,186,133,130,103,114,139
Setd1a,70,40,48,95,32,47,69,45,60,55,86,51,56,44,53,85,77,62,54,55,17,54,45,23,42,49,43,48,49,61,41,26,42,55,52,60,36,52,69,30,56,58,56,34,49,64
Setd1b,113,85,123,217,99,122,104,98,120,129,126,175,85,89,114,181,170,153,110,95,31,173,90,63,84,95,108,74,121,95,78,54,69,73,85,67,61,61,80,59,126,74,72,63,77,79
Setd2,104,58,76,156,94,77,109,83,136,88,122,107,136,97,113,148,136,110,95,64,51,174,91,74,100,98,84,86,129,102,76,52,108,60,87,101,94,69,106,55,131,90,109,76,79,98
Setd3,313,177,323,529,297,301,384,351,461,344,450,451,325,353,387,509,518,422,396,270,113,554,388,244,364,328,335,350,411,396,316,232,356,264,354,340,257,315,370,201,454,361,336,246,301,327
Setd4,65,46,54,87,52,57,61,68,78,93,64,147,55,74,47,118,154,119,59,68,31,127,51,55,46,72,74,68,46,46,84,39,57,40,64,44,51,55,73,41,62,57,50,76,69,60
Setd5,74,33,76,162,77,78,85,81,90,73,141,122,70,75,89,89,108,100,86,55,24,126,81,44,78,58,66,65,75,81,53,60,92,76,60,52,43,64,70,34,106,63,59,45,45,55
Setd6,71,44,74,119,60,76,96,81,94,101,99,139,90,80,102,105,80,151,66,74,35,134,110,49,88,61,95,93,107,88,69,47,58,55,75,86,55,82,69,30,110,86,78,51,64,73
Setd7,25,11,16,52,56,22,30,24,60,33,38,46,23,24,29,36,32,43,41,21,11,37,30,7,32,26,32,41,26,26,29,22,16,16,19,20,15,18,26,12,40,19,17,10,18,16
Setd8,217,122,187,249,188,248,250,212,220,206,192,241,222,183,222,292,249,380,251,195,67,448,270,132,182,186,207,222,291,266,254,166,187,179,223,195,166,198,253,133,305,210,179,156,188,199
Setdb1,50,23,63,75,50,51,64,44,69,66,83,78,63,53,60,80,84,64,74,45,26,77,72,55,50,49,50,48,72,67,53,36,39,45,53,48,43,57,39,31,88,45,73,36,42,48
Setdb2,26,22,26,30,29,29,31,24,43,20,36,26,37,26,29,24,34,39,25,31,15,58,28,19,23,28,21,23,22,31,19,19,35,17,29,27,24,22,21,21,38,32,22,21,19,20
Setmar,6,5,6,9,6,10,7,8,16,9,12,12,14,9,10,5,10,15,8,6,2,16,9,4,4,7,4,6,13,8,6,5,4,1,8,5,4,6,9,6,5,10,6,4,9,4
Setx,46,26,38,64,48,37,44,43,79,46,64,64,51,55,53,47,52,78,39,27,23,105,58,20,59,54,46,59,57,61,57,28,34,30,46,40,39,54,44,25,71,40,45,28,30,38
Sf1,224,132,230,437,183,262,297,259,319,238,327,317,233,232,318,285,323,314,314,245,81,358,344,136,236,208,221,263,343,282,172,154,203,182,262,214,192,255,243,162,250,265,217,172,193,252
Sf3a1,15,8,8,19,10,10,11,12,16,10,15,22,19,10,9,9,15,10,8,9,2,19,9,8,8,12,16,12,7,13,6,3,8,4,8,9,10,10,8,4,13,6,10,6,4,6
Sf3a2,62,37,57,66,67,57,79,61,66,48,86,76,83,70,61,79,73,76,51,49,19,68,73,67,67,62,64,61,67,52,71,27,47,49,54,46,46,46,56,24,86,52,49,57,56,40
Sf3a3,106,67,106,131,117,128,115,136,161,87,101,214,115,103,122,138,140,168,107,103,45,168,162,88,94,102,124,134,147,121,107,73,112,78,102,75,101,121,100,67,180,96,135,84,107,93
Sf3b1,7,2,7,9,5,7,9,7,13,4,11,20,7,10,13,7,11,6,9,4,1,11,13,5,8,9,15,10,7,12,6,9,6,3,8,6,6,12,10,3,8,4,11,2,9,0
Sf3b2,390,228,319,489,335,348,425,414,491,374,451,486,444,371,409,511,470,545,397,313,154,618,475,273,406,425,345,400,566,411,405,235,401,235,393,305,296,411,354,212,582,374,395,278,336,355
Sf3b3,64,40,63,98,69,62,74,60,85,67,95,100,60,60,78,68,90,109,76,61,27,84,72,46,58,51,66,86,74,83,59,48,68,43,51,52,46,57,62,39,61,59,49,40,72,66
Sf3b4,61,43,58,76,39,71,64,53,71,35,69,89,60,47,55,63,59,79,56,66,24,113,87,44,61,51,59,53,61,64,62,38,59,53,50,41,54,52,56,26,84,52,60,46,57,43
Sf3b5,188,96,165,220,145,196,176,215,211,169,225,261,158,137,188,243,218,344,180,185,59,308,208,158,175,144,140,198,188,209,150,128,136,133,184,166,137,170,208,114,225,155,150,105,154,165
Sf3b6,104,54,96,110,78,130,115,91,184,112,116,175,134,146,137,156,129,129,102,129,50,153,173,89,142,107,84,135,141,138,100,88,134,80,113,100,103,109,100,82,163,137,105,63,113,103
Sfi1,47,32,46,67,40,41,57,49,92,61,82,86,65,51,60,90,66,84,39,55,16,110,48,38,49,52,59,47,58,39,66,41,33,46,39,33,28,43,58,31,65,54,43,30,37,30
Sfmbt1,44,19,25,40,20,21,44,33,61,42,46,37,46,38,42,61,44,45,33,34,10,59,45,22,33,52,32,35,36,36,29,28,42,21,44,35,23,21,34,13,35,31,28,20,27,27
Sfn,9,2,5,10,9,7,4,8,8,8,9,7,9,1,4,4,9,30,8,4,0,15,8,1,8,10,6,2,8,6,12,4,8,3,6,2,5,4,9,0,9,10,1,5,6,7
Sfpq,160,122,172,233,168,131,137,146,176,143,179,238,181,150,185,176,175,287,152,163,66,337,204,83,131,126,169,144,185,158,170,102,138,97,152,115,108,100,106,88,192,132,131,87,106,153
Sfr1,248,156,211,349,276,235,280,252,310,232,322,306,240,232,264,358,320,433,251,222,116,459,276,169,229,246,212,233,274,260,237,159,225,147,218,216,224,214,198,142,312,213,220,156,208,218
Sfrp1,3,2,5,5,3,2,4,8,2,2,4,2,3,4,4,2,3,3,4,2,2,3,8,2,1,6,0,1,5,5,2,1,5,2,2,2,1,3,4,3,11,1,4,2,3,2
Sfrp5,5,2,2,2,0,1,1,1,3,2,3,9,3,3,4,0,1,1,2,1,0,4,3,0,2,1,2,2,2,4,0,4,2,4,2,1,1,2,0,0,3,1,2,0,1,1
Sfswap,76,49,89,153,100,81,88,80,129,75,142,115,111,93,110,79,105,114,87,76,40,149,102,72,90,87,94,69,130,128,73,58,92,48,88,68,54,79,78,39,114,75,70,85,69,57
Sft2d1,45,31,61,88,97,74,92,71,126,67,110,124,81,64,80,87,81,103,81,59,39,98,99,47,95,70,71,79,104,109,86,55,76,59,71,77,71,86,73,48,121,66,84,55,46,65
Sft2d2,155,79,140,220,93,150,160,124,183,144,184,208,154,137,161,200,195,209,140,135,43,208,175,127,156,184,121,150,211,167,148,133,164,123,170,134,110,149,134,95,202,189,126,139,132,140
Sft2d3,6,1,7,9,9,2,8,6,5,8,9,13,4,6,6,4,5,9,5,4,1,12,2,2,4,9,6,6,6,5,2,5,8,1,6,3,5,4,6,5,7,12,12,7,5,5
Sftpd,17,10,20,47,32,13,42,19,35,20,31,37,22,12,7,28,40,45,24,20,17,14,32,11,10,18,12,15,6,20,50,13,20,20,13,7,4,12,16,11,24,6,13,11,10,17
Sfxn1,378,218,401,516,443,431,508,433,727,370,482,649,400,484,477,503,436,637,470,383,138,705,583,426,434,411,478,489,604,475,414,415,412,317,481,509,377,338,391,308,524,440,416,306,406,410
Sfxn2,181,85,136,222,187,206,170,169,376,182,210,295,209,225,204,234,224,261,186,170,62,332,218,150,191,210,185,198,263,184,155,125,209,155,174,170,155,171,189,118,251,188,174,170,137,121
Sfxn3,9,1,8,12,7,3,10,5,8,2,10,2,9,3,6,5,8,14,9,3,3,20,7,4,5,3,9,8,10,8,6,1,4,4,6,7,4,6,1,1,6,7,7,3,3,5
Sfxn5,118,53,120,151,112,112,160,132,142,126,139,154,128,139,148,164,137,73,123,142,46,88,187,159,152,137,138,164,157,170,121,125,184,145,167,209,122,133,170,127,216,179,155,141,158,137
Sgcb,3,3,5,7,1,2,6,7,7,5,3,8,6,2,8,7,7,7,4,3,3,8,6,4,3,8,4,5,7,6,12,1,0,1,3,3,3,3,3,4,7,1,5,2,4,6
Sgce,37,9,33,76,56,12,41,38,49,27,46,50,30,31,38,44,52,71,52,28,6,41,54,13,29,40,12,36,14,24,30,19,36,20,34,15,35,43,26,20,34,16,26,14,18,33
Sgk1,46,35,57,96,68,40,60,67,77,53,74,76,89,46,79,106,90,403,58,39,43,513,53,48,48,80,37,57,72,67,51,37,49,37,58,55,86,47,49,24,108,41,54,33,31,68
Sgk2,209,68,121,267,95,185,187,194,140,206,229,189,319,222,225,223,205,334,178,146,73,538,298,157,203,198,112,252,275,169,165,145,219,198,211,220,205,201,216,129,354,161,225,149,164,189
Sgk3,2,0,3,4,2,0,4,0,1,2,2,2,1,2,5,4,2,2,1,2,0,7,0,0,1,0,4,2,5,0,1,0,1,0,2,1,1,1,0,1,1,3,1,0,0,0
Sgms1,15,5,7,11,9,8,7,9,4,11,12,7,6,8,12,6,11,23,10,2,9,24,8,2,5,15,8,10,3,7,11,7,12,3,5,9,5,8,2,6,9,5,8,9,6,9
Sgms2,66,27,53,116,46,67,71,65,65,80,83,53,72,47,77,100,78,93,102,57,26,166,86,42,62,84,49,72,110,107,33,51,50,35,78,70,78,60,55,27,84,53,69,46,47,54
Sgol2a,0,0,0,2,0,0,3,1,0,0,0,0,1,0,1,0,0,4,0,0,0,6,0,0,0,0,0,2,2,0,2,1,1,2,0,0,2,1,1,0,0,1,0,0,1,1
Sgpl1,265,148,280,374,236,262,292,338,414,315,306,436,243,289,329,366,278,293,257,253,113,373,343,225,279,300,305,287,407,344,261,234,270,211,237,243,287,270,299,200,357,302,293,202,244,255
Sgpp1,363,171,309,473,322,299,413,373,415,331,422,420,376,344,389,400,416,314,402,340,163,452,431,296,370,381,363,388,419,487,288,303,509,245,355,383,325,322,430,217,502,373,313,337,351,335
Sgsh,14,11,22,25,28,30,38,36,39,20,38,51,27,19,20,36,37,30,24,33,10,39,34,21,32,25,28,22,30,33,35,35,32,23,20,17,21,33,26,18,35,29,25,28,10,24
Sgsm1,21,4,13,23,47,11,35,40,34,21,22,63,16,13,22,21,21,35,11,30,5,8,29,17,15,15,21,22,27,15,12,10,25,27,10,19,16,30,17,10,31,14,18,13,27,20
Sgsm2,43,14,24,28,25,22,27,30,37,35,26,26,23,20,39,55,38,44,23,34,13,42,34,19,14,38,37,31,54,29,29,22,35,32,29,33,37,31,48,13,40,29,37,35,33,38
Sgsm3,33,14,46,51,42,36,40,39,51,38,57,69,36,37,46,58,52,55,46,36,10,79,48,27,33,35,34,44,31,30,41,30,40,34,36,33,27,40,46,22,59,39,35,36,35,30
Sgta,308,137,230,412,223,271,327,311,374,321,356,404,309,289,355,406,385,462,344,298,87,414,363,203,252,250,322,324,407,319,354,272,289,301,322,392,275,361,337,221,450,338,344,244,303,320
Sgtb,4,0,4,6,5,0,2,6,1,3,5,2,4,5,4,8,0,1,2,2,1,4,3,3,2,4,5,0,3,1,9,2,4,2,2,1,3,2,0,3,5,1,4,1,2,1
Sh2b1,260,148,283,411,251,270,300,284,342,254,365,367,263,298,301,327,335,345,285,250,113,399,303,225,253,240,244,273,340,310,231,210,232,162,217,251,215,236,278,171,361,261,257,219,242,226
Sh2b2,16,10,22,35,22,21,34,23,36,19,22,40,27,15,22,24,17,17,20,19,6,31,25,20,22,9,20,24,24,32,16,12,15,13,21,15,29,16,23,13,20,22,21,12,20,27
Sh2b3,41,17,41,86,29,42,48,52,53,45,45,64,54,43,46,52,63,51,38,43,17,64,64,39,51,43,46,62,76,46,40,25,48,25,43,42,36,53,55,25,64,45,54,27,43,50
Sh2d1b1,0,0,0,1,2,3,1,1,0,2,1,0,0,1,3,0,1,1,0,0,1,2,1,0,6,0,3,1,1,0,0,0,0,0,0,0,0,0,0,0,1,0,0,0,0,1
Sh2d2a,2,0,4,2,1,0,5,2,0,0,5,0,1,0,6,1,0,1,1,1,0,3,1,1,2,0,0,3,1,0,4,1,1,3,1,1,1,2,4,1,1,0,0,1,0,0
Sh2d3c,41,22,31,55,50,38,62,65,108,54,52,62,64,37,55,72,59,44,40,33,20,65,73,32,50,55,40,67,80,52,48,42,50,46,42,52,37,70,41,29,86,40,46,34,44,30
Sh2d4a,15,9,18,21,40,16,27,25,45,17,24,29,34,10,28,19,30,22,19,23,9,31,27,21,17,31,21,28,48,33,26,12,19,25,25,23,31,31,24,7,36,19,26,23,22,24
Sh3bgrl,142,72,109,209,170,142,157,166,278,180,180,262,150,154,203,176,189,219,153,146,65,229,249,101,181,148,159,168,207,178,142,114,136,72,147,114,148,137,149,91,186,152,147,116,126,117
Sh3bgrl2,11,2,4,3,5,1,2,4,6,2,4,7,1,2,13,12,13,7,15,11,4,10,11,5,9,4,5,10,10,7,4,7,8,1,6,10,11,11,9,4,7,4,2,7,4,4
Sh3bgrl3,79,44,74,163,85,92,153,153,90,69,163,106,91,59,96,88,104,203,71,49,33,176,104,57,126,87,80,57,117,105,300,48,54,86,51,54,57,106,59,37,63,64,98,38,50,78
Sh3bp1,12,4,16,21,14,16,26,31,12,17,27,28,20,8,15,26,17,20,18,10,7,17,20,7,15,5,20,7,31,13,66,10,4,12,2,21,9,16,13,2,15,8,18,4,10,15
Sh3bp2,28,22,66,88,43,31,88,48,51,53,78,68,62,56,54,55,56,45,28,53,16,48,58,34,51,44,50,33,58,71,65,28,49,44,36,40,39,43,50,25,74,51,54,41,39,36
Sh3bp4,4,1,2,5,1,4,11,10,6,4,6,7,3,4,5,2,7,10,6,2,3,3,5,2,5,4,2,3,5,7,10,2,4,2,4,4,1,6,3,0,5,0,4,2,4,4
Sh3bp5,102,74,102,133,147,122,117,141,155,120,120,184,150,116,109,240,190,175,100,120,38,195,160,106,130,125,115,102,148,125,136,99,120,88,119,121,112,104,126,74,150,128,106,105,92,120
Sh3bp5l,67,47,96,130,59,69,114,85,81,86,91,100,79,74,70,87,65,119,70,61,24,97,93,45,75,64,61,77,85,65,90,55,73,63,62,71,54,78,80,45,85,54,76,65,90,63
Sh3d19,14,7,13,20,7,17,9,7,13,17,11,12,10,7,13,24,20,12,16,11,5,21,11,5,6,11,11,11,15,16,5,8,16,5,10,11,4,7,5,3,20,9,10,6,14,12
Sh3d21,9,6,9,19,3,3,17,13,9,4,10,9,9,6,9,13,18,18,12,9,1,12,9,5,10,11,2,12,15,16,6,4,8,13,10,5,9,11,9,3,4,4,10,8,7,10
Sh3gl1,63,40,76,136,74,76,101,98,104,93,74,142,92,66,103,95,93,150,63,62,19,82,103,55,83,74,79,85,107,72,74,52,74,72,79,70,59,66,70,53,97,85,88,55,74,65
Sh3glb1,58,19,47,69,41,47,44,46,70,63,70,56,52,47,41,69,73,70,56,53,23,67,58,36,51,41,42,66,80,52,53,40,43,33,34,44,45,42,44,41,74,51,52,28,41,53
Sh3glb2,128,74,127,176,141,116,186,159,165,134,184,134,150,138,145,170,167,163,152,118,43,190,199,108,133,150,113,172,177,191,152,103,166,144,156,157,114,180,176,103,237,180,200,147,128,142
Sh3pxd2a,78,28,58,106,99,65,85,96,91,75,107,123,64,70,79,145,105,102,105,74,33,96,125,57,114,146,96,91,93,89,64,51,106,69,86,81,64,90,109,48,181,63,91,77,74,70
Sh3pxd2b,0,4,1,12,5,3,10,7,5,3,10,8,5,1,4,6,8,39,2,2,4,29,9,4,2,1,2,9,5,2,25,5,2,8,2,4,5,10,4,1,6,6,5,3,7,5
Sh3rf1,3,1,7,5,3,9,12,8,6,6,9,3,7,4,4,8,8,11,8,7,3,11,6,8,4,4,9,5,9,9,7,8,4,5,6,5,6,7,9,4,13,3,5,4,8,4
Sh3tc1,11,9,14,22,11,13,25,12,13,19,17,14,22,10,16,28,22,32,20,19,6,32,27,10,21,11,18,24,21,17,29,10,16,14,11,17,10,16,10,10,17,19,13,6,10,26
Sh3tc2,2,0,4,5,0,5,1,4,2,1,4,5,4,3,3,1,6,2,5,2,0,2,2,1,3,0,2,1,5,4,2,1,6,1,2,2,0,1,4,2,1,4,1,1,2,4
Sh3yl1,51,19,42,66,56,39,41,26,60,42,43,54,41,35,43,63,55,54,31,41,26,60,33,26,25,53,43,28,52,57,35,25,44,21,42,38,33,50,36,13,41,34,37,26,32,32
Shank2,6,6,6,13,2,5,6,4,3,18,12,9,11,3,8,5,5,9,6,6,2,7,8,5,4,6,8,6,11,7,4,6,5,4,5,3,6,11,11,2,6,6,6,5,3,3
Shank3,11,3,12,6,6,10,14,13,10,11,21,12,14,5,7,9,13,14,15,11,1,12,12,7,6,5,16,8,23,12,8,6,12,6,8,10,9,12,10,5,10,8,9,8,5,10
Sharpin,159,103,174,248,174,202,229,217,237,169,176,219,203,154,232,191,203,235,177,155,60,242,214,137,217,182,190,191,239,220,212,120,188,134,209,158,164,196,185,110,249,189,186,161,166,187
Shb,256,176,315,305,346,352,297,291,503,230,310,550,386,406,383,300,286,236,257,261,91,319,347,181,311,336,399,213,338,276,213,163,289,212,316,203,283,294,305,114,435,255,223,265,208,235
Shc1,84,34,72,97,90,101,95,82,125,76,102,145,66,83,89,128,83,124,81,87,31,131,114,78,77,101,87,104,125,97,78,62,79,54,90,60,68,79,92,52,137,77,91,53,57,67
Shc2,0,1,0,3,3,1,2,1,2,0,4,3,2,2,1,1,2,11,1,1,0,1,3,0,0,0,0,2,1,1,0,1,0,2,1,0,0,3,1,2,4,0,0,0,0,1
Shc4,1,0,2,3,0,1,0,2,1,0,0,1,1,0,1,2,1,6,1,1,2,3,0,0,0,0,0,0,1,1,0,0,0,1,1,0,1,0,2,0,1,0,2,0,0,0
She,4,1,4,5,11,4,4,8,12,5,6,10,8,12,7,8,10,5,3,2,5,7,4,7,3,14,8,6,3,9,7,3,7,5,6,9,4,14,7,2,9,3,3,2,7,8
Shf,36,21,25,65,25,28,53,46,31,31,49,41,35,23,38,64,44,42,42,33,4,32,45,25,38,27,34,42,51,31,29,29,25,37,34,33,27,41,36,35,41,38,48,25,35,42
Shfm1,552,276,491,930,653,685,835,663,851,692,859,764,778,517,735,920,900,847,750,552,395,1017,747,475,776,670,571,616,869,743,589,534,838,595,600,670,589,629,677,378,1029,604,718,550,561,510
Shisa4,2,0,0,7,2,0,1,5,0,0,0,2,4,0,1,0,2,1,3,3,0,0,2,1,1,2,1,1,0,0,0,0,2,3,0,0,0,1,2,1,1,2,1,2,0,2
Shisa5,111,61,156,198,184,130,205,199,237,142,227,194,190,163,213,149,185,210,149,140,52,243,196,132,208,135,146,128,226,215,354,101,163,152,147,151,136,162,157,109,244,173,167,135,159,155
Shkbp1,60,23,41,71,45,41,54,78,72,52,71,53,45,35,59,53,65,85,49,46,26,56,50,24,61,57,60,51,54,49,66,36,59,53,46,33,41,48,54,40,85,43,57,47,56,38
Shmt1,484,227,440,543,372,524,623,700,968,603,553,704,654,647,661,630,688,553,506,522,198,872,1043,679,687,633,477,585,1099,728,559,540,565,595,753,671,637,686,625,486,704,754,716,480,675,732
Shmt2,722,405,699,1172,617,785,1081,828,1141,846,1032,1123,900,759,941,921,1117,853,795,776,229,951,975,629,908,956,840,926,1329,1108,773,687,804,752,817,662,681,890,833,606,1312,937,873,654,800,806
Shoc2,9,11,10,19,5,11,19,7,14,12,16,16,20,14,21,25,15,10,12,7,4,18,19,7,5,14,13,14,12,23,7,13,12,2,12,6,6,12,8,6,4,12,7,7,12,16
Shpk,143,85,167,197,103,139,175,190,263,161,214,285,156,181,186,171,183,115,139,156,57,161,195,196,194,151,159,171,265,192,118,145,187,150,189,154,162,150,176,127,236,184,159,151,161,158
Shprh,9,7,12,25,8,12,13,14,9,10,16,14,8,16,17,14,14,17,11,12,3,24,10,11,11,12,5,11,19,19,6,5,13,8,9,15,11,9,12,13,11,10,16,4,9,14
Shroom1,124,85,145,185,115,96,178,137,178,171,164,214,164,197,175,120,148,101,113,122,43,146,185,136,168,151,125,120,183,164,75,110,130,128,120,134,133,133,124,90,208,156,128,121,134,138
Shroom2,3,6,8,15,11,9,5,4,9,10,9,10,12,4,13,7,11,8,12,12,2,13,9,8,7,6,5,6,5,13,0,4,6,1,3,11,13,10,9,3,9,5,3,5,9,3
Shroom3,37,12,23,30,55,26,34,37,51,33,40,63,30,20,19,65,61,67,39,29,17,65,51,24,37,60,44,44,42,38,50,35,44,32,24,30,23,47,20,25,76,18,22,29,19,30
Shtn1,42,31,54,75,50,54,66,50,63,45,74,74,47,45,41,54,51,93,43,46,20,90,55,40,60,37,49,36,48,71,72,34,51,46,57,43,27,51,50,31,67,50,64,44,35,38
Siae,73,37,67,99,74,89,75,80,98,71,89,84,65,39,78,65,73,108,66,62,33,121,65,49,72,65,72,58,94,76,45,55,56,40,42,41,44,62,54,27,67,48,47,32,46,31
Siah1a,15,14,26,45,26,25,23,25,40,30,43,41,37,38,15,40,36,43,27,22,12,68,21,19,25,28,19,23,27,27,23,15,22,19,18,19,24,24,16,12,24,14,16,20,15,14
Siah2,116,44,89,145,100,112,95,95,121,90,122,182,102,88,111,158,184,152,89,102,38,168,105,70,63,75,69,72,141,93,85,69,90,62,80,70,79,81,106,53,111,88,82,71,71,76
Sidt2,239,136,245,371,251,239,292,249,448,278,335,320,283,272,279,307,361,353,224,290,78,361,341,189,262,259,303,268,298,403,274,205,236,217,332,267,222,272,365,187,414,291,332,228,274,253
Sigirr,97,42,65,98,63,69,97,97,174,93,80,152,95,92,107,132,87,103,74,82,23,100,114,62,80,77,91,98,122,94,68,69,77,85,72,81,76,93,69,57,107,83,89,73,59,57
Siglec1,4,0,4,8,1,2,1,5,5,5,6,8,1,4,5,4,5,3,3,2,4,0,2,6,5,3,8,5,1,5,19,2,0,4,2,7,1,3,1,4,1,4,3,4,3,3
Siglece,13,4,9,11,15,10,13,15,14,9,13,10,4,2,15,6,8,6,3,5,3,11,9,6,13,8,15,6,11,10,20,8,1,7,4,9,5,1,14,7,5,14,6,8,5,9
Siglecg,0,0,1,3,0,2,3,1,2,0,4,0,1,1,2,1,3,0,1,0,1,7,1,1,1,0,2,2,3,2,3,4,1,2,0,1,0,1,0,2,0,0,0,0,1,0
Sigmar1,821,397,674,1104,783,834,1310,1306,1303,968,894,1193,986,819,1058,941,946,803,904,852,315,909,1581,1013,1288,1037,958,1187,1677,1290,875,961,1107,1160,1146,1671,1073,1273,1218,913,1491,1212,1289,990,1230,1023
Sik1,7,6,5,19,4,9,3,8,12,6,5,7,4,4,4,14,9,11,16,8,9,8,4,3,5,8,4,4,9,2,5,9,2,6,2,2,4,7,4,3,9,6,3,10,5,8
Sik2,13,5,10,17,5,14,6,12,16,9,9,12,10,10,11,11,9,17,13,12,2,25,8,2,12,4,11,8,13,11,5,6,10,8,13,6,8,4,13,7,11,15,9,11,3,13
Sik3,147,58,100,220,152,122,149,119,172,127,202,122,141,122,153,163,144,194,128,84,66,242,171,67,140,121,114,119,168,144,90,94,124,97,130,110,90,124,116,65,191,120,114,93,88,110
Sike1,0,4,2,4,3,4,5,6,4,5,1,6,5,1,3,4,3,5,0,2,3,1,1,4,2,3,4,2,4,4,4,2,6,3,4,1,5,4,6,4,4,4,7,3,1,6
Sil1,461,212,356,587,401,407,470,517,567,438,521,670,473,390,345,518,595,540,443,476,153,473,578,293,435,502,451,486,603,536,425,325,423,343,489,457,365,457,481,311,660,482,419,370,458,446
Simc1,26,11,16,46,16,16,28,21,16,11,24,19,16,15,23,22,31,15,15,15,3,30,28,9,14,16,14,29,26,19,8,16,20,5,7,12,16,22,15,8,24,15,20,11,16,17
Sin3a,43,22,52,60,22,32,28,25,63,32,48,49,29,33,49,42,40,45,37,30,4,53,37,25,39,22,30,38,36,28,18,19,23,25,49,28,25,34,31,16,41,33,33,20,27,49
Sin3b,258,165,254,446,208,290,333,261,367,329,400,365,330,267,323,425,393,395,280,267,129,523,355,211,311,289,234,295,384,347,311,188,304,240,271,260,261,271,322,194,395,304,290,236,316,265
Sipa1,62,40,62,96,50,51,97,90,87,65,72,74,74,49,62,90,91,82,74,49,23,79,99,41,68,62,70,63,82,72,111,43,47,51,62,53,53,67,65,23,77,52,49,46,35,55
Sipa1l1,9,5,6,10,8,10,2,6,9,6,13,8,7,8,19,8,12,3,10,4,6,8,13,5,7,12,4,15,11,10,8,4,11,4,7,4,3,10,6,5,9,9,10,7,2,9
Sipa1l2,11,15,13,17,17,16,26,20,17,10,18,19,23,18,17,19,18,26,19,15,6,31,23,12,18,18,16,16,21,20,23,10,27,14,19,16,12,22,19,7,22,13,17,20,15,19
Sipa1l3,30,8,33,21,29,27,26,23,29,19,37,17,12,25,18,38,35,28,27,25,6,20,27,21,23,18,28,24,20,20,25,12,14,16,27,17,21,35,23,13,37,22,25,24,17,12
Sirpa,83,52,78,175,95,64,121,166,117,64,155,160,87,38,101,120,103,172,94,66,32,168,101,72,92,60,117,67,98,109,281,56,54,117,50,65,61,73,75,51,74,83,104,59,54,79
Sirt1,2,2,2,8,0,3,1,1,2,3,3,2,3,3,5,2,1,1,4,2,0,4,4,4,1,2,2,3,2,3,3,0,1,0,2,3,1,3,1,0,2,2,3,2,1,4
Sirt2,352,197,333,558,297,406,401,369,461,392,496,544,447,372,449,483,472,496,397,295,148,578,370,263,405,385,370,395,471,396,336,316,395,280,337,360,289,317,379,225,519,387,344,283,314,333
Sirt3,534,289,555,909,329,627,702,541,558,487,755,556,633,638,634,805,791,501,602,500,199,685,727,449,566,616,467,621,859,674,415,435,649,470,686,654,498,580,717,359,830,573,656,508,611,527
Sirt4,26,10,21,30,22,20,39,25,13,32,32,39,12,19,22,33,40,33,28,20,6,35,43,18,25,24,27,34,32,22,21,11,24,23,30,32,18,28,17,15,27,24,29,12,34,20
Sirt5,46,33,60,95,70,52,109,70,80,59,68,69,69,67,79,53,96,131,72,63,32,95,125,83,87,87,46,67,98,78,75,62,83,70,76,83,65,80,90,61,96,105,83,70,80,72
Sirt6,10,6,6,21,2,3,12,14,8,6,7,15,7,7,8,12,11,10,10,6,1,9,10,8,11,6,10,6,3,4,3,7,10,12,6,6,7,7,3,1,4,4,9,6,7,12
Sirt7,245,118,240,339,201,259,295,288,290,281,290,364,286,228,281,236,303,195,273,227,91,309,276,199,264,266,219,295,352,269,229,187,247,188,215,180,204,221,238,161,381,246,232,189,195,244
Siva1,110,59,104,129,128,97,131,134,167,93,130,172,123,89,110,149,143,292,119,102,54,232,118,95,133,123,113,138,234,133,157,81,118,79,156,105,117,105,156,58,150,119,130,95,130,124
Six5,13,16,23,23,18,26,23,28,33,24,24,60,31,15,23,37,28,27,20,18,7,25,15,13,13,21,20,24,32,15,13,16,19,18,28,26,18,22,16,11,35,11,23,16,25,21
Ska2,4,2,2,3,4,2,5,5,2,1,3,3,0,1,4,3,2,7,4,2,0,3,3,0,4,2,2,3,0,1,2,0,0,2,2,3,4,0,0,1,2,3,4,0,3,2
Skap1,2,1,4,4,0,3,5,2,1,0,0,2,1,3,3,1,0,6,0,0,1,5,4,1,1,2,1,3,2,2,4,2,0,1,0,2,3,2,2,0,0,2,2,1,1,2
Skap2,80,23,69,81,88,83,75,63,116,48,80,104,73,47,67,75,80,107,67,65,26,112,78,44,49,79,59,47,79,82,76,42,48,43,67,43,41,53,57,31,81,56,70,34,39,53
Ski,63,31,58,69,54,60,66,55,72,62,73,72,54,52,64,69,76,67,60,49,17,75,70,38,52,62,65,51,63,52,47,45,50,37,53,39,32,55,48,22,40,35,47,38,35,35
Skil,11,4,7,25,15,7,15,16,34,12,14,21,15,5,12,13,16,18,15,6,5,14,15,8,12,11,16,11,8,7,14,8,13,6,8,8,13,12,12,12,15,10,11,4,5,11
Skiv2l,320,170,332,526,365,331,450,446,494,372,543,540,432,330,453,442,424,484,316,347,189,517,450,284,363,364,361,394,437,428,414,271,390,304,432,335,335,365,330,253,553,387,336,316,314,318
Skiv2l2,31,21,38,57,55,31,46,39,57,43,59,73,47,47,54,69,63,68,43,47,19,74,59,43,45,36,41,66,73,53,55,37,44,33,49,49,48,47,50,32,71,37,54,30,34,46
Skp1a,33,12,25,27,19,29,45,30,51,38,25,41,29,32,45,30,27,46,80,43,18,28,43,18,23,21,18,22,35,39,7,26,23,23,26,22,17,24,39,19,29,14,13,21,12,14
Skp2,7,8,8,9,9,7,20,8,11,8,6,27,4,13,14,13,7,10,9,14,1,14,19,3,9,8,5,8,11,7,6,4,5,6,6,9,15,7,10,7,8,4,5,5,7,9
Sla,4,4,5,7,12,4,8,7,3,3,5,4,6,1,4,5,5,4,0,7,5,14,2,1,5,5,5,4,4,6,19,2,4,2,3,1,5,3,1,1,3,6,3,1,3,1
Slain2,71,26,59,112,66,76,65,51,124,76,89,103,83,82,106,71,92,114,70,78,29,131,93,50,55,67,51,67,114,81,61,54,68,35,70,53,42,60,69,41,92,78,63,53,54,55
Slamf7,1,0,1,2,1,0,0,0,0,0,1,1,1,0,2,0,1,0,0,1,0,2,2,1,1,0,1,0,0,0,6,1,1,0,1,0,1,1,0,0,0,0,0,0,2,0
Slamf8,1,1,4,14,9,6,14,18,2,4,9,9,9,4,10,6,7,10,8,4,6,15,5,0,10,3,10,4,6,7,92,3,5,9,1,1,2,6,1,2,6,8,4,1,2,2
Slamf9,3,4,5,6,3,10,9,7,5,4,7,6,1,2,5,5,7,12,7,0,1,9,5,1,4,4,11,7,9,14,21,3,1,3,1,3,2,4,7,4,3,1,3,1,1,1
Slbp,3,1,1,3,3,1,5,2,2,1,1,4,3,1,5,2,3,3,1,4,4,1,5,1,4,3,3,6,0,6,5,2,2,1,5,2,2,1,2,1,1,3,3,1,0,4
Slc10a1,1096,648,1102,1947,1244,1374,1905,1209,2448,1660,1559,1903,1924,2193,2100,1583,1815,686,1530,1422,669,1572,2802,1481,1969,1850,1348,1935,2202,2413,616,1443,2141,755,1785,1912,1322,2020,2074,1187,2145,2070,2230,1370,1718,1974
Slc10a2,17,5,10,7,28,10,24,12,17,4,8,18,5,8,6,5,12,11,19,19,7,4,15,5,4,3,16,6,8,6,1,3,4,8,6,7,3,8,3,3,2,0,2,1,1,4
Slc10a3,13,12,19,20,17,16,29,23,26,16,21,35,22,20,22,20,18,59,21,23,7,30,27,9,17,12,22,24,22,26,34,13,19,21,17,17,19,17,21,17,27,18,25,25,15,21
Slc10a5,69,21,55,50,54,39,58,55,20,39,43,58,31,36,29,71,50,22,47,45,19,44,59,19,40,25,60,38,46,17,35,37,31,25,24,28,13,13,26,8,37,17,22,27,14,9
Slc10a7,8,9,9,18,17,17,15,12,28,16,20,21,14,12,16,14,19,29,12,11,12,22,22,13,17,12,13,23,20,12,16,13,15,15,21,11,6,26,21,7,27,11,10,11,7,13
Slc11a1,46,37,65,134,64,72,102,89,65,47,120,113,69,44,91,68,63,102,51,39,20,128,73,51,101,37,77,45,61,80,241,33,45,82,38,36,27,80,43,25,54,66,51,41,35,53
Slc11a2,115,76,116,160,219,153,134,131,408,143,210,364,132,113,144,215,200,205,166,145,65,200,199,86,130,146,192,173,153,145,194,91,184,121,117,100,97,112,176,85,258,149,106,117,114,102
Slc12a2,3,0,3,2,5,2,5,3,3,3,8,3,3,1,2,6,3,3,3,2,0,5,4,7,6,5,2,0,6,1,1,2,1,2,2,1,1,0,1,5,2,2,2,0,0,0
Slc12a4,75,29,71,93,51,64,87,38,95,79,74,93,46,58,67,92,100,107,80,64,18,98,72,32,49,49,60,68,58,56,56,29,52,29,45,44,45,67,59,28,70,55,58,37,45,47
Slc12a5,5,1,2,2,3,2,4,5,2,3,5,6,6,3,1,8,3,4,3,2,0,2,1,1,3,5,5,2,2,2,3,1,4,1,3,2,3,5,3,3,5,2,1,2,4,2
Slc12a6,6,2,8,10,6,7,11,7,5,13,7,13,7,3,5,4,3,15,10,3,5,5,9,9,11,8,6,12,13,8,6,7,13,0,4,3,2,3,5,7,6,4,5,9,8,6
Slc12a7,246,132,232,268,213,239,274,264,264,202,321,294,226,238,244,301,261,178,272,241,128,192,234,190,281,264,160,244,317,251,190,226,286,195,301,225,220,292,248,175,461,216,256,181,245,238
Slc12a8,4,1,3,6,0,0,3,2,4,1,3,4,3,1,1,3,2,1,2,0,1,0,1,1,0,2,1,1,3,2,3,3,1,1,1,2,2,4,1,1,2,0,1,1,0,3
Slc12a9,34,14,35,53,19,34,48,12,44,33,54,35,34,18,28,50,45,43,34,31,11,57,22,22,25,26,27,33,31,31,43,31,29,12,24,21,20,21,24,21,30,19,17,18,27,21
Slc13a2,7,3,4,7,6,6,9,11,13,9,3,4,11,16,5,7,5,2,7,4,3,16,25,8,20,24,19,8,26,13,3,2,9,5,11,8,15,10,14,7,11,7,6,1,6,14
Slc13a3,71,51,104,201,135,98,100,110,244,94,171,187,106,69,146,117,115,64,74,115,31,33,104,61,123,74,151,88,49,118,246,64,77,99,100,72,22,83,66,51,154,121,102,75,62,57
Slc13a4,3,1,2,0,6,9,9,5,4,2,6,3,3,1,3,6,3,1,8,4,2,0,9,1,2,4,3,2,3,7,7,5,10,2,7,2,1,2,4,2,9,9,3,1,1,2
Slc13a5,18,10,15,18,46,9,11,19,54,5,19,18,4,7,4,10,16,48,18,12,11,49,5,4,13,10,8,5,3,3,7,3,4,8,9,2,5,8,4,10,31,3,8,1,3,2
Slc14a1,2,1,0,4,2,0,1,1,2,0,3,2,1,2,2,0,6,0,2,1,0,4,0,0,0,0,0,2,2,3,2,0,0,1,0,0,1,1,0,0,0,0,0,0,0,0
Slc15a3,29,16,21,53,31,27,46,40,29,14,52,25,21,19,33,38,43,68,27,22,15,85,25,18,39,20,28,10,20,38,163,19,18,39,25,19,17,15,22,13,28,16,21,17,11,12
Slc15a4,84,38,112,162,87,80,105,82,146,106,97,85,95,108,110,163,117,127,97,83,48,138,110,50,92,95,96,86,166,94,89,65,92,83,134,94,90,79,116,64,162,111,100,83,91,108
Slc16a10,227,98,224,348,180,298,250,221,299,260,291,276,367,260,333,270,257,189,207,209,108,260,273,150,228,213,172,244,287,306,199,163,227,153,243,177,146,186,225,117,305,205,209,174,160,162
Slc16a11,109,78,116,154,112,129,178,139,134,136,117,78,147,126,157,132,146,73,108,120,41,50,187,142,124,171,105,196,134,210,79,114,161,130,155,126,72,173,146,73,178,124,152,142,149,113
Slc16a12,92,47,73,140,118,74,87,70,183,115,84,147,90,102,126,132,127,112,142,122,49,116,134,58,73,94,99,105,140,117,67,57,119,34,90,69,68,89,71,42,93,76,85,42,65,65
Slc16a13,16,5,15,10,3,7,9,3,5,11,7,7,10,7,18,14,11,7,15,11,3,3,6,11,8,11,4,22,4,15,14,23,13,14,9,13,6,19,13,11,18,8,5,9,9,6
Slc16a2,302,156,265,428,282,352,341,330,417,337,426,357,300,246,358,465,482,257,393,386,157,279,384,203,329,379,359,425,437,511,315,258,344,238,311,299,287,319,437,200,544,343,324,291,347,298
Slc16a3,1,2,1,3,4,0,3,1,3,2,7,1,2,1,1,1,7,0,1,1,0,4,1,4,2,0,2,3,5,6,37,0,1,3,1,1,0,4,2,2,1,0,2,1,0,0
Slc16a5,71,53,82,200,64,72,73,70,189,95,83,203,185,162,123,98,154,297,83,64,19,293,92,67,56,75,83,68,183,80,121,76,64,100,87,87,91,75,74,36,79,46,91,62,90,65
Slc16a6,14,18,16,18,22,19,28,15,22,7,17,44,19,9,14,9,8,19,9,16,9,8,14,7,15,18,31,4,9,9,27,11,20,8,7,6,9,21,12,7,17,10,16,14,8,10
Slc16a7,52,31,39,90,28,48,52,40,70,64,52,74,69,71,69,64,76,74,36,62,25,165,71,33,36,37,41,64,100,61,37,47,62,19,60,51,43,40,46,17,34,44,56,31,41,50
Slc16a9,1,1,0,5,4,1,6,3,2,1,3,4,2,1,2,3,2,1,1,1,0,3,5,1,1,2,0,2,1,2,4,2,3,1,1,1,1,2,1,1,1,4,1,0,1,1
Slc17a1,68,20,65,76,65,63,36,36,73,64,87,103,86,61,55,95,79,49,77,61,20,103,52,43,37,56,51,52,67,60,26,30,73,28,56,47,43,43,61,14,61,47,51,43,45,34
Slc17a2,523,204,386,526,323,445,432,273,600,495,565,561,302,467,527,639,666,250,635,434,181,514,371,212,306,399,324,471,404,425,183,261,394,123,369,265,249,376,338,183,374,304,317,185,225,289
Slc17a3,14,4,11,7,4,15,8,9,16,10,17,16,12,9,15,8,9,2,9,13,4,5,11,6,17,7,19,13,11,11,4,7,13,3,5,10,4,5,8,1,17,11,3,7,9,3
Slc17a4,129,55,109,167,108,86,204,138,156,87,102,93,124,158,113,126,164,118,111,114,47,121,143,134,82,147,74,137,164,154,79,124,127,96,117,151,99,137,152,97,140,132,139,134,111,155
Slc17a5,87,42,87,132,87,105,110,71,120,112,147,120,94,90,112,146,136,101,99,82,39,106,117,77,108,118,89,93,92,104,56,92,102,66,91,98,67,80,91,60,175,95,96,87,66,81
Slc17a8,75,31,27,94,22,38,107,78,35,89,57,51,52,83,85,97,207,23,125,63,17,62,181,43,40,54,37,71,85,69,11,47,58,74,55,69,83,93,97,62,60,88,86,34,76,91
Slc17a9,27,14,26,17,37,33,27,30,41,25,21,107,18,22,33,32,22,76,24,24,13,22,20,16,32,33,30,40,22,19,35,26,30,20,34,18,21,16,25,16,46,23,32,32,23,14
Slc18a1,8,1,5,16,9,10,5,9,12,8,12,6,13,6,6,10,11,18,12,9,2,14,10,10,8,9,8,13,13,9,5,13,11,10,13,12,4,7,5,7,12,9,7,10,7,3
Slc18b1,24,7,17,22,12,10,23,20,19,17,31,27,14,18,14,19,16,15,23,16,5,12,12,15,20,12,21,17,20,16,20,18,14,14,14,16,11,20,8,18,20,12,20,11,18,13
Slc19a1,31,25,42,66,46,33,54,33,51,27,59,53,85,58,48,59,63,119,47,24,16,168,48,36,32,37,24,44,33,35,31,25,49,31,54,42,24,33,41,18,74,31,33,30,46,35
Slc19a2,315,109,225,378,308,321,248,288,537,342,334,303,315,214,311,406,438,275,324,270,122,373,418,237,253,372,287,378,443,340,145,226,364,238,308,319,275,231,296,200,487,308,257,227,253,206
Slc1a2,323,171,273,598,252,389,270,257,516,399,463,452,407,411,479,506,491,90,240,266,145,216,336,168,355,289,373,359,395,437,283,181,250,162,348,141,124,250,322,148,451,366,262,185,245,241
Slc1a3,0,1,1,0,2,0,1,2,0,1,3,1,1,0,0,1,0,4,0,0,1,0,2,0,1,0,1,0,0,0,10,1,0,0,0,0,1,2,0,1,1,0,2,1,0,1
Slc1a4,12,8,11,27,48,9,13,26,39,26,16,38,20,16,22,26,31,72,14,14,20,29,17,16,20,24,30,24,28,23,52,20,32,34,21,18,26,20,18,15,28,26,24,21,16,10
Slc1a5,9,11,14,23,12,11,25,24,19,23,21,48,37,17,19,16,29,30,19,16,10,37,21,15,23,14,15,15,19,13,26,4,5,12,11,13,10,16,10,6,28,10,7,7,5,19
Slc20a1,90,46,70,124,79,92,86,81,101,62,93,247,77,80,68,67,94,245,45,62,28,302,88,44,61,61,61,69,91,86,59,59,51,33,49,40,45,49,51,49,61,47,60,43,59,55
Slc20a2,206,127,232,342,237,262,289,259,410,278,329,319,317,268,255,328,308,649,270,257,106,527,341,236,268,284,250,308,368,338,254,226,299,241,310,289,249,273,331,177,413,303,275,270,269,271
Slc22a1,1976,860,1757,2639,1624,1692,2271,2256,2034,1881,2574,1803,2061,1796,2453,3020,2835,1419,1881,2034,945,1150,2410,1341,1984,1985,1863,2280,2059,2579,2844,1560,2329,1780,2437,2041,1226,2022,2533,1186,3232,2346,2301,1760,1823,1630
Slc22a13b-ps,5,1,0,4,5,2,2,1,1,2,2,1,2,1,1,3,3,3,2,1,3,3,3,0,3,8,4,5,2,3,1,0,3,1,0,0,1,2,2,2,2,0,2,2,1,1
Slc22a15,6,6,4,14,13,21,7,10,17,10,9,18,12,9,11,7,16,11,8,8,3,14,23,9,11,12,17,16,19,12,14,20,16,5,16,11,15,15,13,3,13,8,12,9,18,14
Slc22a17,5,1,10,19,8,6,16,9,13,3,12,11,9,6,11,5,18,11,11,6,5,15,7,0,8,14,7,4,6,7,8,6,9,13,9,6,3,17,12,8,13,10,3,5,6,8
Slc22a18,433,243,472,711,399,521,532,545,746,525,643,672,644,554,558,560,570,718,475,492,171,864,671,467,639,637,454,567,911,616,706,379,579,487,548,526,435,559,607,368,718,578,491,391,459,449
Slc22a23,255,136,247,365,213,243,242,247,331,277,314,350,220,268,280,367,388,279,266,251,89,301,346,212,202,302,212,311,371,302,200,177,306,195,260,242,212,275,279,180,429,253,237,197,207,242
Slc22a26,5,0,7,1,6,3,1,3,14,1,0,8,1,8,1,1,2,2,2,6,4,2,0,2,1,0,3,0,7,6,0,0,1,0,0,0,0,2,0,0,1,0,0,1,0,0
Slc22a27,2,1,6,0,5,3,3,6,11,4,3,9,3,10,6,3,7,37,1,4,10,30,3,6,0,2,3,6,4,11,5,6,4,6,4,9,7,2,4,0,2,2,2,4,6,6
Slc22a28,5,1,3,3,1,9,9,3,0,4,5,4,0,2,2,6,5,0,10,4,4,0,6,0,6,2,3,4,2,8,1,4,1,2,1,0,3,5,3,1,1,3,0,4,0,2
Slc22a3,10,3,15,11,1,17,10,5,7,4,14,11,14,5,6,10,4,2,5,14,5,7,11,13,9,7,3,9,9,12,12,11,9,13,9,9,6,3,11,6,16,7,8,8,3,6
Slc22a30,145,54,156,209,114,178,181,145,117,179,211,174,105,106,178,192,161,35,264,162,65,58,153,86,161,135,119,143,147,169,84,103,163,67,146,94,104,115,123,72,153,137,92,105,95,90
Slc22a4,4,0,2,7,1,0,3,2,3,2,3,5,0,4,3,2,2,9,1,3,0,8,6,3,4,1,2,0,1,6,0,0,3,3,2,2,1,2,1,0,4,2,4,0,4,1
Slc22a5,26,17,25,70,11,45,20,20,16,15,50,24,33,38,29,49,59,38,30,21,19,45,24,11,22,23,9,34,29,26,28,25,16,14,21,23,15,16,32,9,40,22,24,15,14,14
Slc22a7,29,12,56,62,89,133,69,89,115,33,60,83,28,46,36,70,34,4,59,114,23,3,72,75,205,152,209,85,66,147,49,79,76,38,90,72,17,69,115,172,300,282,82,78,92,75
Slc23a1,122,78,149,183,246,199,300,244,367,116,133,191,230,135,192,122,104,116,129,208,81,96,375,224,297,227,137,231,351,274,231,183,187,168,210,260,183,221,236,173,385,231,262,213,200,155
Slc23a2,45,21,37,133,26,36,34,29,20,45,41,31,43,28,52,73,47,54,29,36,15,58,26,28,40,32,32,34,36,56,24,30,28,20,42,29,46,34,41,18,55,36,52,36,47,35
Slc24a3,4,0,2,2,3,3,4,3,3,2,3,2,3,1,1,0,4,51,4,1,0,9,1,1,6,4,2,2,1,3,1,0,2,1,0,2,4,0,2,1,2,4,1,0,0,4
Slc24a5,5,2,2,8,3,6,7,4,6,5,6,3,3,1,3,5,4,4,6,4,1,4,8,2,3,5,0,7,5,5,3,4,7,3,5,8,6,4,5,5,3,6,8,4,2,7
Slc25a1,1784,800,1403,2384,904,1331,2080,1970,1573,1627,1719,1852,1430,1491,1847,1721,1563,1212,1722,1531,400,1073,2219,1287,1611,1332,1511,1908,2198,1527,1378,1231,1571,1577,1741,1899,1395,1916,1776,1263,2086,1775,1708,1200,1561,1506
Slc25a10,47,19,44,57,22,32,32,37,36,36,55,28,30,49,61,70,69,37,69,42,22,24,55,36,30,36,18,51,52,51,52,40,44,51,52,49,46,46,35,37,44,50,45,59,34,36
Slc25a11,489,273,473,719,530,487,673,591,673,522,602,656,639,556,614,634,624,728,555,479,227,864,638,493,623,571,493,602,857,622,477,447,573,447,571,630,517,610,597,386,836,566,603,417,542,570
Slc25a12,44,20,45,69,80,57,70,57,111,64,84,83,65,63,52,56,89,88,41,53,37,114,92,42,70,66,54,59,76,78,63,32,58,31,56,46,60,54,52,35,98,59,57,45,54,32
Slc25a13,318,157,225,449,205,310,288,288,353,322,344,359,306,373,420,399,365,333,292,289,117,486,378,221,270,259,259,376,466,361,169,224,310,185,316,266,251,339,324,147,336,308,308,150,257,263
Slc25a14,6,2,6,10,7,8,8,9,11,13,9,5,13,6,7,11,12,9,10,6,5,21,9,6,6,10,10,12,7,14,8,3,10,3,6,3,6,2,3,6,10,10,7,3,5,8
Slc25a15,452,199,439,579,537,545,539,543,905,525,453,724,683,655,660,642,437,601,422,484,235,871,688,514,630,666,577,639,1077,764,422,417,492,328,596,538,540,570,592,389,922,762,558,409,443,520
Slc25a16,135,48,102,191,107,143,147,117,185,136,170,200,179,136,179,180,179,138,170,131,64,209,201,87,149,158,111,152,190,162,132,99,167,62,157,146,126,134,133,78,167,175,172,94,115,135
Slc25a17,215,87,201,345,293,184,357,312,331,247,278,315,327,256,376,294,273,252,212,251,138,260,431,237,376,354,292,373,418,453,442,197,335,197,312,350,308,320,380,208,493,370,350,250,317,292
Slc25a19,63,36,67,86,62,67,67,66,83,50,67,104,61,52,82,60,48,61,61,62,18,60,68,47,66,57,54,66,50,61,84,47,54,63,63,65,34,58,56,35,104,77,56,53,56,58
Slc25a20,347,183,349,576,227,415,379,342,357,379,520,374,443,422,563,630,651,500,388,378,146,486,471,282,358,360,320,441,516,418,370,352,456,313,487,502,322,381,490,243,530,436,430,284,338,333
Slc25a21,26,12,19,48,21,20,32,28,17,37,32,27,45,27,35,24,35,22,31,32,11,12,50,33,33,33,22,42,46,43,29,24,40,23,45,29,29,29,42,21,37,41,37,32,29,32
Slc25a22,650,359,548,1263,392,717,666,526,519,497,896,692,938,925,841,827,697,927,503,423,193,908,714,497,660,609,501,592,912,733,565,448,496,513,590,531,542,508,591,355,770,541,675,525,458,491
Slc25a23,1169,480,894,1355,1054,1223,1154,995,1763,1199,1393,1591,1180,915,1384,1266,1092,673,1002,1071,400,828,1357,803,1249,1394,1354,1096,1738,1432,608,1016,1274,931,1044,818,1009,1214,959,747,1688,1140,1073,904,1071,1029
Slc25a24,3,1,3,8,6,2,16,9,5,6,8,6,15,5,6,4,13,32,6,3,1,12,7,3,9,7,3,3,10,2,11,4,5,5,1,7,8,4,3,3,11,4,9,11,4,2
Slc25a25,269,149,227,711,204,476,252,224,499,200,319,438,285,268,237,881,609,835,442,226,180,487,436,272,334,627,205,732,510,240,284,471,310,360,416,629,306,282,708,268,1032,290,596,390,267,499
Slc25a26,19,17,24,43,23,28,33,41,41,33,44,42,35,29,54,31,42,53,32,24,12,46,45,20,40,30,31,41,44,35,49,26,43,37,53,42,32,40,47,25,48,30,37,23,34,32
Slc25a27,5,5,4,13,7,0,6,5,6,10,8,6,4,1,8,13,9,15,7,2,3,19,6,1,1,5,5,4,9,2,1,4,6,2,2,7,5,5,2,2,4,4,3,2,2,1
Slc25a28,143,60,91,170,73,111,128,64,124,91,131,132,120,105,146,172,151,136,101,114,25,169,103,58,84,120,106,112,126,111,88,72,112,91,115,77,70,114,96,68,146,114,95,62,89,91
Slc25a29,12,6,10,17,11,22,15,10,19,10,14,26,25,14,12,17,17,14,9,16,5,17,10,11,14,11,16,10,13,16,5,11,9,7,7,4,13,10,10,9,16,16,21,12,8,12
Slc25a3,1878,908,1609,2712,2282,1844,2377,2015,2459,1735,2403,2439,2428,1989,2195,2330,2463,2868,2114,1742,1031,4775,2424,1362,1998,2232,1652,2005,2640,2392,1994,1578,2337,1357,1819,1904,2060,1772,1718,1164,2635,1887,2185,1587,1578,1699
Slc25a32,7,4,3,13,4,9,11,5,5,14,9,7,11,10,4,9,8,14,7,6,3,18,9,4,10,8,4,9,11,14,6,9,6,0,7,6,14,4,3,5,8,5,8,7,5,8
Slc25a33,298,96,179,655,162,286,257,154,257,215,428,187,298,238,289,653,583,373,283,195,106,430,226,111,225,224,167,281,241,301,208,154,221,115,278,200,154,202,275,101,345,212,221,133,172,177
Slc25a34,20,6,11,45,10,25,13,9,15,14,25,9,21,15,29,23,19,28,8,10,3,24,19,16,20,14,8,18,30,19,8,11,12,20,14,16,9,17,12,6,26,16,15,7,12,9
Slc25a35,2,0,3,0,2,1,5,0,7,2,0,9,3,2,2,1,2,1,6,3,1,1,2,3,6,2,3,2,5,3,1,0,2,2,2,4,3,5,3,4,1,7,4,1,1,7
Slc25a37,45,20,40,56,47,44,60,58,73,50,57,74,41,39,51,43,41,32,55,26,20,41,68,31,60,43,51,54,64,54,39,32,47,19,53,41,34,38,46,27,50,48,47,42,30,41
Slc25a38,86,48,91,124,54,102,112,51,125,92,107,163,113,75,94,123,108,74,96,102,28,83,129,71,112,100,99,125,151,106,72,70,89,85,103,80,84,85,103,48,127,92,81,72,71,74
Slc25a39,2481,1269,2157,3622,2032,2325,2803,2568,3034,2462,3108,2911,2291,2261,2820,3158,3233,4623,2717,2295,865,4598,2838,1787,2556,2375,2143,2855,3534,2952,2377,2051,2318,2098,2505,2299,2151,2659,2237,1687,3284,2755,2515,1686,2355,2304
Slc25a4,25,25,36,77,52,47,71,72,42,43,52,44,43,28,43,46,54,94,48,24,27,84,53,28,51,46,39,52,61,53,75,27,37,29,40,38,37,54,37,20,59,40,40,31,28,43
Slc25a40,1,2,5,2,5,2,2,7,2,8,3,5,2,0,3,2,5,3,3,3,1,2,6,4,4,5,1,0,7,9,3,2,4,2,3,2,5,2,3,5,4,3,5,2,1,3
Slc25a42,369,163,345,720,183,402,361,330,317,292,617,290,315,351,444,618,464,355,379,265,98,339,343,226,388,339,269,341,412,439,275,283,358,248,379,359,223,321,378,229,524,340,404,245,284,285
Slc25a43,0,0,2,0,0,1,0,2,0,2,4,1,1,0,1,1,1,1,3,0,1,1,0,1,0,0,1,0,2,3,6,0,1,0,0,1,0,1,1,0,2,0,2,0,0,1
Slc25a44,144,87,156,150,124,98,211,206,219,154,160,230,165,164,153,164,153,124,155,169,41,121,332,192,159,149,183,216,202,168,121,117,167,150,140,194,135,156,143,146,242,178,180,130,151,152
Slc25a45,75,33,85,100,77,104,110,152,158,100,91,177,90,85,121,77,89,56,93,118,33,62,164,98,149,99,143,142,144,127,75,98,115,77,133,103,79,114,98,97,203,79,144,95,104,88
Slc25a46,0,0,2,9,3,3,3,2,2,2,0,1,1,5,1,5,5,2,1,2,0,5,5,0,3,2,3,2,5,3,0,1,1,1,2,0,2,3,1,1,6,2,5,0,1,1
Slc25a47,2459,795,1901,5545,1119,2693,2044,1695,2016,1468,3196,1020,2172,2867,2925,4066,4011,4410,1784,1333,632,3685,1798,1175,1873,1657,1509,1385,2192,2302,1667,1809,1509,1152,2369,2219,1433,1742,1960,1121,2735,2128,2476,1442,1427,1930
Slc25a48,2,1,0,0,2,0,2,6,0,1,1,3,6,4,1,4,2,2,0,3,1,8,1,1,2,0,0,2,5,2,3,0,3,2,1,2,2,1,2,0,2,1,2,1,2,2
Slc25a5,1846,1069,1816,3037,1729,1913,2803,2661,2974,2298,2399,3198,2660,2687,2887,2736,2802,4545,2241,2247,1016,4919,3537,2046,2452,2700,2063,3043,3501,3333,2730,2195,2555,1929,2705,3004,2454,2664,2606,1892,3500,3072,2875,2088,2464,2771
Slc25a51,110,47,99,172,128,157,124,92,174,90,146,99,110,100,139,132,119,127,87,120,50,145,125,96,121,160,112,117,150,143,103,75,92,76,106,115,104,118,124,85,170,97,129,122,88,94
Slc26a1,270,177,201,332,334,243,257,308,327,300,306,468,374,242,274,349,289,301,182,256,101,344,370,173,286,295,286,268,436,248,201,180,211,222,202,185,257,193,195,118,299,197,195,137,174,152
Slc26a10,14,4,8,2,8,8,12,18,8,6,14,11,14,8,15,22,27,8,11,18,8,10,14,13,20,11,13,20,4,13,9,5,17,13,13,16,2,15,10,7,24,12,10,11,15,19
Slc26a11,32,15,19,43,22,27,42,21,32,23,41,33,22,29,25,33,28,39,28,21,11,44,30,17,35,24,22,26,32,38,17,16,16,17,19,20,27,24,19,14,23,22,22,17,12,16
Slc26a2,9,1,2,4,6,4,3,9,6,3,11,23,6,6,5,10,7,8,3,10,3,6,9,2,4,4,5,10,10,1,12,7,4,2,3,3,6,3,3,2,6,7,8,4,3,5
Slc27a1,12,6,4,17,8,10,8,8,15,21,10,10,14,13,20,18,27,10,11,11,4,21,11,12,6,13,10,21,10,23,11,7,13,11,10,9,5,6,9,5,17,13,11,4,14,10
Slc27a2,2047,905,1991,2748,1340,2471,2135,1740,1562,2619,2759,2682,2169,1994,2593,3253,3357,2204,2760,2229,826,2547,2623,1261,1733,1556,1989,2339,2815,2523,1112,1518,2206,1288,2072,1729,1035,1880,2172,1195,2514,1866,1739,1232,1504,1613
Slc27a3,4,0,7,7,4,2,10,2,3,5,4,9,7,2,0,3,4,6,4,2,1,5,6,4,6,4,5,2,4,0,5,4,5,6,7,2,2,5,3,2,2,7,2,0,1,7
Slc27a4,4,6,6,7,6,8,11,5,9,9,13,12,14,8,7,11,6,8,8,6,2,5,12,7,12,6,8,8,6,9,4,10,14,8,7,14,3,7,8,11,14,10,8,5,6,8
Slc27a5,4250,2326,4769,6434,4822,5334,5064,4016,9179,4697,5963,6195,6143,5571,5860,6730,5711,2532,4144,4797,2091,4668,6239,4289,6055,6253,5825,5793,9122,7182,3178,3912,5760,4065,6580,5814,5240,4991,6207,3725,8519,6735,5938,4149,5546,5672
Slc28a2,6,0,4,8,5,1,6,2,2,4,11,7,3,4,3,3,6,5,2,2,2,6,4,2,5,3,0,4,3,3,15,5,7,7,2,1,4,3,2,4,2,1,5,3,2,2
Slc29a1,480,235,470,629,355,518,640,613,1100,798,526,873,640,652,779,696,577,318,547,492,145,429,661,579,681,714,647,676,956,726,320,384,469,549,459,536,372,619,676,429,936,596,604,434,545,589
Slc29a2,7,5,6,11,5,6,6,6,6,6,6,16,9,10,5,5,11,8,7,7,0,14,4,6,4,5,4,8,7,10,9,2,8,3,4,6,2,10,6,2,9,3,2,2,4,7
Slc29a3,27,17,30,39,39,22,40,51,37,24,44,67,34,28,38,34,46,45,44,28,16,40,31,20,31,24,21,33,40,37,53,30,22,26,38,31,30,41,27,17,52,14,35,30,23,27
Slc2a1,58,24,54,75,67,79,65,52,71,88,83,77,59,54,75,90,117,111,82,49,48,127,92,41,88,98,70,62,83,77,114,52,95,55,87,60,60,72,83,58,118,57,67,62,63,54
Slc2a2,629,351,648,1099,497,504,810,588,874,735,653,636,898,952,788,845,847,686,722,718,333,1010,1242,642,733,854,555,816,1044,1055,474,579,753,415,760,774,603,796,781,572,1183,971,873,595,733,847
Slc2a3,1,0,3,4,4,1,3,1,6,0,6,2,4,0,4,3,2,4,0,1,1,5,5,3,6,2,1,1,0,0,6,1,1,0,0,1,5,1,3,1,2,4,2,1,2,2
Slc2a4,1,5,7,10,9,2,32,22,7,4,2,3,16,7,2,2,4,2,2,3,2,6,61,31,6,3,4,5,21,8,3,5,6,20,11,20,9,10,3,11,10,4,15,5,13,14
Slc2a4rg-ps,41,11,29,39,18,21,40,31,13,38,39,55,42,28,37,25,26,30,32,23,6,25,32,23,40,34,28,31,36,30,27,26,37,32,21,34,28,23,30,27,32,27,24,20,31,32
Slc2a5,16,4,13,34,15,18,23,11,21,6,11,9,10,15,16,29,24,10,17,11,4,4,15,7,26,18,9,21,32,30,20,9,13,9,18,21,19,18,15,15,34,11,21,16,20,17
Slc2a6,5,1,1,10,10,3,4,3,2,1,5,5,2,1,7,1,7,4,3,1,0,3,2,2,1,1,7,5,4,4,49,2,1,8,2,2,3,4,2,1,1,5,2,0,2,1
Slc2a8,107,54,92,197,99,80,121,97,148,139,145,144,111,112,107,160,158,114,113,102,40,138,87,66,112,107,106,104,88,118,71,70,123,74,106,82,53,102,98,55,141,116,90,70,92,93
Slc2a9,99,36,88,117,71,74,100,97,122,82,109,99,75,68,109,128,143,126,128,91,31,158,103,67,104,81,88,79,137,133,90,62,115,63,81,101,72,76,101,67,131,92,79,79,84,70
Slc30a1,129,46,121,127,87,99,114,99,162,88,107,183,115,104,98,86,80,97,142,81,25,97,112,42,86,68,68,47,103,89,41,50,52,47,58,48,65,65,77,41,81,37,47,41,46,41
Slc30a10,79,46,91,83,70,79,62,91,119,58,51,82,59,111,91,74,62,11,44,67,22,35,128,73,80,90,83,89,84,110,43,74,107,39,100,90,74,79,75,54,115,92,97,53,75,72
Slc30a3,14,13,4,20,4,2,10,7,8,9,13,19,7,4,13,27,22,15,3,5,5,15,6,0,3,4,9,8,5,3,1,2,2,3,0,2,1,5,6,3,9,3,4,2,2,4
Slc30a5,85,37,67,103,83,66,75,65,118,72,105,169,77,73,74,82,87,96,68,65,40,98,93,65,78,61,78,91,78,97,68,59,53,37,67,64,57,58,57,40,94,54,63,52,41,68
Slc30a6,43,30,55,86,69,52,69,50,123,66,61,87,74,58,61,71,61,97,65,60,20,74,66,40,67,64,74,63,85,73,40,46,55,35,66,49,55,59,59,35,97,46,64,37,41,40
Slc30a7,21,11,30,37,26,23,30,24,29,27,33,50,24,23,33,46,21,35,24,35,9,28,25,21,25,26,37,29,29,27,25,28,32,26,26,22,22,32,22,18,45,33,18,14,28,33
Slc30a9,253,143,200,381,321,226,315,301,308,255,335,356,304,249,284,293,288,344,259,231,114,422,358,230,298,234,250,262,270,305,231,225,310,202,250,268,224,229,277,176,459,280,261,212,232,224
Slc31a1,308,154,336,375,247,283,344,291,413,334,431,428,264,292,390,394,402,213,329,366,106,246,429,221,359,248,326,355,384,374,301,276,351,240,355,327,233,364,407,206,516,338,332,234,323,272
Slc31a2,29,11,13,37,21,33,20,40,43,23,29,46,23,17,34,23,31,37,31,24,8,40,33,20,25,25,18,34,34,26,45,25,19,18,25,36,19,30,20,12,28,20,27,16,24,26
Slc33a1,99,50,76,139,112,125,139,124,149,135,132,180,123,93,165,121,132,142,133,141,42,127,178,89,123,139,108,138,139,171,89,105,139,39,144,115,95,134,102,67,140,114,126,83,85,118
Slc34a2,0,4,2,4,4,0,2,3,0,1,1,5,2,1,1,2,2,0,1,1,1,0,6,1,1,0,2,1,1,0,7,2,1,5,2,1,1,2,0,0,3,2,2,1,1,3
Slc35a1,53,30,36,67,49,44,55,62,91,71,62,76,46,54,61,57,51,58,65,42,22,76,59,38,43,62,50,70,64,72,36,42,53,24,67,44,43,56,51,33,64,51,55,42,42,50
Slc35a2,31,30,44,49,35,38,53,54,69,38,61,63,51,36,46,49,41,48,42,33,16,45,49,27,41,30,44,30,64,49,40,38,40,16,29,33,30,45,46,18,42,31,28,22,36,35
Slc35a3,5,2,4,6,8,1,3,2,4,7,5,9,5,6,6,5,8,7,3,6,4,8,3,8,2,2,6,7,3,7,6,2,3,1,1,6,4,3,5,2,1,1,4,1,10,4
Slc35a4,67,40,35,91,41,50,67,60,76,56,88,114,63,59,59,59,41,79,41,48,15,68,73,53,50,50,49,45,65,78,83,54,52,54,41,53,50,50,58,46,75,67,59,50,69,65
Slc35b1,242,124,252,286,220,329,303,237,419,285,330,606,266,221,344,202,235,402,226,329,104,255,401,185,337,249,268,385,264,389,262,229,248,147,314,227,284,318,284,178,397,268,268,210,262,225
Slc35b2,183,76,209,339,149,181,225,203,257,209,255,253,216,197,244,290,243,245,216,214,60,182,203,139,224,167,214,196,299,243,177,151,175,174,224,173,149,161,199,135,263,240,205,187,179,199
Slc35b3,23,15,21,41,24,22,27,23,40,19,29,42,35,26,29,31,34,27,19,18,7,44,34,16,27,21,19,16,41,24,20,16,18,11,23,25,23,20,20,10,29,25,28,10,15,18
Slc35b4,36,18,22,52,32,38,46,42,80,54,47,71,45,53,54,46,48,44,44,36,18,45,60,34,29,49,33,42,65,53,36,37,60,24,49,51,34,43,49,21,56,38,37,15,32,27
Slc35c1,61,36,74,74,52,63,68,67,150,69,85,186,61,93,75,97,70,85,56,53,18,87,68,54,62,82,78,73,85,76,27,62,38,41,77,64,39,58,52,52,81,80,90,47,75,70
Slc35c2,137,85,122,201,97,115,172,141,203,143,196,198,146,95,149,220,170,258,143,127,47,225,140,90,172,161,155,146,168,178,137,84,108,116,124,112,123,143,168,93,209,149,132,87,151,122
Slc35d1,202,67,82,71,108,124,110,84,43,71,110,70,47,36,61,199,125,186,131,82,29,132,74,43,58,61,102,56,55,58,159,51,58,41,54,60,28,70,65,33,54,34,58,42,38,24
Slc35d2,104,62,147,158,179,148,148,150,148,127,153,165,132,149,153,163,186,215,148,146,67,220,172,123,154,153,124,155,248,228,145,99,167,92,184,144,163,125,144,88,204,180,158,111,131,144
Slc35e1,17,8,13,15,17,16,22,19,31,20,19,34,17,12,19,21,6,26,15,18,5,26,22,16,23,19,26,15,29,11,13,8,21,10,14,20,18,15,13,10,19,17,9,13,12,13
Slc35e2,71,29,52,128,59,72,76,42,114,108,93,66,63,83,70,130,104,52,67,60,29,57,71,46,73,85,61,97,105,107,56,47,71,40,87,68,47,73,80,52,103,74,68,50,67,78
Slc35e3,60,26,49,57,51,48,54,45,51,37,72,57,45,47,42,82,51,42,47,43,18,44,69,39,34,54,38,57,48,41,56,45,54,32,71,54,32,44,55,36,90,54,51,48,37,45
Slc35f2,3,1,3,8,2,1,3,3,0,2,4,5,1,2,6,5,3,14,5,0,1,10,4,0,8,6,3,1,0,3,4,3,5,2,5,11,2,7,2,3,10,3,3,2,1,2
Slc35f5,128,42,121,175,140,127,148,117,218,118,167,163,126,101,106,158,182,209,151,124,49,191,149,74,109,115,88,124,157,162,114,78,97,70,122,106,114,112,121,85,137,117,101,93,89,101
Slc35f6,31,14,18,38,27,22,35,31,35,22,36,50,26,32,35,32,24,51,29,18,15,51,30,18,31,17,29,32,18,23,32,20,21,24,22,20,21,30,23,16,28,34,26,12,22,19
Slc35g1,59,44,57,109,53,55,70,39,67,58,63,65,107,93,76,72,84,116,73,49,22,206,93,48,56,67,40,56,43,52,36,34,64,36,61,71,42,51,85,27,104,58,51,54,43,73
Slc36a1,41,40,69,68,91,84,76,75,128,60,88,138,65,60,84,77,75,86,66,79,32,91,80,51,71,84,73,77,86,69,56,39,80,43,66,59,61,56,81,42,142,58,58,66,77,59
Slc37a1,11,5,15,19,48,29,21,12,79,4,30,56,9,4,9,23,24,20,10,21,5,23,7,8,26,16,33,12,16,20,26,3,9,6,10,6,6,8,9,4,12,9,14,7,9,6
Slc37a3,47,21,56,67,60,45,55,52,68,37,56,63,33,32,42,52,63,79,45,32,22,73,37,27,45,47,42,34,48,41,35,37,28,23,42,43,34,37,29,24,55,38,36,26,32,35
Slc37a4,582,416,806,938,546,624,996,681,1371,806,795,1306,1250,1301,1016,987,895,788,566,739,256,1124,1181,795,1025,802,701,917,954,882,574,564,669,599,815,720,453,771,785,670,1173,999,826,521,732,805
Slc38a1,3,2,3,3,2,1,7,2,6,0,4,5,2,0,2,3,4,7,0,2,1,3,3,1,5,3,2,0,1,4,9,0,0,1,1,0,1,2,0,1,3,1,0,1,0,2
Slc38a10,303,173,282,483,247,299,345,415,434,314,453,531,299,264,345,406,389,662,315,378,128,472,382,260,363,351,337,352,350,346,388,252,372,245,357,308,204,325,325,233,462,356,324,295,315,340
Slc38a2,265,147,250,711,298,269,276,226,556,305,419,309,285,287,281,510,579,444,373,203,139,540,240,179,197,279,264,342,289,290,176,205,229,184,251,244,273,266,264,156,466,303,315,210,225,310
Slc38a3,5341,2773,6947,9564,5581,6416,8992,7601,9468,5371,6906,7650,6338,5977,6767,6786,5441,4036,5734,5965,1778,6034,9201,6266,7641,6093,7650,7025,13031,8528,4133,4399,6284,5767,7000,7285,6872,6687,8097,4895,9462,7836,7879,5473,6710,6607
Slc38a4,206,99,245,478,265,308,303,317,395,319,339,232,399,340,391,346,262,354,264,254,93,587,381,213,322,310,250,334,684,424,163,246,282,105,367,321,350,252,264,192,351,368,389,268,259,305
Slc38a6,31,21,22,33,37,34,36,51,31,43,45,40,44,28,40,24,32,41,36,28,11,43,36,32,42,35,23,42,45,47,31,25,37,21,33,46,28,35,32,18,41,23,41,32,27,35
Slc38a7,76,33,68,108,58,66,88,76,90,79,82,108,97,56,80,100,102,103,77,75,24,120,71,55,45,65,82,73,96,82,59,41,91,77,56,71,46,49,65,38,107,88,67,54,68,64
Slc38a9,10,5,5,6,7,4,8,7,8,4,11,7,3,6,8,10,15,8,3,6,1,7,6,2,10,6,7,7,6,3,2,2,7,2,1,5,4,2,2,3,5,3,5,5,9,4
Slc39a1,330,140,364,368,313,347,320,280,497,340,471,498,298,310,366,445,383,483,323,392,88,309,357,209,340,266,395,345,405,340,324,225,290,222,318,320,184,315,346,272,417,367,307,202,295,279
Slc39a11,61,25,57,111,60,72,114,106,137,91,101,110,76,67,93,74,96,174,88,88,38,127,118,67,118,104,84,128,120,120,99,66,96,69,104,68,71,112,90,64,149,123,105,62,78,92
Slc39a13,75,27,47,84,56,45,60,64,71,79,62,99,50,33,58,89,75,107,59,53,20,79,52,49,77,65,64,38,49,62,73,38,61,60,34,57,47,51,52,39,74,60,45,40,48,41
Slc39a14,346,198,422,504,458,454,314,245,1147,341,551,817,437,438,431,441,404,338,261,367,115,336,353,218,300,273,525,323,454,376,225,218,345,234,439,281,247,257,308,178,429,267,340,265,323,292
Slc39a2,2,3,1,1,1,3,0,0,2,1,1,6,1,1,3,1,2,0,1,0,0,1,1,3,1,3,2,3,4,1,0,1,4,0,2,1,0,1,0,0,2,2,2,0,3,2
Slc39a3,9,5,7,26,8,10,19,12,20,8,30,26,15,14,27,13,15,22,13,11,3,13,6,11,13,8,9,22,18,10,12,10,9,9,16,7,11,19,16,7,10,7,11,8,14,14
Slc39a4,620,316,419,1015,1009,462,804,1016,644,683,738,957,602,517,799,952,1015,1260,749,542,283,995,787,386,594,721,566,783,694,645,787,368,675,427,600,434,488,747,750,403,891,648,568,601,654,695
Slc39a5,14,7,14,25,5,18,21,21,8,16,33,6,19,19,33,41,35,22,21,12,14,26,17,12,7,9,1,19,21,18,25,31,33,47,41,53,24,20,23,8,24,14,29,21,24,21
Slc39a6,3,5,6,6,5,3,6,1,5,7,6,10,9,3,4,9,10,13,6,4,1,11,6,0,0,5,3,4,4,7,9,2,7,3,7,5,6,6,3,6,4,6,6,1,0,8
Slc39a7,283,138,265,343,233,313,277,302,390,251,347,442,279,291,306,409,357,597,224,299,104,479,316,231,240,304,263,312,300,268,290,199,254,189,351,225,192,277,301,200,458,254,238,209,222,254
Slc39a8,81,35,67,109,69,58,66,82,121,84,75,119,81,83,104,95,91,86,73,72,31,87,84,48,70,69,65,68,114,130,58,48,73,36,78,86,61,76,90,36,91,81,73,54,64,83
Slc39a9,77,34,62,84,62,57,83,72,77,75,71,115,72,81,89,85,96,161,104,75,25,78,77,51,62,62,58,71,91,60,75,68,61,47,63,56,43,67,67,32,82,68,55,24,57,44
Slc3a1,145,97,346,199,442,276,214,213,1206,187,342,889,213,253,222,216,132,127,174,282,68,177,372,214,366,211,430,191,220,251,157,84,160,149,240,172,186,175,168,164,467,311,202,142,141,136
Slc3a2,214,97,195,329,147,238,264,274,267,239,231,340,258,236,288,351,343,599,247,210,72,499,174,131,193,201,207,250,272,268,191,146,198,212,230,105,195,185,156,134,255,215,179,158,169,221
Slc40a1,100,54,120,187,90,83,144,97,119,115,148,163,148,138,157,129,145,145,126,85,52,277,171,81,126,109,85,100,129,99,121,67,75,35,89,78,93,101,87,30,58,74,121,59,60,90
Slc41a1,24,19,31,60,35,28,37,34,56,19,56,40,29,25,34,29,27,37,24,20,10,32,43,19,43,23,35,28,31,41,28,13,19,17,31,22,16,30,18,15,48,26,27,21,35,22
Slc41a2,80,21,90,81,205,131,65,90,290,96,144,225,87,50,105,75,67,48,57,135,37,53,104,47,99,92,150,110,118,129,92,54,93,36,103,65,57,53,73,45,129,90,96,56,54,52
Slc41a3,9,4,9,12,19,5,4,9,24,9,19,13,12,11,14,4,10,99,6,3,9,70,6,7,14,5,7,6,10,3,8,5,6,4,7,7,8,4,3,3,7,9,5,9,8,6
Slc43a1,9,5,15,32,39,24,38,32,53,22,20,40,37,27,17,17,9,21,10,16,7,24,30,28,39,23,36,30,58,47,9,7,18,13,22,19,25,24,29,12,37,19,32,22,15,22
Slc43a2,21,8,25,27,20,15,41,31,31,26,35,30,37,28,31,28,28,42,22,23,10,43,25,10,21,34,17,33,33,35,36,13,17,21,21,16,19,29,13,9,23,19,23,16,21,28
Slc43a3,63,36,61,100,59,69,103,77,57,64,92,83,118,69,73,77,101,176,62,58,26,178,98,45,58,72,42,74,81,71,81,54,58,58,46,41,63,56,64,36,71,45,60,40,50,55
Slc44a1,25,22,35,40,18,29,36,31,67,34,28,50,50,36,36,31,28,43,27,32,17,44,66,46,58,39,39,38,72,49,32,36,44,28,42,52,50,39,44,33,49,49,41,37,35,42
Slc44a2,23,11,19,27,15,22,30,16,17,29,33,16,23,13,28,28,25,25,19,30,8,22,24,8,27,11,22,20,28,30,26,16,23,16,16,18,16,16,20,15,29,18,23,12,14,17
Slc44a3,18,4,5,23,13,6,26,16,26,11,23,19,17,14,13,15,18,22,13,11,11,7,27,11,17,20,18,22,27,19,13,17,20,21,21,22,12,14,29,8,35,18,24,20,10,11
Slc44a4,1,1,5,7,6,8,6,4,10,4,6,3,4,3,2,3,10,3,4,2,1,2,5,2,1,6,4,2,2,6,1,0,4,4,2,3,0,4,2,1,4,3,1,1,0,1
Slc45a3,105,63,91,128,116,104,106,119,238,113,103,160,149,192,104,183,166,172,110,96,43,146,129,99,118,154,118,112,125,106,102,102,141,99,89,126,67,104,129,83,197,106,131,112,97,98
Slc45a4,17,10,23,38,22,22,44,36,32,17,42,37,34,32,19,39,34,33,24,22,8,52,34,23,36,27,29,40,30,32,51,21,29,34,29,34,18,33,40,19,49,27,26,30,32,23
Slc46a1,176,89,156,224,145,222,217,199,313,205,222,220,202,201,237,265,232,129,166,200,68,132,208,154,239,194,202,233,271,223,141,149,191,95,242,192,168,213,223,129,264,234,194,141,175,164
Slc46a3,203,72,215,285,275,265,207,225,374,216,253,337,215,204,189,283,225,122,215,255,101,144,316,205,393,351,314,285,353,355,178,179,237,163,275,227,189,238,328,175,520,308,234,225,194,195
Slc47a1,239,77,199,234,218,289,312,263,331,233,274,332,227,227,314,198,224,291,325,234,129,341,382,164,248,254,214,247,428,311,111,192,285,162,176,186,129,263,272,173,334,187,195,148,176,188
Slc48a1,254,140,215,420,201,215,282,273,313,252,306,285,228,198,308,317,425,1096,243,246,84,758,273,159,219,239,234,292,319,320,622,182,251,230,297,251,217,288,246,159,339,258,244,199,223,228
Slc4a1,5,0,0,4,1,7,3,2,13,3,2,9,3,5,7,5,2,0,0,5,3,0,4,1,11,10,10,7,13,12,0,3,2,4,2,4,3,2,8,6,6,0,6,3,0,0
Slc4a1ap,45,26,35,56,35,37,57,50,47,42,61,69,49,42,47,42,38,54,32,32,19,49,41,31,38,41,31,36,48,36,30,26,43,33,27,28,35,37,31,20,50,24,36,25,30,41
Slc4a2,78,30,37,88,59,50,82,68,52,59,86,91,64,58,67,84,74,68,78,52,19,74,74,35,43,67,80,73,75,59,57,38,90,65,56,63,40,72,44,36,90,68,51,42,64,53
Slc4a3,1,0,1,6,3,3,4,2,3,1,4,2,4,1,0,5,3,3,6,0,1,1,1,0,1,7,0,4,1,1,3,3,2,3,1,2,0,5,2,0,6,2,3,1,2,0
Slc4a4,91,48,129,192,66,101,95,85,133,62,128,93,106,103,152,154,178,177,104,86,36,209,92,51,57,69,56,113,115,142,102,66,96,39,95,67,62,75,75,44,100,50,90,66,57,72
Slc4a9,3,1,3,5,0,0,2,1,4,3,3,0,2,2,2,1,4,4,1,0,2,58,0,0,0,4,2,0,9,0,1,0,0,2,0,0,2,1,1,1,0,0,0,0,1,4
Slc50a1,64,29,43,106,43,38,85,82,72,64,73,114,85,60,74,88,77,194,71,42,18,172,84,46,53,73,69,64,81,92,96,39,62,55,55,63,42,76,76,39,90,54,61,51,53,62
Slc51b,7,6,4,18,23,0,11,18,21,2,8,24,5,3,4,2,1,116,4,3,3,106,4,10,9,10,7,7,8,4,20,9,4,5,4,7,9,8,6,7,5,4,7,7,1,5
Slc52a2,55,28,43,66,41,43,51,42,39,45,66,78,48,49,48,70,68,88,49,46,11,82,41,29,43,55,28,57,45,58,60,36,41,42,49,48,30,38,41,33,49,42,47,37,34,25
Slc52a3,5,2,3,3,1,4,3,7,2,4,5,4,5,3,2,3,5,4,3,1,1,5,4,1,6,3,2,4,1,4,0,3,4,1,5,3,3,5,2,2,3,1,0,3,1,0
Slc5a1,9,8,5,10,12,7,9,10,14,10,16,12,16,6,4,6,9,6,9,9,5,11,6,4,3,15,3,9,4,5,7,6,9,7,2,5,3,9,6,4,12,2,7,6,6,10
Slc5a3,8,3,7,6,10,5,3,4,7,9,7,18,4,6,6,10,4,6,15,7,3,11,9,3,5,8,5,6,8,5,3,4,9,3,6,8,1,5,3,3,13,5,5,3,3,12
Slc5a6,33,19,34,72,19,36,53,24,35,21,41,40,39,45,51,51,40,52,33,35,7,57,55,30,22,44,23,49,46,63,34,37,33,28,37,29,22,38,36,25,52,35,45,26,47,37
Slc6a12,273,150,299,357,221,267,371,306,497,307,312,316,322,304,350,304,373,246,290,312,98,382,397,306,427,364,273,349,708,387,229,250,307,265,322,309,293,363,318,227,436,340,418,297,354,356
Slc6a13,742,414,678,1459,571,641,875,873,1376,980,1107,1504,1034,1053,1018,965,1198,1079,842,772,227,1210,862,633,764,1012,718,934,1052,876,694,780,942,713,899,818,780,831,879,466,1141,934,739,653,806,841
Slc6a4,0,0,1,2,0,2,1,2,1,1,6,3,3,1,0,3,5,2,0,0,2,4,2,3,4,0,5,2,0,0,1,0,1,0,4,1,0,1,1,0,3,0,5,2,1,0
Slc6a6,379,245,330,559,394,270,439,384,495,386,344,461,416,318,327,515,417,642,352,377,165,663,401,237,305,366,335,346,496,332,291,210,309,203,318,334,321,305,264,194,396,342,363,250,313,302
Slc6a8,51,23,38,107,48,25,46,49,77,46,66,65,47,42,40,87,69,128,52,43,24,119,48,19,37,35,47,42,43,40,43,25,23,39,18,23,17,29,33,21,57,36,29,21,27,40
Slc6a9,280,137,197,406,155,189,270,256,319,236,429,324,202,238,296,508,569,597,319,199,94,375,273,185,180,218,196,303,163,251,366,249,297,187,253,300,145,288,247,169,364,262,225,194,186,176
Slc7a1,4,1,0,5,1,0,7,1,0,0,3,3,3,1,2,3,7,14,1,2,0,9,3,3,0,0,1,7,7,5,5,1,2,2,1,3,6,2,1,3,3,0,4,0,0,5
Slc7a2,553,175,383,1018,289,528,541,432,796,522,714,320,760,592,673,908,536,989,485,296,121,1733,619,311,741,564,523,587,1599,643,281,334,391,420,616,507,737,454,503,281,828,446,527,397,488,586
Slc7a4,4,3,6,2,4,2,5,4,6,3,1,1,6,2,4,4,3,12,2,3,0,6,12,3,2,2,3,5,5,3,5,1,4,1,5,2,2,4,7,2,4,2,5,5,3,5
Slc7a5,8,2,5,10,4,0,7,8,2,6,13,14,3,6,6,10,7,8,10,3,0,7,6,2,4,3,7,1,8,9,2,3,3,4,6,4,3,4,3,1,4,3,7,0,1,3
Slc7a6os,54,23,49,87,74,58,68,44,64,44,68,78,80,42,62,86,79,71,50,50,22,64,48,45,68,63,59,50,93,69,48,41,58,34,61,47,65,48,67,30,75,47,51,36,61,54
Slc7a7,41,17,23,60,36,20,31,29,34,33,52,48,30,13,25,50,55,49,32,23,13,30,28,14,38,29,25,20,15,28,44,9,23,28,14,13,24,18,21,12,39,26,23,15,15,27
Slc7a8,14,11,12,25,22,20,20,30,11,14,38,20,16,5,17,22,22,39,18,7,7,36,17,8,14,5,22,12,13,22,51,4,8,17,11,13,9,11,15,7,7,19,15,13,6,12
Slc8b1,98,35,79,213,77,82,114,57,181,85,142,56,73,73,111,220,181,168,83,42,16,281,76,37,102,81,73,78,129,90,73,45,43,48,60,45,55,80,53,36,111,60,78,45,38,77
Slc9a1,38,25,34,70,40,45,55,46,64,43,51,60,63,32,46,73,52,60,48,39,9,44,57,40,45,57,43,41,53,44,43,28,50,33,45,38,35,35,50,27,69,40,41,38,48,38
Slc9a3r1,1147,558,1172,1580,1029,1188,1054,1120,1852,1219,1297,1708,1212,1011,1279,1508,1117,749,1246,1154,382,847,1169,856,1289,1116,1437,1356,1605,1288,969,936,1200,1066,1384,1025,974,1093,1286,815,1735,1377,1201,870,1173,1070
Slc9a3r2,74,41,56,90,44,53,71,72,55,82,79,95,79,54,77,101,105,37,89,63,14,71,108,38,62,76,66,64,85,74,29,46,67,61,66,50,53,66,64,38,73,67,57,30,54,79
Slc9a5,1,2,1,3,2,1,6,2,1,3,3,1,0,1,1,1,1,1,2,0,0,1,2,2,1,5,0,1,1,2,6,2,0,3,1,1,4,3,2,1,1,0,1,0,2,2
Slc9a6,12,6,9,9,4,10,17,9,11,9,17,19,9,4,12,7,11,14,14,9,7,10,13,8,8,11,4,13,6,10,16,11,10,1,7,8,6,10,8,5,9,13,14,3,6,8
Slc9a8,103,47,71,151,81,84,125,98,100,85,145,91,85,68,107,104,123,167,86,94,27,167,89,51,81,85,91,95,129,119,93,63,77,95,62,65,64,89,75,50,111,90,106,60,75,82
Slc9a9,5,3,6,13,5,8,10,7,5,8,9,6,16,12,18,11,20,3,7,8,6,16,10,10,11,12,6,9,13,17,10,1,12,4,8,7,10,10,9,6,7,11,10,4,6,11
SlcUbl4a,111,67,112,167,98,122,168,169,163,126,134,178,172,150,128,138,180,360,125,140,47,273,170,96,128,128,108,141,174,147,150,95,141,98,161,117,123,153,174,114,171,133,161,134,146,126
Slco1a1,869,257,440,1201,449,852,1200,939,213,1146,1038,728,637,581,1116,1553,1410,34,1253,730,298,25,1388,443,1203,1180,936,1105,807,1373,236,608,1282,407,976,723,828,1242,1493,646,1819,1202,865,602,813,836
Slco1a4,2,3,3,3,2,1,3,1,7,5,0,7,4,7,2,3,3,11,2,2,1,29,0,1,1,4,1,3,7,0,0,2,2,2,2,1,3,2,0,0,1,2,3,2,1,3
Slco1b2,93,47,101,113,58,149,119,67,89,95,119,101,102,107,136,124,111,42,132,95,37,55,166,67,121,103,65,105,120,135,37,70,125,51,102,69,59,96,105,56,101,100,80,56,71,64
Slco2a1,179,88,117,276,175,189,167,151,297,242,206,361,190,207,217,190,241,241,231,184,75,368,228,115,234,203,225,211,297,198,169,114,160,96,186,134,247,214,215,105,313,135,141,166,157,198
Slco2b1,404,194,450,665,342,443,579,556,863,476,515,720,597,587,624,521,510,370,402,398,156,425,793,549,726,583,476,637,837,642,391,463,511,390,598,647,522,582,612,391,890,640,733,397,508,567
Slco3a1,23,13,20,48,32,25,34,34,23,23,31,31,32,11,14,37,31,24,28,16,6,17,23,16,20,24,22,18,21,21,50,14,23,23,20,20,15,21,15,11,27,11,21,11,4,16
Slco4a1,1,0,1,0,1,1,1,2,0,0,3,0,1,1,3,0,0,1,0,0,0,7,0,1,1,0,0,0,0,0,1,1,2,1,1,2,0,0,1,0,2,1,0,1,0,0
Slfn1,1,1,7,5,2,0,4,4,1,2,3,2,1,0,6,1,3,1,2,2,0,4,1,2,3,3,2,0,0,4,7,1,0,4,1,2,0,4,0,0,0,1,4,1,2,4
Slfn2,10,7,16,26,16,16,31,34,19,14,25,23,11,22,29,25,19,23,13,12,6,21,20,10,17,11,22,7,17,19,73,10,16,23,9,21,14,16,11,9,15,22,17,12,13,8
Slfn4,1,3,1,0,3,0,2,3,2,0,4,0,0,1,1,2,1,0,0,1,0,0,0,0,0,0,0,0,2,1,11,1,3,0,0,0,0,0,1,0,1,0,1,0,0,0
Slfn5,4,3,8,11,4,5,9,11,15,6,11,9,7,8,4,4,8,6,6,4,3,16,2,2,5,3,4,4,11,7,11,4,3,2,7,8,4,4,6,4,6,1,6,8,6,5
Slfn8,10,4,5,12,6,6,7,10,6,5,7,7,6,4,8,3,8,13,5,5,0,10,7,4,9,0,3,2,8,5,29,6,2,8,2,6,3,12,3,2,5,11,7,1,4,5
Slirp,4,2,4,5,4,6,7,3,5,5,6,6,4,5,5,2,3,7,9,1,4,2,0,5,5,1,4,3,2,3,4,3,5,3,4,1,3,3,4,3,2,4,3,2,3,5
Slk,63,26,61,84,86,52,82,91,99,71,77,93,81,68,93,87,83,114,80,47,21,126,84,60,73,61,79,67,108,73,64,43,54,42,63,57,52,47,59,39,101,59,60,50,43,61
Slmap,66,29,45,95,75,58,70,64,81,67,77,84,67,63,77,68,102,71,66,58,27,129,81,57,66,68,53,73,85,72,58,48,61,25,54,52,53,62,62,41,68,62,72,50,40,64
Slmo2,216,140,219,293,259,253,242,269,311,238,268,450,293,304,290,269,271,409,258,225,112,442,355,222,265,248,252,279,287,265,312,210,302,208,240,252,256,242,244,178,416,318,279,230,249,230
Slpi,48,17,16,48,82,12,35,37,97,32,24,61,45,29,66,72,32,210,25,16,13,87,58,26,26,27,25,37,84,101,76,18,32,39,20,41,73,27,38,6,38,23,40,43,6,45
Sltm,65,47,66,117,90,81,91,71,98,67,111,94,74,60,97,100,117,130,81,57,34,152,93,52,64,74,85,69,91,74,74,53,49,49,68,66,52,66,63,41,109,56,61,48,55,67
Slu7,16,7,15,31,10,18,15,18,24,21,24,18,12,18,17,18,24,17,20,14,7,28,26,3,16,20,18,16,26,21,12,9,21,15,22,12,16,14,15,7,26,7,24,10,15,9
Slx1b,16,7,17,25,29,24,26,21,39,16,28,20,16,14,20,24,35,33,26,18,9,29,22,13,22,27,13,15,29,23,18,13,26,16,25,14,19,13,30,23,31,15,21,11,15,18
Slx4,20,12,22,29,10,12,20,16,16,11,20,23,18,15,20,19,15,25,10,9,2,23,16,7,14,16,19,10,16,17,13,7,10,13,16,10,13,13,11,5,19,11,11,9,12,12
Smad1,29,13,25,60,35,34,36,42,64,50,26,43,29,35,26,41,43,39,40,30,20,49,43,15,22,21,27,37,47,39,25,18,41,21,41,28,27,26,20,27,36,28,34,19,17,26
Smad2,16,9,14,17,18,14,11,18,22,24,18,19,12,19,11,25,13,26,23,8,6,32,16,8,14,20,26,20,25,22,17,15,16,7,18,10,16,18,19,8,18,19,14,10,17,14
Smad3,37,37,49,72,42,49,60,53,54,50,55,58,45,40,43,56,74,63,67,41,15,76,54,25,76,63,41,49,57,35,52,28,37,35,47,34,53,59,32,23,52,52,43,30,34,41
Smad4,131,78,140,209,121,128,169,122,134,114,178,141,131,98,116,186,149,194,108,96,59,236,139,83,83,90,102,122,142,116,82,65,98,85,119,95,90,81,108,53,157,106,95,88,88,83
Smad5,111,79,103,160,103,108,141,99,149,74,145,132,116,99,96,128,121,146,102,89,37,168,155,61,96,103,91,87,132,116,103,69,95,39,73,83,78,88,99,42,128,74,102,107,81,82
Smad6,42,29,50,62,44,58,51,66,50,57,74,55,81,45,64,52,69,74,67,40,20,87,71,26,48,50,33,58,63,48,50,35,41,39,43,45,37,47,38,23,53,26,25,16,25,54
Smad7,93,58,58,326,49,77,83,54,41,71,113,76,100,62,84,49,80,216,63,35,15,219,78,46,54,73,27,59,94,76,54,52,35,35,52,54,54,53,43,30,58,49,70,33,44,55
Smad9,16,7,18,42,11,6,30,16,4,20,35,4,29,9,7,24,22,34,14,14,6,48,7,4,4,9,6,7,15,9,4,8,12,5,9,20,16,9,12,4,7,8,20,6,10,14
Smagp,104,37,77,122,117,103,124,117,136,95,114,126,104,71,123,110,136,127,90,106,34,145,91,77,109,104,122,115,123,145,105,85,98,85,79,99,84,104,125,61,155,105,83,92,91,85
Smap1,79,30,63,108,101,99,97,81,98,98,112,124,95,118,118,118,116,149,103,109,35,183,118,80,98,106,91,116,107,101,91,69,106,48,104,58,87,95,119,40,139,89,83,68,85,91
Smap2,59,40,77,134,63,82,82,83,198,108,103,108,135,104,128,130,121,132,85,79,18,108,96,78,93,98,99,118,169,129,106,74,80,54,122,74,79,107,65,70,133,128,116,59,83,128
Smarca2,200,121,170,344,226,220,302,230,297,233,280,242,176,235,219,281,348,229,221,163,107,315,271,160,209,224,184,313,322,278,198,213,194,120,229,142,181,209,153,136,217,153,212,121,192,194
Smarca4,151,61,141,197,156,149,202,199,261,121,196,247,208,187,172,223,198,251,135,168,67,222,236,153,163,152,182,200,224,193,277,188,204,174,207,226,126,182,215,107,268,188,211,150,174,127
Smarca5,2,1,7,12,7,3,4,4,11,5,7,7,4,6,8,3,5,7,5,6,0,9,11,4,6,7,5,2,9,9,3,3,4,0,7,4,2,4,3,3,4,5,4,2,1,11
Smarcad1,9,3,9,4,5,3,5,10,8,10,5,8,5,5,8,4,9,11,9,6,1,9,5,6,3,8,8,2,4,10,5,5,2,1,5,3,4,6,5,3,6,5,3,0,3,2
Smarcb1,79,39,70,79,67,64,81,89,84,74,97,131,88,55,71,89,96,114,73,89,22,108,78,43,73,55,86,98,90,78,80,48,72,69,62,74,60,92,76,47,107,75,67,65,71,63
Smarcc1,25,5,21,29,14,15,21,20,21,23,21,29,14,26,13,18,26,32,17,12,8,25,26,12,11,12,15,16,27,13,23,7,27,9,12,17,11,11,18,12,18,15,15,14,12,9
Smarcc2,272,108,225,330,221,305,288,226,384,289,366,375,231,225,335,297,366,264,223,235,73,311,192,221,261,232,228,252,292,305,220,205,236,210,283,194,159,285,257,170,376,266,209,155,231,227
Smarcd1,32,11,32,53,19,24,46,30,32,29,45,54,21,29,44,38,36,86,52,33,10,70,20,24,33,36,32,41,43,35,51,35,33,33,31,16,30,31,17,21,42,28,38,21,27,30
Smarcd2,212,124,194,257,117,224,224,220,280,213,255,327,234,251,213,283,234,190,217,205,52,185,285,188,224,186,213,249,295,217,197,159,195,204,212,213,149,199,228,168,305,212,220,168,173,176
Smarcd3,10,4,8,13,11,17,12,16,10,13,14,16,16,7,8,8,14,18,15,9,3,9,13,10,6,10,10,12,20,14,7,13,7,6,3,3,11,9,3,6,14,10,6,13,10,8
Smarce1,34,17,31,60,54,51,44,55,60,39,44,59,43,39,42,59,45,76,49,44,21,56,55,27,46,42,45,56,70,71,35,40,33,32,44,39,38,48,50,32,59,43,43,35,34,32
Smc1a,72,36,88,96,79,76,82,74,93,77,93,106,85,73,94,118,100,79,70,76,27,90,114,43,84,96,79,101,98,98,76,56,70,50,93,45,50,83,58,48,118,74,67,44,67,57
Smc1b,1,0,1,4,1,1,4,5,0,1,6,5,1,1,2,0,1,1,2,4,1,4,3,0,1,0,1,0,0,1,6,0,0,1,0,0,0,2,0,1,2,3,4,0,1,1
Smc3,41,21,30,46,45,33,44,35,61,41,32,60,41,32,37,66,72,51,35,45,20,57,52,31,43,35,44,41,42,49,31,38,22,26,23,35,20,32,33,26,55,31,35,15,23,45
Smc4,5,6,4,12,13,4,7,7,10,2,9,10,7,6,9,6,13,16,5,2,2,11,4,1,12,7,6,10,14,10,12,4,5,1,4,5,8,5,4,6,5,8,6,2,3,9
Smc5,11,3,12,10,10,13,13,13,22,18,11,17,13,11,15,12,10,6,11,8,2,11,15,5,5,6,9,10,14,11,4,5,5,0,6,3,3,6,5,6,7,7,7,6,8,5
Smc6,17,17,22,30,14,18,25,19,30,25,33,26,23,13,25,35,22,42,21,25,11,43,25,21,27,19,22,19,22,34,19,19,14,9,18,19,16,17,16,9,28,18,23,18,13,16
Smchd1,8,7,12,21,26,10,20,25,30,18,22,20,14,7,13,17,20,28,21,20,14,20,14,7,12,17,14,16,19,13,22,11,13,8,9,9,12,17,8,4,23,12,10,11,13,13
Smco4,71,27,66,60,74,80,69,58,100,55,78,109,54,30,62,75,85,62,62,62,25,61,47,39,70,43,40,86,91,79,60,47,55,38,68,57,47,51,69,41,87,44,60,49,45,54
Smcr8,60,37,70,122,70,64,93,70,84,62,101,100,87,59,89,94,95,99,64,66,31,85,66,40,83,64,76,86,75,116,71,46,87,43,67,55,57,77,75,26,85,64,76,54,41,69
Smdt1,893,409,851,1320,860,1006,1264,1165,1327,968,1067,1152,1150,999,1126,1187,1137,1197,966,1041,413,1090,1375,855,1200,1066,961,1147,1502,1326,1142,750,951,845,1124,1296,1035,1231,1155,727,1518,1207,1247,882,987,1080
Smek1,123,57,116,144,143,135,166,118,225,155,166,185,126,136,158,163,178,147,159,137,66,203,170,113,131,120,160,165,208,205,108,98,147,46,113,90,109,135,135,89,173,136,127,109,117,128
Smek2,19,6,12,14,8,25,21,12,24,21,16,21,15,17,20,14,13,10,20,5,6,17,18,8,13,19,14,8,21,15,6,10,15,7,13,6,7,11,9,7,17,16,12,4,5,12
Smg1,10,1,5,8,3,3,11,3,7,10,6,8,3,8,4,1,9,10,7,9,2,8,6,3,4,9,1,5,11,7,3,3,2,1,4,2,1,4,1,0,3,5,5,1,3,6
Smg5,106,66,105,131,58,76,122,116,106,93,156,149,90,105,115,131,138,127,133,89,24,177,111,67,66,80,107,94,99,89,107,40,89,72,102,83,47,77,95,47,124,75,80,75,84,77
Smg6,62,32,76,107,47,96,67,59,65,61,91,57,62,60,59,81,99,78,73,43,24,94,64,44,50,59,40,71,73,59,48,52,57,37,65,51,55,56,69,39,73,46,59,42,60,50
Smg7,34,23,50,86,40,57,50,42,69,59,72,86,78,54,61,70,65,72,53,53,25,65,61,34,57,56,68,72,65,62,57,23,60,38,40,39,55,48,63,26,77,50,45,49,45,54
Smg8,20,11,13,37,15,21,27,20,23,26,31,32,40,28,19,33,27,30,20,24,11,28,29,16,19,21,22,23,34,20,19,25,21,13,32,17,17,31,30,12,38,29,19,14,27,28
Smg9,42,26,35,56,25,34,37,43,35,33,52,67,37,42,39,63,40,60,30,27,8,53,50,33,44,40,38,41,36,42,44,29,35,32,47,47,36,32,32,24,60,40,41,42,40,33
Smim1,20,11,13,22,17,11,17,13,26,12,24,16,16,17,20,16,14,10,19,15,9,15,23,10,11,14,15,25,9,17,8,10,12,13,19,14,13,23,28,15,24,10,12,19,4,24
Smim10l1,136,63,123,185,107,151,149,137,208,166,172,207,168,170,184,241,203,186,167,166,65,215,214,120,152,159,143,185,243,170,137,135,193,83,213,192,155,172,156,100,199,159,152,116,161,181
Smim11,116,67,109,140,102,115,126,107,130,111,128,171,128,107,106,148,145,118,129,96,48,122,138,90,113,115,98,94,123,105,84,74,125,97,130,103,101,103,130,67,161,119,117,98,103,118
Smim12,121,66,130,193,114,138,176,144,166,153,183,212,183,158,170,203,156,198,132,137,50,212,171,102,150,182,168,179,214,163,154,90,141,128,218,139,130,133,171,120,227,168,162,137,170,147
Smim13,15,4,8,19,8,7,13,12,18,11,17,18,14,11,14,10,17,13,8,10,1,28,15,3,8,13,7,11,13,9,5,5,7,3,11,9,3,1,5,6,11,9,8,13,4,8
Smim14,1,1,2,3,4,2,2,1,2,2,1,4,1,2,4,6,5,5,2,2,0,4,4,1,1,7,3,1,2,3,1,4,2,2,2,5,3,1,3,2,2,2,3,2,0,1
Smim19,68,34,66,128,85,69,87,73,133,74,84,92,91,85,111,87,109,139,58,78,38,145,93,58,101,89,68,88,162,113,70,62,84,48,72,77,82,74,98,53,102,71,85,53,75,93
Smim20,125,56,107,201,105,112,136,124,178,114,145,173,143,140,147,158,106,197,130,126,49,187,199,95,140,131,117,182,184,169,90,101,127,122,147,131,92,138,117,73,191,104,152,82,113,141
Smim22,313,159,250,373,257,176,301,278,508,333,324,338,361,281,324,324,338,206,314,284,88,246,301,215,358,325,295,297,375,320,282,153,270,216,297,251,224,246,254,207,433,245,261,178,273,267
Smim3,6,8,4,12,5,5,15,11,7,9,9,9,14,12,9,5,11,21,4,8,10,12,14,11,12,7,4,4,5,6,16,5,8,4,6,10,19,9,7,8,8,8,12,12,6,9
Smim4,161,102,225,335,147,204,210,174,240,198,305,289,273,188,272,254,260,300,232,187,74,418,232,164,235,197,189,203,263,245,201,168,280,169,209,225,189,199,268,125,343,266,198,186,208,202
Smim5,1,1,4,2,3,0,1,3,3,2,3,1,7,0,1,3,3,3,4,0,0,6,2,1,3,4,1,4,3,3,1,1,4,5,0,0,1,5,3,1,0,1,1,2,1,0
Smim6,9,2,10,10,7,10,9,6,16,14,10,11,8,10,5,14,17,11,9,12,1,6,7,12,9,17,7,12,21,13,4,7,11,8,15,11,5,17,9,7,15,15,9,6,12,8
Smim7,66,28,79,136,91,75,93,82,146,72,106,105,91,67,68,105,83,160,74,63,30,152,73,50,77,72,77,84,86,103,92,54,68,45,93,61,70,65,72,52,108,65,83,56,85,70
Smim8,22,11,30,45,24,30,47,31,44,23,45,57,27,37,38,31,31,49,28,23,13,49,49,32,40,43,29,33,52,34,28,24,39,17,38,34,24,33,36,17,40,47,25,29,35,31
Smlr1,288,195,320,409,241,320,403,335,337,286,411,275,300,348,386,432,441,332,339,319,149,488,382,228,307,271,290,341,384,405,283,284,319,239,349,332,290,367,368,210,380,306,306,266,316,333
Smn1,57,30,64,68,44,49,42,50,62,51,62,93,53,52,56,53,56,77,54,35,15,83,67,33,50,46,48,49,63,41,56,38,47,33,42,44,42,42,47,27,56,35,49,41,38,30
Smndc1,34,20,43,64,35,18,47,51,70,47,49,54,41,39,40,47,62,61,51,29,14,65,54,29,35,39,36,40,53,61,21,45,48,21,27,35,34,44,32,14,33,32,37,32,29,33
Smo,15,7,6,19,16,17,16,11,17,4,11,24,13,10,8,16,13,25,10,13,4,11,19,5,10,19,11,14,14,16,13,8,12,10,14,10,8,24,13,10,13,8,12,6,11,10
Smoc1,411,224,581,508,351,425,452,371,777,428,477,563,459,556,535,579,590,600,460,387,127,734,539,357,401,369,414,384,490,424,307,333,413,339,492,448,337,458,420,179,525,399,455,339,394,389
Smoc2,19,8,15,42,55,9,29,42,46,15,18,26,18,10,18,12,16,60,21,17,11,43,34,7,43,41,16,18,55,18,6,17,9,26,17,14,9,19,19,15,29,9,10,17,20,17
Smox,10,9,10,37,15,13,15,19,24,12,14,24,13,14,9,19,18,83,17,13,4,43,12,8,11,21,9,17,16,10,17,4,10,12,9,7,7,14,8,3,18,13,12,5,5,13
Smpd1,306,125,229,314,297,315,292,262,463,260,375,493,293,290,280,459,406,344,288,298,127,368,308,212,298,299,319,326,344,356,250,217,313,249,305,262,244,300,302,183,432,317,266,253,254,288
Smpd2,153,79,184,262,127,194,208,213,301,151,229,292,233,224,244,232,207,193,200,193,64,231,238,138,220,217,212,221,244,205,140,114,180,143,209,166,124,171,256,113,294,193,175,168,158,163
Smpd3,5,1,12,16,79,11,22,40,136,6,14,36,21,11,16,6,8,101,9,18,9,31,31,31,44,44,27,18,37,41,41,25,21,12,9,17,19,20,28,38,59,42,36,17,16,20
Smpd4,4,1,6,11,6,7,6,9,7,8,9,5,6,9,8,5,4,15,5,2,3,17,5,4,2,9,9,4,8,5,11,5,7,3,2,3,1,5,5,4,8,4,5,5,6,5
Smpd5,3,3,2,7,7,12,4,9,5,3,6,7,3,2,5,2,5,0,0,1,0,5,1,4,2,4,1,4,0,2,6,5,1,6,6,2,2,6,2,2,6,6,8,4,8,5
Smpdl3a,49,35,54,100,69,50,78,62,110,77,75,87,85,84,87,86,81,113,88,53,36,116,137,50,80,100,68,98,106,129,105,57,81,37,62,72,72,73,70,47,133,72,97,46,68,88
Smpdl3b,17,20,11,40,46,11,31,26,45,15,20,28,38,38,32,27,40,36,17,21,3,30,25,16,26,20,32,15,31,26,33,7,34,26,16,16,10,19,17,16,26,18,21,13,11,18
Sms,5,5,7,16,4,9,7,8,4,3,10,10,13,7,10,7,10,9,17,4,3,4,12,6,14,9,3,8,9,12,6,7,11,7,10,8,7,16,8,7,11,11,12,8,9,8
Smtn,26,12,19,33,26,18,38,26,18,22,22,14,14,15,23,24,30,46,24,20,11,29,31,9,13,19,10,19,32,25,21,22,25,17,26,15,19,38,19,16,28,14,15,16,11,18
Smtnl2,3,3,4,6,10,5,9,5,12,5,10,5,9,3,7,9,8,10,8,6,3,9,9,3,1,8,5,10,16,1,1,2,7,2,7,5,8,6,9,2,7,5,2,4,2,7
Smu1,4,2,0,4,6,2,3,2,2,3,4,7,2,4,1,2,3,7,2,5,1,2,3,3,2,6,2,3,3,4,4,6,7,1,5,1,5,0,6,0,7,2,3,0,1,3
Smug1,18,5,19,36,19,22,21,17,31,23,22,40,30,19,24,24,32,36,26,16,11,41,28,16,29,26,20,32,38,35,10,25,24,13,20,19,12,19,21,16,28,22,19,11,18,15
Smurf1,40,27,39,57,38,42,45,47,41,41,51,44,43,46,34,71,53,44,46,44,15,58,59,39,45,43,38,53,46,36,45,34,48,41,45,49,39,35,37,27,70,33,40,30,40,39
Smurf2,160,73,166,237,152,155,200,157,200,185,244,191,192,142,199,194,241,195,143,122,63,169,151,113,168,176,177,166,203,210,131,110,225,90,180,177,194,155,204,81,243,193,204,126,148,152
Smyd1,7,2,8,7,21,17,10,14,26,8,14,21,6,7,11,10,16,15,15,9,1,7,13,5,18,11,9,14,15,18,8,2,13,3,5,7,7,9,11,7,8,8,12,7,12,8
Smyd2,116,69,81,130,66,86,113,91,109,99,104,122,106,106,87,136,136,221,78,106,37,172,118,82,108,85,72,122,120,121,114,83,94,83,110,115,111,122,99,56,138,77,115,70,88,104
Smyd4,18,12,20,33,11,18,21,24,14,23,24,31,18,16,23,24,26,43,15,9,4,26,28,22,27,13,21,24,23,24,10,7,22,19,26,18,11,22,13,8,23,16,19,18,10,6
Smyd5,45,31,34,93,45,56,49,63,82,48,57,80,44,32,68,60,62,136,56,48,8,81,46,29,52,39,54,52,72,65,46,42,57,42,52,40,55,53,44,43,60,68,60,26,46,48
Snai1,5,4,10,15,15,13,8,17,14,18,12,20,14,10,10,11,8,10,12,10,1,21,7,7,5,10,6,15,9,14,18,6,12,14,10,9,9,10,12,2,14,6,11,5,6,6
Snai2,5,1,5,9,10,7,6,9,26,4,8,18,8,8,7,4,9,15,8,5,2,28,11,5,6,11,6,7,20,3,4,6,10,5,4,6,7,8,4,4,5,4,3,7,4,7
Snai3,0,1,2,3,0,0,1,0,6,5,3,4,0,1,2,2,5,4,1,0,1,11,2,2,1,2,1,2,5,0,1,0,0,2,0,0,1,0,0,1,2,2,0,1,1,1
Snap23,39,15,28,49,31,31,54,37,60,45,29,62,37,31,45,43,49,53,34,35,16,54,59,35,45,36,39,60,59,56,36,24,32,10,43,34,27,30,35,22,36,53,40,24,31,35
Snap29,30,24,31,55,31,45,36,30,53,33,43,38,50,39,52,45,40,42,19,24,13,25,40,17,44,36,26,42,45,39,28,36,45,28,35,40,33,39,38,19,40,39,37,29,13,23
Snap47,280,131,308,377,349,424,368,372,610,326,402,485,388,269,372,410,390,292,351,392,177,311,461,258,403,421,385,418,493,513,336,301,402,234,453,332,356,409,478,240,645,430,425,327,366,363
Snapc1,25,15,24,27,32,26,34,30,26,22,31,38,31,22,35,29,26,25,29,28,7,41,39,14,40,40,32,22,31,16,32,16,20,17,25,21,20,15,24,16,34,21,28,23,27,16
Snapc2,57,40,50,112,72,58,97,57,94,54,106,78,57,63,80,60,84,84,50,51,33,92,85,40,63,75,64,56,85,83,61,46,56,30,62,47,35,62,62,43,78,57,66,50,57,54
Snapc3,6,3,6,14,6,4,7,5,8,7,6,9,3,12,3,11,7,14,12,6,3,14,6,1,4,8,9,4,5,7,8,6,3,3,8,1,3,4,3,2,6,5,4,6,5,5
Snapc4,19,22,24,41,15,11,24,33,18,19,54,50,18,17,26,35,27,26,20,13,0,43,23,24,21,16,28,18,32,18,19,17,21,19,17,20,16,24,22,15,40,22,27,14,17,15
Snapc5,63,44,81,135,66,87,93,70,140,69,117,110,100,72,99,81,92,80,93,81,37,91,120,71,119,98,89,72,108,104,74,83,76,56,83,95,81,80,86,50,126,82,85,63,80,85
Snapin,53,33,52,120,65,80,80,66,92,63,87,87,57,68,86,92,78,113,87,62,28,124,83,61,86,89,57,91,105,93,61,60,88,57,81,67,71,56,80,42,136,72,90,49,73,67
Snd1,347,162,234,469,304,315,430,355,494,294,481,583,333,280,428,407,415,590,343,315,114,440,299,292,405,319,354,450,399,427,176,269,315,250,311,277,292,345,328,233,433,367,252,257,358,318
Snf8,323,168,356,468,267,383,403,355,475,307,444,490,349,390,425,398,427,415,308,343,149,368,447,282,419,378,343,400,442,403,387,298,429,333,442,381,299,378,400,260,542,376,408,302,336,337
Snhg1,4,6,10,6,6,6,11,4,7,3,6,4,5,5,5,6,3,16,8,5,0,10,10,3,7,3,4,4,3,2,2,2,3,1,0,0,5,6,4,2,1,0,2,0,4,0
Snhg10,6,1,7,4,3,5,9,5,5,6,4,6,5,4,5,3,7,9,2,4,1,10,6,1,2,3,4,5,3,5,3,2,2,3,6,4,3,5,5,9,3,8,3,2,5,1
Snhg11,22,8,17,43,7,9,28,14,8,14,26,21,16,10,9,26,23,8,35,14,4,11,27,10,28,29,5,21,23,23,25,22,26,16,25,24,8,27,12,17,18,14,17,6,10,18
Snhg12,58,50,59,137,61,75,81,70,81,52,95,66,71,82,85,120,128,125,73,38,27,180,88,57,62,57,69,62,84,71,65,34,49,28,56,49,45,66,58,34,75,45,47,53,59,63
Snhg17,13,6,8,22,7,5,12,12,10,10,17,16,5,13,14,13,14,17,7,10,6,26,9,5,9,6,9,10,14,16,10,4,9,1,7,7,4,9,6,5,12,7,13,8,4,8
Snhg18,6,2,3,6,2,3,5,3,4,6,9,4,7,5,4,7,7,19,9,5,0,14,3,5,3,5,1,5,8,4,1,5,3,5,2,5,5,1,2,3,9,2,6,7,3,8
Snhg20,53,36,69,91,68,54,85,68,77,81,111,110,62,52,76,74,70,108,64,62,22,118,70,41,55,68,52,95,94,88,57,53,59,45,69,68,53,64,62,40,80,59,63,56,64,62
Snhg3,15,8,10,32,19,17,22,19,26,9,18,24,14,22,15,16,19,71,13,8,8,74,16,12,20,12,13,12,8,20,8,9,16,10,15,15,14,14,15,7,17,11,19,20,9,12
Snhg4,8,4,11,18,6,13,8,8,29,9,20,23,16,9,11,20,15,39,12,9,6,46,10,6,12,14,6,18,11,12,11,6,14,3,10,9,11,7,6,9,15,9,11,7,7,15
Snhg5,20,12,11,29,17,15,17,21,25,11,24,36,19,29,19,22,26,56,21,20,4,70,27,6,8,9,16,15,21,23,16,9,11,8,7,8,7,12,18,2,20,15,9,12,13,9
Snhg6,66,51,71,167,135,77,87,73,117,111,132,121,116,83,133,153,157,218,110,139,62,309,87,50,100,80,76,91,121,135,81,59,138,67,94,102,138,78,76,37,120,71,89,76,75,66
Snhg7,21,13,26,42,26,28,35,34,20,12,35,37,24,28,31,26,24,29,18,20,5,36,39,12,19,27,22,23,32,30,24,18,28,14,26,18,20,17,24,14,30,22,24,16,16,17
Snhg8,263,140,274,390,217,325,304,207,336,327,458,379,290,320,336,350,495,388,355,288,112,476,282,265,316,265,285,299,387,402,153,204,382,189,253,310,252,220,319,166,366,248,248,268,237,287
Snhg9,8,4,3,23,8,5,12,10,11,9,15,11,11,10,12,17,19,22,13,10,3,25,15,7,8,8,9,8,13,12,6,8,14,11,12,3,3,6,6,4,12,10,8,6,11,5
Snip1,18,20,23,55,24,18,28,16,24,25,27,32,27,25,37,27,18,25,18,18,13,23,23,17,21,17,13,21,39,36,14,18,26,10,14,19,30,23,19,10,30,18,29,16,13,13
Snn,4,0,5,12,7,5,11,8,6,8,7,12,8,7,2,9,12,9,8,1,3,23,9,4,10,10,8,8,10,6,12,4,6,3,5,4,7,6,4,3,8,6,9,9,2,4
Snora31,4,1,2,5,4,0,4,1,1,2,1,5,2,3,3,3,3,1,1,4,0,2,1,1,2,5,1,1,2,2,5,1,4,4,2,2,0,1,3,0,6,3,2,0,4,1
Snora33,10,10,8,15,4,7,15,18,3,4,15,22,3,10,2,3,8,11,5,3,2,16,11,5,7,2,9,13,5,4,3,2,5,5,4,3,5,7,4,0,10,1,11,5,7,5
Snora68,3,2,1,3,3,1,0,1,1,5,2,10,1,1,3,3,3,1,2,2,0,5,1,2,0,0,2,2,2,1,4,3,1,2,4,1,0,0,2,1,1,4,0,0,1,1
Snora78,2,2,1,8,1,2,2,7,5,1,4,2,4,1,1,5,4,5,1,1,1,3,3,3,0,1,1,0,4,1,1,4,1,3,4,1,0,2,4,1,3,1,3,1,2,1
Snord104,146,84,144,180,75,127,157,112,150,165,203,162,116,114,151,186,174,113,207,110,42,161,106,93,105,125,139,124,101,127,51,80,132,82,74,57,58,111,111,56,106,113,94,85,115,77
Snord65,5,5,3,5,0,5,4,8,6,4,2,14,0,3,2,6,4,11,5,3,2,8,2,5,0,0,3,2,3,1,7,5,3,3,4,2,2,1,3,3,3,1,2,3,1,7
Snord72,4,8,5,6,8,0,7,0,8,4,8,9,6,3,6,5,2,8,3,7,2,11,4,2,4,4,2,7,4,2,2,3,4,1,7,5,3,4,4,0,4,1,9,3,5,1
Snrk,2,0,5,4,4,3,3,6,3,3,8,8,2,2,4,3,2,2,3,4,2,5,1,3,2,4,3,0,5,5,3,4,6,2,5,1,3,4,3,3,3,4,0,4,2,5
Snrnp200,200,94,219,318,226,220,256,255,306,233,278,348,249,212,267,297,308,354,207,246,95,355,276,153,258,232,200,234,291,293,220,140,212,154,240,186,174,221,234,145,354,165,215,149,197,209
Snrnp25,20,9,30,51,33,31,42,62,36,23,43,38,27,36,42,31,41,54,22,45,12,54,41,33,37,29,32,28,51,41,38,23,26,27,33,29,30,28,36,18,45,44,33,27,18,24
Snrnp27,159,93,121,178,141,144,166,170,175,140,219,258,130,140,154,180,171,214,139,151,58,256,188,107,132,158,124,149,172,171,148,108,122,96,159,132,96,137,123,73,204,119,123,100,121,135
Snrnp35,30,16,15,35,22,28,40,28,36,16,39,29,34,30,32,36,31,37,19,27,12,43,27,19,32,27,27,39,33,30,31,20,39,24,40,40,25,22,25,19,61,36,33,23,26,47
Snrnp40,28,20,29,52,39,33,46,42,54,35,46,64,36,23,38,41,33,56,40,34,14,58,45,30,34,35,25,29,34,47,48,29,29,41,30,32,33,30,40,26,52,35,40,26,40,39
Snrnp48,132,71,109,239,143,134,138,94,151,99,179,139,126,114,135,140,161,108,106,70,43,173,125,68,127,91,119,125,148,159,107,82,104,70,109,107,84,79,89,51,150,93,80,92,69,84
Snrnp70,186,81,119,195,144,138,155,156,224,161,172,267,107,100,182,202,187,175,154,98,47,206,142,124,136,126,156,175,208,149,148,104,144,138,111,108,73,160,109,69,160,121,106,81,114,117
Snrpa,87,51,92,101,95,102,128,126,123,95,126,175,111,92,107,116,101,138,79,109,31,142,97,101,128,90,99,120,149,120,132,86,70,100,159,115,85,100,136,59,160,98,117,100,87,55
Snrpa1,121,58,102,176,123,118,178,164,155,125,165,138,113,113,140,203,165,200,114,126,56,160,178,85,131,127,99,137,184,167,163,114,112,91,121,139,114,121,117,85,168,119,138,101,92,115
Snrpb,387,195,266,414,255,304,360,311,561,331,424,501,332,372,412,631,523,630,350,368,115,583,473,222,327,352,302,485,505,424,381,254,284,261,311,244,309,406,347,185,462,337,308,207,276,374
Snrpb2,37,23,48,54,43,40,63,46,71,25,53,76,64,51,50,30,36,83,58,44,25,68,85,31,47,52,40,48,63,44,34,29,44,29,37,40,26,46,43,27,53,39,21,29,31,32
Snrpc,62,28,31,78,46,47,70,52,60,47,63,87,54,31,62,69,56,88,51,50,24,89,51,27,44,54,45,58,60,69,56,32,43,35,59,56,51,45,45,34,86,31,36,38,47,42
Snrpd1,137,96,149,197,165,135,176,189,203,186,179,270,185,156,200,182,207,286,170,181,82,246,200,142,201,167,208,189,209,241,216,131,226,165,188,173,144,171,201,122,255,177,173,180,172,186
Snrpd2,250,117,311,396,148,273,336,418,401,303,344,405,317,293,336,343,320,490,310,280,63,413,407,195,330,243,269,320,419,262,261,204,246,261,300,297,215,307,343,219,396,318,284,221,231,238
Snrpd3,320,192,282,366,236,315,342,328,375,341,394,473,336,294,327,416,394,409,294,309,107,370,391,261,325,278,264,321,342,271,319,224,289,198,327,292,244,284,314,244,401,286,295,203,250,288
Snrpe,91,58,79,136,111,107,108,101,118,79,127,97,127,83,108,129,141,174,105,86,43,160,141,81,136,144,95,89,139,110,127,69,177,73,144,84,83,85,119,63,142,99,103,87,87,69
Snrpf,198,97,197,250,210,182,241,223,218,176,265,266,230,170,214,203,220,352,180,190,81,337,260,165,209,189,206,213,248,221,193,128,187,139,171,209,181,210,247,115,296,206,207,160,156,158
Snrpg,97,39,110,164,100,144,178,119,180,81,139,129,156,113,138,111,154,188,143,119,49,215,185,103,169,116,118,128,149,127,100,73,120,82,139,135,105,151,146,96,196,145,124,91,113,96
Snta1,142,76,105,161,112,93,144,149,158,110,134,170,134,116,113,131,132,123,110,109,30,158,118,98,127,136,110,108,135,92,77,75,120,97,115,96,88,132,107,85,193,113,89,94,107,96
Sntb1,3,0,3,1,6,3,0,1,2,1,2,2,0,0,2,3,0,1,1,1,1,2,2,0,0,0,4,0,1,2,0,0,2,1,3,0,2,0,0,0,2,0,0,0,3,0
Sntb2,7,2,3,0,0,3,5,4,4,5,3,7,5,3,2,2,2,7,4,1,2,6,1,4,4,3,1,2,6,3,2,2,1,5,3,2,5,3,2,2,6,1,5,3,1,1
Sntg2,24,12,28,48,30,34,37,39,51,27,41,23,22,22,28,44,22,15,17,27,9,11,33,20,28,25,27,35,49,61,21,20,29,13,23,23,34,30,36,20,38,29,35,33,36,18
Snupn,30,17,20,25,27,21,34,32,41,26,37,49,30,23,26,28,40,50,34,29,15,43,28,19,19,35,18,33,39,30,24,12,34,19,20,25,32,30,24,9,48,26,27,33,32,31
Snw1,162,89,160,285,181,149,204,172,231,138,224,254,214,164,216,206,210,187,157,143,68,223,212,101,164,196,153,161,235,187,137,96,141,112,166,128,135,157,157,75,219,150,142,108,105,142
Snx1,65,47,66,145,106,99,95,104,122,85,93,123,89,80,114,127,119,164,107,85,32,144,113,66,93,94,82,89,151,125,105,80,86,64,89,84,68,79,85,56,145,104,78,58,87,78
Snx10,29,15,25,43,50,25,47,49,73,23,63,62,45,45,32,36,34,35,24,33,17,30,57,22,35,28,38,29,37,31,78,30,32,9,31,24,25,29,18,25,31,22,29,31,14,25
Snx11,36,20,60,51,34,33,56,54,35,24,60,66,37,38,37,26,33,53,38,30,13,55,56,26,28,31,27,34,46,35,58,20,32,32,38,28,28,42,31,19,48,49,30,32,36,32
Snx12,47,21,41,39,35,31,39,30,63,37,38,50,47,36,44,51,41,87,35,44,23,47,41,18,45,30,29,25,42,37,33,24,24,19,41,35,35,25,29,21,36,30,28,19,23,25
Snx13,14,9,15,25,20,32,27,23,32,27,29,33,21,23,24,28,20,23,26,18,10,23,36,9,18,22,13,29,28,20,12,13,9,7,18,22,14,21,19,11,21,17,16,12,15,15
Snx14,22,9,12,22,20,14,26,19,23,5,26,22,20,20,23,19,19,24,32,9,9,33,19,9,16,13,11,17,24,12,15,8,21,8,12,14,11,16,5,9,12,13,18,13,14,17
Snx15,83,42,59,98,59,46,104,71,89,59,78,123,82,74,76,80,91,129,71,70,20,122,101,43,68,75,77,111,94,86,82,71,63,69,58,66,49,84,65,41,92,79,65,37,54,71
Snx16,5,0,1,4,5,3,5,1,2,2,3,2,2,3,3,2,4,6,0,5,1,6,4,0,5,2,2,7,5,4,2,5,2,0,4,2,1,4,3,1,2,5,4,1,2,5
Snx17,86,47,76,108,56,94,88,97,75,74,110,121,121,85,96,97,99,102,74,71,26,145,91,62,86,73,81,74,113,102,101,46,64,55,60,70,69,76,82,43,83,59,60,46,55,82
Snx18,35,17,17,34,14,27,22,28,30,33,23,36,36,28,39,36,27,36,26,22,10,38,32,14,21,18,29,36,36,31,18,12,19,15,21,20,22,20,18,16,46,23,25,16,28,18
Snx19,31,6,19,36,22,29,20,26,32,25,32,44,28,22,24,21,26,25,25,18,10,33,32,14,35,19,23,33,30,33,26,20,31,12,31,29,25,23,25,15,33,19,27,30,14,19
Snx2,68,38,83,125,78,61,103,94,100,100,99,110,98,96,97,93,96,119,117,79,35,145,87,59,82,71,69,100,119,119,85,54,79,46,82,75,77,81,69,36,85,87,81,41,65,84
Snx20,7,8,10,15,13,14,19,21,6,10,17,11,12,2,15,12,16,15,7,5,2,10,13,9,8,5,8,10,10,11,73,2,3,7,6,6,10,12,9,2,7,5,8,3,3,5
Snx21,53,20,37,60,33,52,32,40,48,40,56,39,50,42,46,70,63,59,60,28,7,70,52,25,36,58,39,49,67,54,28,36,33,27,32,42,38,49,50,20,65,44,45,29,42,39
Snx22,6,2,2,5,5,1,2,4,4,4,5,8,7,5,7,7,3,9,2,2,1,8,6,5,7,4,7,5,6,3,2,6,2,6,5,5,5,8,5,3,4,2,8,3,4,1
Snx24,64,36,62,89,96,63,65,94,125,77,81,114,63,61,64,118,103,114,100,77,34,120,94,46,74,90,60,84,114,67,72,43,69,49,75,76,50,75,54,28,102,56,64,41,40,35
Snx25,46,26,58,59,49,61,56,48,79,46,53,65,49,48,58,67,61,56,39,34,20,57,83,34,45,57,60,53,60,55,46,38,67,34,53,49,31,49,59,30,76,49,48,27,40,44
Snx27,128,70,107,183,111,127,153,110,155,128,169,177,131,111,135,191,185,183,136,119,49,229,153,99,129,154,121,138,162,164,133,92,138,102,131,109,102,134,148,91,221,123,121,86,113,114
Snx3,369,174,285,424,364,373,419,348,546,441,411,493,441,326,490,506,440,504,378,348,135,523,425,238,404,447,375,528,635,552,398,252,404,218,355,293,351,419,309,242,560,436,385,235,366,421
Snx30,17,7,11,30,18,14,20,14,23,18,19,24,14,22,14,26,31,32,26,15,7,34,28,12,19,18,14,14,33,16,12,8,11,8,11,17,18,24,9,9,21,15,20,8,10,15
Snx32,18,7,13,13,8,13,11,17,19,20,22,17,10,16,20,15,14,10,18,12,2,16,21,6,16,17,22,17,18,14,21,9,21,11,13,15,8,18,21,9,19,18,22,7,12,12
Snx33,56,26,31,41,40,41,45,34,63,59,62,55,58,43,58,72,66,34,49,30,10,63,41,33,36,47,46,45,52,53,28,34,35,27,31,37,39,31,26,31,55,41,41,27,38,31
Snx4,39,14,27,50,41,47,33,23,61,37,41,48,44,28,43,41,42,62,32,29,9,65,41,33,28,46,43,43,54,28,34,22,41,15,44,33,37,34,25,30,43,43,36,34,29,31
Snx5,65,34,59,68,60,53,83,71,109,74,64,123,62,67,82,64,83,132,69,62,27,145,95,42,74,75,69,81,87,91,71,44,51,30,62,56,52,60,47,40,60,64,75,52,48,50
Snx6,63,28,75,103,103,67,103,93,119,85,95,122,97,69,65,88,114,149,80,81,34,127,95,51,63,88,70,77,136,77,98,58,83,62,78,75,62,83,84,48,92,81,79,64,56,76
Snx7,75,25,78,87,95,74,95,75,118,88,105,122,78,72,95,115,100,142,80,68,48,147,109,43,76,95,76,100,89,97,103,61,103,61,79,74,57,90,78,43,120,87,74,57,67,62
Snx8,95,49,77,118,72,73,118,93,98,99,117,126,85,72,88,126,127,139,86,65,34,141,84,92,70,92,92,110,116,104,100,67,96,70,75,84,77,67,103,68,142,100,92,74,89,72
Snx9,23,10,29,28,28,30,35,22,33,23,28,44,30,29,43,48,25,37,34,27,15,40,42,31,29,31,34,35,44,50,26,29,24,28,24,29,32,20,22,14,51,22,21,17,33,26
Soat1,3,0,0,0,1,7,1,0,0,2,2,3,0,1,1,1,0,3,2,0,0,2,3,0,1,0,0,1,1,3,2,0,1,4,3,1,2,3,1,0,0,1,0,0,0,0
Soat2,129,74,109,229,47,89,123,78,150,116,135,129,120,120,116,220,195,211,117,106,24,260,94,53,110,98,69,122,138,92,54,78,81,65,86,75,69,111,82,53,124,88,99,74,63,80
Socs1,6,5,3,23,8,2,11,13,2,13,14,10,8,3,6,9,12,8,7,7,2,6,7,6,7,4,4,7,10,6,146,4,4,10,3,4,6,11,4,2,4,8,5,3,4,3
Socs2,366,152,127,630,160,83,413,85,264,450,765,230,214,108,182,822,994,367,282,145,109,514,111,31,90,105,166,264,136,375,42,84,81,66,42,93,126,168,267,37,100,125,235,161,193,139
Socs3,90,38,98,134,122,185,67,39,229,34,133,157,47,64,56,49,47,70,44,52,24,52,63,17,141,36,70,44,35,55,86,14,42,41,112,30,24,35,36,15,119,13,60,31,18,21
Socs4,6,3,3,7,6,4,2,8,4,1,9,10,9,3,3,6,1,4,8,1,0,5,5,4,4,4,3,4,6,4,1,4,4,1,4,6,0,6,5,0,3,2,5,1,3,7
Socs5,6,8,9,15,14,9,15,13,16,12,16,21,16,13,16,10,19,14,9,12,9,11,25,8,13,15,10,11,13,21,15,11,12,7,7,12,16,6,13,5,21,8,16,5,8,11
Socs6,32,19,28,30,38,22,32,43,42,27,37,43,31,33,50,39,35,52,25,31,13,72,41,22,30,25,24,29,38,33,30,27,44,14,35,28,35,34,19,17,42,31,29,23,14,34
Socs7,16,11,16,26,9,21,26,18,19,13,33,26,24,19,27,14,23,33,11,11,6,30,20,6,29,21,8,15,26,16,15,22,18,9,18,11,13,14,24,20,26,12,13,11,9,14
Sod1,12544,6528,13452,17267,10360,13573,14844,13779,15321,13811,17423,16403,14208,13618,16475,18310,17996,12265,14234,13860,5787,14743,17568,10213,14698,13995,11931,15357,18902,15148,11795,10819,14288,9516,15909,14136,11971,14118,15652,9185,17516,14622,14574,10845,13073,13177
Sod3,129,92,140,258,135,163,219,243,148,184,251,202,189,126,202,165,217,264,178,116,60,253,213,106,174,127,131,206,219,180,149,102,124,147,95,136,143,180,153,82,192,139,169,115,113,131
Soga1,17,6,9,21,6,9,15,14,16,9,13,10,19,16,6,9,19,8,8,6,6,12,24,5,13,11,10,8,16,10,8,9,2,7,10,11,11,16,9,9,10,11,4,8,6,9
Son,90,45,86,169,92,112,100,93,121,99,94,147,112,83,98,100,118,167,106,87,40,166,127,60,80,99,78,91,138,79,82,54,102,45,105,59,81,71,64,58,125,80,87,50,79,86
Sorbs1,41,25,33,77,39,42,50,54,38,49,74,46,50,47,64,59,50,87,44,56,31,75,70,32,41,41,25,72,76,71,33,33,61,22,59,45,39,62,61,25,78,71,64,41,57,59
Sorbs2,52,27,46,76,74,45,51,50,85,78,74,91,49,70,46,59,76,106,60,66,31,134,79,33,61,69,51,62,103,48,45,39,48,23,45,34,43,54,35,29,68,52,46,31,37,41
Sorbs3,12,6,22,39,7,7,12,7,33,15,15,21,32,16,7,39,16,15,15,7,5,28,10,9,16,17,5,10,25,5,9,6,8,15,12,4,12,7,10,8,19,15,10,4,11,9
Sord,5913,2611,4769,7280,2825,5023,5514,4260,5074,6455,6695,5810,5123,4968,6512,8273,6816,4325,5934,5967,1703,6287,7165,3404,4821,4996,5367,6086,8142,6620,3818,4223,5303,4149,5660,4682,3853,5594,5846,3400,6353,5221,4811,3660,4757,4982
Sorl1,13,1,7,14,20,3,13,16,11,3,7,7,14,6,7,8,8,16,5,4,3,4,15,9,11,6,4,10,10,11,31,3,6,7,1,9,8,9,9,8,5,6,4,10,3,7
Sort1,75,25,55,113,87,57,97,114,61,78,105,78,62,40,51,105,96,87,95,68,28,89,89,32,78,73,89,106,64,51,78,51,80,41,65,51,80,88,66,53,103,51,64,62,61,42
Sos1,0,0,2,1,4,5,5,2,2,5,7,3,19,4,2,8,3,2,7,1,0,2,1,4,1,1,2,6,4,3,2,1,1,0,2,1,1,1,4,1,2,3,4,2,3,1
Sos2,26,17,26,58,39,23,33,29,36,35,40,44,27,34,39,42,33,28,29,28,14,56,26,16,37,38,19,20,50,36,18,18,35,15,25,26,29,29,30,18,50,22,26,15,24,33
Sowahb,22,16,13,45,30,15,17,23,28,24,28,28,37,23,34,17,16,48,16,13,11,49,28,4,20,19,24,13,18,18,22,11,15,6,15,14,17,10,12,14,23,11,11,11,11,14
Sowahc,17,11,18,42,31,28,41,21,33,22,26,29,19,20,25,35,15,29,30,19,17,38,28,13,25,26,15,34,19,28,53,23,33,16,27,20,24,29,31,14,35,24,24,16,21,25
Sox12,5,2,4,3,1,3,3,2,6,2,3,6,4,7,1,10,1,2,4,2,0,9,3,2,0,9,3,2,3,5,2,1,3,1,2,2,2,2,1,2,3,4,3,3,0,1
Sox13,42,17,52,61,50,38,47,49,50,37,66,69,48,29,43,63,61,67,45,57,17,62,58,26,53,57,39,36,48,43,40,34,64,35,46,30,32,57,42,24,74,36,40,39,28,37
Sox17,19,8,8,9,12,6,8,7,11,6,15,20,10,16,24,10,17,10,8,15,0,15,14,9,13,11,12,9,17,18,5,6,11,7,10,9,14,13,6,7,12,12,11,9,6,13
Sox18,16,8,17,16,9,16,25,22,24,21,27,18,37,20,18,24,25,29,22,18,5,27,28,10,12,12,14,7,35,19,22,13,13,16,20,17,11,25,22,9,17,14,17,10,14,24
Sox4,51,20,28,46,39,43,83,41,30,26,66,62,54,15,26,44,62,62,58,34,14,49,54,15,31,48,30,44,69,41,40,37,25,47,17,24,25,40,28,19,39,18,28,19,17,34
Sox5,4,2,3,7,2,6,6,1,8,7,6,10,4,2,5,10,4,1,8,5,1,1,6,1,8,4,8,4,7,6,3,1,7,8,7,1,2,2,0,3,11,6,6,1,2,4
Sox6,19,4,15,10,13,14,21,11,39,19,16,16,11,10,6,25,12,11,14,12,8,16,20,8,12,15,3,15,17,14,10,8,12,11,12,6,10,10,14,10,17,8,4,5,3,9
Sox7,1,2,4,1,0,5,1,2,2,6,1,4,6,6,4,1,2,3,0,3,0,7,7,5,0,4,0,3,6,4,1,4,3,2,3,0,3,4,2,3,5,2,2,2,3,2
Sox9,28,13,20,41,47,39,30,32,57,30,37,76,44,15,26,22,26,47,21,21,8,43,34,23,31,34,21,26,40,23,42,22,20,25,18,11,19,21,12,19,39,15,13,17,10,18
Sp1,49,52,54,80,62,58,83,62,91,47,95,79,58,64,64,65,90,79,64,54,25,69,80,44,53,63,51,42,81,63,34,39,47,27,38,34,46,50,52,25,72,38,47,39,45,42
Sp100,7,4,1,7,3,4,8,4,3,3,6,7,3,5,5,7,6,8,2,6,1,12,6,1,2,5,3,8,1,3,10,5,3,2,2,4,5,2,4,2,7,4,3,3,1,3
Sp110,6,1,1,9,8,3,13,12,6,8,13,5,7,11,15,8,6,6,7,4,3,21,8,6,6,9,4,5,12,9,27,4,4,4,7,7,6,6,1,7,7,4,11,3,2,4
Sp140,5,2,5,6,5,3,6,6,2,1,3,9,8,1,4,4,3,5,5,1,0,3,5,5,7,4,4,8,6,6,12,2,4,2,5,5,3,4,2,3,4,4,6,9,3,1
Sp2,11,5,9,22,15,10,11,19,12,7,13,23,12,8,15,8,15,12,13,10,6,18,17,7,21,16,14,9,16,14,13,10,10,4,12,4,16,5,11,9,19,7,7,7,8,7
Sp3,42,20,23,65,18,34,37,17,30,30,52,38,29,35,54,46,46,34,36,29,8,34,42,19,27,24,21,35,45,34,10,16,31,21,30,26,26,24,37,11,38,17,26,13,19,23
Sp3os,14,6,9,23,10,11,20,13,23,12,15,15,14,11,18,16,19,18,16,15,4,33,26,7,31,25,14,18,28,24,17,10,9,17,10,24,22,20,13,13,14,16,18,19,22,18
Sp4,5,1,4,7,2,1,5,3,5,6,7,8,5,4,8,4,1,2,5,4,1,5,3,4,2,4,1,8,8,4,3,0,5,5,3,4,1,5,4,2,4,3,3,1,2,3
Sp5,35,12,32,107,17,41,43,48,29,43,54,45,37,28,61,31,30,29,23,30,15,27,50,14,43,28,23,29,55,57,35,14,41,17,45,25,17,29,39,22,62,26,39,36,41,29
Spa17,3,2,4,11,7,2,3,7,9,6,5,5,11,2,9,4,4,11,1,5,2,16,9,3,5,1,6,5,3,2,6,3,2,4,6,6,5,4,5,5,5,3,4,4,4,5
Spaca6,14,10,19,23,23,8,10,7,17,19,22,17,20,6,14,21,22,25,10,10,9,33,13,4,12,20,13,12,5,7,10,8,12,6,6,12,8,10,5,5,13,9,5,8,5,10
Spag1,3,2,5,5,1,3,13,2,5,5,2,11,4,4,7,4,2,9,2,1,0,6,4,4,7,2,5,1,5,2,2,0,3,4,2,3,2,6,0,2,4,1,2,1,2,4
Spag4,9,5,9,19,5,9,9,6,16,13,15,5,18,13,15,9,25,7,11,11,5,7,32,10,9,10,13,14,18,11,10,12,11,7,17,19,13,13,7,10,12,13,20,10,13,18
Spag5,1,0,0,2,5,0,4,7,0,3,2,1,1,0,1,2,0,10,1,0,2,0,5,0,3,1,0,2,2,1,4,2,2,7,1,2,5,0,2,0,2,0,4,2,1,2
Spag7,60,27,48,88,63,65,83,55,69,49,68,53,59,41,66,55,99,74,55,44,23,85,75,49,75,73,61,73,81,82,57,61,54,40,62,63,78,59,65,50,90,56,55,74,66,50
Spag8,2,0,1,1,2,1,5,5,3,4,2,8,2,2,7,5,5,1,5,2,0,2,9,1,4,5,4,3,6,3,0,3,2,2,2,0,3,3,4,2,1,0,2,3,3,1
Spag9,35,14,23,30,24,23,32,31,41,30,35,40,26,24,43,29,23,53,51,24,10,55,36,14,19,15,25,15,29,24,11,10,24,8,12,17,22,20,14,11,23,11,3,13,14,18
Sparc,166,86,135,244,224,118,300,341,178,127,179,165,205,125,152,197,225,337,234,122,100,202,287,89,158,192,137,175,237,210,241,109,150,131,120,159,171,205,183,73,254,90,175,102,115,159
Sparcl1,14,5,11,38,8,8,20,17,7,17,23,22,20,11,21,12,16,51,20,5,9,77,13,10,7,23,4,22,12,19,6,13,10,7,9,11,11,17,13,3,20,9,13,10,8,15
Spast,6,7,13,13,13,8,9,7,10,15,6,12,4,6,10,13,9,9,13,7,4,14,11,6,7,8,7,11,20,7,6,7,11,1,3,5,6,10,11,2,9,4,4,3,2,3
Spata1,5,1,4,4,1,7,6,11,3,1,5,5,3,5,6,2,5,8,2,0,0,9,5,0,2,3,2,5,5,2,3,5,5,0,5,1,3,5,2,2,4,1,3,2,2,3
Spata13,78,37,76,100,75,55,75,58,125,70,97,56,51,59,59,116,123,98,81,56,22,123,71,23,67,64,66,38,73,67,56,32,67,25,64,41,51,62,46,22,83,49,49,48,38,46
Spata2,5,4,7,10,7,3,8,2,4,1,7,4,11,3,3,2,5,5,6,13,1,8,2,5,11,6,8,4,3,8,3,2,8,3,4,8,1,2,6,0,11,7,5,3,6,2
Spata24,18,14,21,38,28,20,26,29,29,17,22,27,40,18,26,16,18,46,21,18,5,40,42,13,16,14,11,24,20,19,30,19,19,17,13,33,27,27,25,26,19,17,28,28,16,25
Spata2l,66,51,79,149,74,69,127,110,179,99,96,107,92,148,104,101,107,63,79,76,17,119,121,94,136,106,101,123,158,74,41,58,77,44,81,82,69,85,75,64,155,85,109,77,87,133
Spata5,13,6,12,3,11,10,11,9,17,8,8,21,17,15,9,11,10,18,12,14,5,12,13,6,4,7,6,3,2,10,12,12,8,4,8,7,7,10,7,4,7,9,5,6,6,8
Spata7,3,1,2,16,3,4,5,5,5,10,4,11,6,1,8,4,9,9,7,3,2,6,2,4,7,6,3,5,6,4,4,1,6,7,8,4,5,7,3,1,8,5,7,7,2,8
Spc24,90,44,90,181,87,115,172,212,106,124,105,118,156,135,141,94,100,203,113,108,36,215,250,165,152,133,108,136,293,120,134,146,130,218,160,175,185,126,142,150,211,161,156,100,149,139
Spc25,15,5,12,23,19,16,19,23,13,13,14,21,17,33,18,32,30,57,22,11,10,25,16,11,14,9,16,13,23,16,24,11,22,13,19,30,33,19,19,12,18,21,19,14,20,15
Spcs1,136,59,95,165,130,104,135,105,221,122,139,177,181,108,155,185,151,236,119,132,65,177,180,85,144,123,109,131,188,171,119,82,121,67,119,113,111,103,109,70,179,112,127,71,78,112
Spcs3,336,166,272,359,345,282,407,316,428,292,343,523,319,268,355,292,308,434,308,318,134,330,391,221,365,295,331,308,351,404,305,227,367,237,332,266,290,290,368,190,477,313,301,263,268,256
Spdef,1,2,0,8,1,0,1,0,2,0,3,1,2,1,0,4,3,4,0,1,0,3,1,0,1,2,1,0,3,1,0,0,0,0,2,1,0,0,0,0,0,4,1,2,0,0
Spdl1,1,0,0,4,4,2,4,4,1,1,2,0,0,1,2,2,1,6,0,1,0,2,1,0,0,2,1,0,1,3,9,3,2,1,1,1,5,2,1,2,0,2,1,1,1,1
Specc1,2,2,3,2,4,1,7,2,10,2,3,11,5,5,3,6,5,21,3,4,3,20,6,3,4,4,6,3,7,3,6,2,5,3,2,6,3,9,3,3,11,0,1,2,1,8
Specc1l,58,16,42,71,29,48,70,46,54,34,70,54,45,35,41,79,71,78,37,41,14,64,42,22,57,53,33,49,53,55,38,33,30,37,39,26,31,61,48,28,71,40,38,37,42,52
Spef1,9,4,7,7,5,14,8,14,3,3,8,4,5,12,13,11,9,8,8,5,2,13,9,6,10,8,3,10,8,6,7,5,5,4,5,6,4,9,3,4,12,7,7,3,6,7
Speg,2,4,5,6,2,1,3,3,2,5,5,5,5,2,2,1,8,4,6,5,0,10,5,1,6,1,1,4,6,3,3,3,1,4,2,1,2,5,3,1,5,4,1,4,5,3
Spen,132,39,64,123,87,78,101,90,111,74,113,107,99,73,89,97,109,117,97,76,36,167,125,54,91,95,67,64,113,95,69,57,77,48,49,57,72,62,67,49,124,70,71,72,51,53
Spg11,12,2,7,18,9,9,9,15,23,12,15,15,8,14,16,14,13,15,9,8,4,15,9,6,4,6,8,9,17,10,6,9,10,7,9,7,5,11,17,6,20,15,10,5,10,6
Spg20,99,31,60,90,94,75,106,79,121,114,102,140,146,101,106,96,114,120,98,73,47,130,130,74,81,72,78,92,102,89,83,72,107,68,98,95,91,87,88,60,147,61,94,57,62,80
Spg21,7,1,1,5,2,6,0,4,5,5,2,3,1,4,7,6,7,8,5,5,1,6,8,1,3,4,2,3,10,2,3,4,1,2,8,1,2,3,8,2,8,3,7,0,4,1
Spg7,210,95,203,289,126,240,223,151,201,191,261,230,196,233,225,289,299,199,216,179,37,227,241,168,234,254,173,235,277,274,162,180,223,166,257,233,204,227,228,158,347,264,247,214,224,226
Sphk1,3,0,3,9,1,5,6,9,5,5,6,3,7,2,6,5,6,5,4,3,1,8,4,0,5,9,3,2,4,1,4,2,3,5,3,2,0,4,2,1,2,4,4,4,4,2
Sphk2,220,68,142,254,156,269,185,208,308,228,306,212,233,221,238,366,340,257,234,194,78,300,198,177,238,262,182,249,326,297,191,227,197,144,234,241,182,249,218,164,378,260,219,172,229,205
Spi1,28,22,26,58,22,22,41,47,20,27,58,50,25,20,38,32,23,47,24,16,11,51,31,21,36,20,38,19,30,23,96,14,14,38,20,28,24,37,20,13,29,29,23,21,14,22
Spib,4,4,4,5,0,2,9,10,2,4,5,1,3,5,11,3,3,6,7,1,2,9,5,3,2,1,2,3,4,4,8,2,2,3,2,4,3,4,4,1,0,2,0,1,2,2
Spic,3,3,4,15,10,4,12,8,7,0,12,13,4,3,15,3,7,7,4,6,3,20,3,3,11,1,5,4,3,8,14,1,3,9,4,6,10,7,2,1,2,8,5,4,3,7
Spidr,20,11,13,26,16,21,18,31,28,18,22,24,13,13,25,22,21,34,12,20,5,28,22,16,16,13,13,11,26,25,23,12,14,11,17,14,17,11,8,16,24,17,21,14,9,15
Spin1,64,26,74,92,83,78,61,65,117,83,99,92,61,73,86,97,91,104,66,63,14,105,78,46,75,90,72,66,111,85,49,46,61,21,66,51,51,54,56,36,91,80,70,42,71,54
Spin2c,2,2,1,3,0,1,5,2,6,1,2,7,1,1,1,4,2,3,2,3,3,8,2,1,0,3,3,3,4,0,1,1,1,1,0,0,1,3,0,0,1,1,0,0,4,0
Spint1,6,3,5,8,2,3,9,8,5,4,7,4,4,7,2,2,5,9,6,1,0,4,7,3,4,5,2,5,1,4,5,4,4,8,4,1,2,4,4,4,9,5,2,1,6,7
Spint2,201,91,228,319,118,192,279,126,264,187,266,288,201,180,208,204,212,144,186,199,31,117,250,140,227,215,196,236,198,259,116,154,162,144,183,147,135,199,176,159,284,215,181,116,159,195
Spire1,0,0,2,5,1,2,2,2,2,0,2,3,1,0,2,1,1,8,0,1,0,3,4,0,1,1,0,2,0,6,1,0,0,0,2,1,0,0,0,0,0,1,1,0,0,1
Spn,8,3,2,11,1,3,12,12,2,4,8,3,4,4,9,5,8,10,1,5,1,10,7,5,17,4,11,3,9,6,27,2,4,5,2,6,5,5,4,3,4,3,2,0,2,1
Spns1,164,91,153,268,129,168,217,220,214,143,213,221,160,159,172,195,179,244,150,170,45,279,177,102,148,129,127,178,176,172,155,112,146,109,171,152,138,126,143,72,203,148,185,115,113,153
Spns2,86,50,87,103,128,118,177,177,183,109,150,216,159,112,128,110,103,83,103,117,30,108,192,147,183,170,104,132,228,162,122,102,118,119,143,94,111,143,130,123,211,136,143,107,141,103
Spns3,0,0,1,5,2,3,5,6,7,0,2,3,4,1,2,3,4,4,1,0,1,4,4,0,5,2,1,2,1,3,3,1,0,2,0,1,1,3,1,4,2,2,2,2,1,3
Spon2,18,10,17,58,30,20,44,31,30,16,43,27,30,13,32,27,37,92,25,33,8,67,29,6,16,31,18,20,16,21,50,26,16,30,15,20,22,41,29,20,44,22,25,18,23,21
Spop,363,158,320,451,287,370,358,290,436,324,415,445,277,305,400,413,445,402,338,318,101,427,340,263,322,286,307,367,333,375,336,274,330,240,372,237,284,308,308,192,442,294,300,230,276,270
Spopl,4,0,4,7,5,6,5,7,8,6,8,3,4,8,5,10,10,9,5,4,5,16,8,3,7,0,9,5,6,3,3,4,4,4,8,3,3,2,2,1,5,4,3,3,3,0
Spp1,356,195,237,556,701,429,703,687,495,335,533,480,620,248,273,365,432,630,593,280,164,244,572,221,372,541,243,410,312,427,348,347,387,436,265,265,184,467,312,314,633,297,291,209,231,307
Spp2,308,125,262,530,237,299,424,374,591,358,414,624,326,363,485,478,474,454,390,382,108,432,419,254,325,255,409,500,484,443,319,352,365,330,331,352,212,352,464,235,513,355,344,235,295,248
Sppl2a,269,117,298,427,230,259,294,168,484,237,349,414,306,236,339,407,401,208,285,296,72,286,389,159,304,325,268,287,359,338,262,185,254,156,255,227,205,276,188,162,307,220,230,170,153,189
Sppl2b,57,32,56,71,67,83,83,80,97,52,102,113,82,91,82,72,73,112,55,56,27,131,85,68,91,66,73,70,80,87,59,58,72,62,76,60,64,71,87,51,92,64,67,58,74,66
Sppl3,107,41,100,143,80,94,98,91,150,97,144,106,94,80,112,153,138,148,87,86,31,149,92,62,97,108,75,74,100,95,91,72,87,72,92,72,72,82,75,55,145,86,68,75,55,69
Spr,917,450,829,1193,757,874,924,831,1247,882,1155,1062,927,936,943,1350,1315,1247,1011,876,338,1331,1068,575,939,985,700,919,1212,1039,1047,616,855,777,1041,800,912,954,1029,647,1317,1084,764,765,906,984
Spred1,19,2,18,28,21,16,11,9,23,27,26,20,28,14,18,31,28,19,13,13,7,21,16,9,12,23,18,35,30,20,21,13,13,13,8,19,20,6,16,9,18,15,10,16,7,29
Sprn,4,2,3,9,5,2,6,8,5,4,8,9,3,2,10,2,4,13,9,0,0,13,4,2,3,3,3,5,6,6,2,0,0,1,4,5,4,2,5,2,3,1,6,2,3,3
Sprr1a,0,0,0,1,2,0,0,2,0,0,0,0,0,0,0,0,0,230,1,0,0,5,0,0,0,0,0,1,0,0,7,0,0,2,0,1,0,0,0,0,0,0,0,0,0,1
Spry1,28,12,16,43,24,18,39,34,22,42,31,38,41,22,31,25,48,63,39,13,14,74,33,9,22,21,16,28,30,31,16,27,25,9,13,30,23,31,18,14,32,18,18,26,15,20
Spry4,20,5,10,16,26,7,19,18,35,16,4,11,20,11,24,24,35,9,12,12,4,14,20,26,25,23,38,10,46,43,9,19,27,15,24,16,25,23,32,18,24,9,11,18,18,13
Spryd3,63,32,58,91,43,69,77,87,110,65,109,132,68,87,98,72,137,147,74,70,29,129,83,40,88,66,109,96,87,89,76,36,86,56,60,69,58,98,82,46,77,59,63,41,51,77
Spryd4,112,53,87,139,95,121,126,108,203,121,147,194,134,133,149,141,131,191,112,112,47,187,135,85,129,140,121,160,217,157,90,83,96,46,112,112,111,118,73,69,131,118,124,57,116,128
Spryd7,59,30,49,90,81,92,102,90,112,76,84,106,99,91,103,97,100,116,94,85,30,133,142,64,88,98,59,119,98,87,110,61,93,57,85,125,94,79,93,63,115,104,90,56,79,83
Spsb1,7,2,6,10,4,4,10,3,8,2,12,5,12,7,5,5,10,12,10,7,2,9,9,9,5,5,3,7,11,9,12,2,9,7,5,6,3,5,7,4,2,4,4,3,3,3
Spsb2,92,72,139,166,112,105,140,119,119,133,160,159,115,127,141,119,134,175,133,100,43,142,163,100,113,99,121,148,156,128,139,95,141,100,113,118,98,108,117,46,168,121,134,72,108,88
Spsb3,45,27,18,36,21,29,41,46,55,59,55,97,50,21,50,53,53,86,33,30,9,58,41,21,36,34,54,52,47,29,30,26,42,40,41,28,38,50,40,32,38,45,33,33,36,37
Spsb4,26,18,20,35,14,16,22,31,24,31,27,40,36,33,28,35,25,35,36,32,14,35,25,17,27,34,21,29,31,28,11,22,35,12,38,16,44,27,27,15,42,28,17,24,25,26
Sptan1,217,108,172,334,202,188,212,277,333,209,273,299,278,207,231,264,271,461,189,184,66,483,247,160,189,271,162,225,316,248,220,169,219,140,207,165,190,212,194,125,307,206,184,151,186,166
Sptbn1,53,37,52,110,75,67,96,82,107,84,97,109,77,76,97,113,84,127,58,64,26,112,87,50,51,61,86,87,105,79,56,46,64,55,65,65,68,80,79,44,93,74,68,45,54,71
Sptbn2,289,153,271,442,227,226,286,268,270,254,349,216,252,190,254,328,295,291,246,216,78,351,274,171,305,299,171,262,332,320,199,183,237,182,255,226,217,258,284,147,408,257,252,232,261,218
Sptlc1,64,27,53,96,88,80,80,74,113,89,74,108,72,81,99,107,104,136,81,72,35,115,86,53,75,92,61,111,119,77,71,57,63,50,73,52,62,70,68,52,88,76,83,51,66,65
Sptssa,188,78,168,251,230,167,210,208,343,211,221,259,276,207,236,268,223,279,225,201,98,414,319,162,215,242,189,221,448,227,144,128,219,131,231,179,217,205,223,163,315,222,269,161,200,204
Spty2d1,19,4,10,17,12,13,16,9,15,13,15,33,9,10,15,14,8,26,17,8,6,14,19,10,9,4,11,6,11,10,6,11,12,0,9,5,9,11,8,5,4,7,7,4,4,13
Sqle,177,53,103,158,260,159,197,198,428,223,171,580,146,95,174,169,216,28,183,242,75,23,382,143,202,207,261,259,244,163,147,95,194,96,151,177,176,228,161,116,250,125,178,113,122,112
Sqrdl,595,292,595,790,494,611,682,478,994,609,607,730,775,702,724,756,707,648,599,622,250,944,853,520,703,692,551,652,1376,761,548,452,603,414,747,699,673,638,698,373,773,635,694,406,549,718
Sqstm1,1339,751,1337,2372,993,1283,1647,1336,1511,1310,2011,1648,1357,1255,1653,2025,2063,2944,1363,1081,455,3742,1459,1050,1268,1430,1154,1443,1601,1460,1490,1006,1125,1165,1528,1399,1282,1431,1304,917,1887,1423,1452,822,1085,1243
Sra1,304,145,360,445,343,436,448,417,658,413,558,605,435,416,439,450,460,585,358,305,147,466,480,258,415,410,392,421,447,468,294,319,402,266,409,292,363,414,456,246,570,473,425,285,379,363
Srbd1,46,14,47,74,62,52,69,82,66,57,60,54,61,53,52,61,64,75,42,54,36,53,91,53,93,60,40,76,85,84,65,50,53,46,65,92,67,55,51,62,98,88,80,65,72,53
Src,11,8,13,29,10,12,15,32,11,11,23,17,11,13,12,17,16,38,25,7,1,15,15,8,7,13,7,13,18,15,19,13,10,18,11,14,6,16,6,4,18,13,9,7,10,14
Srcap,0,2,2,0,3,0,5,6,2,2,7,4,7,4,4,6,2,4,3,1,0,4,3,3,2,3,5,4,4,1,3,2,4,2,0,1,1,2,1,1,2,1,1,1,2,3
Srd5a1,239,76,134,302,252,309,453,416,136,222,273,197,182,207,245,335,239,139,314,216,135,160,473,218,426,414,234,378,447,431,340,282,384,216,325,360,332,429,501,340,817,455,306,237,280,289
Srd5a2,2,0,1,2,3,2,3,2,2,2,1,3,4,2,2,1,3,1,0,1,1,2,2,3,2,2,2,1,5,3,3,1,0,1,1,0,4,2,7,0,2,3,4,4,1,2
Srd5a3,36,21,21,50,30,29,29,37,47,35,43,49,34,32,35,34,32,103,39,31,16,69,39,18,30,41,14,39,46,39,45,17,24,14,33,16,29,39,16,22,25,27,23,13,21,27
Srebf1,1081,669,1353,997,1234,947,1809,2150,2215,1245,869,3019,1288,1058,1322,1193,864,1085,1513,1536,393,902,3021,2693,2077,1710,1916,1649,2729,1155,1118,1406,1805,1990,1690,1952,1626,1867,1684,1659,2841,1987,1812,1564,1844,1675
Srebf2,45,20,38,47,39,40,28,35,46,54,67,107,46,29,33,68,67,25,46,39,16,48,44,35,39,31,38,47,62,40,40,21,37,36,40,36,19,32,41,33,48,35,34,29,34,31
Srek1,14,5,15,20,29,13,18,9,22,13,16,20,17,17,14,15,22,24,18,18,6,33,23,6,10,18,14,15,21,15,13,11,10,1,7,8,15,8,7,6,11,9,13,12,11,9
Srek1ip1,5,4,7,18,8,8,16,10,23,14,9,15,18,17,21,10,11,13,11,8,3,9,9,12,10,15,4,14,19,17,11,9,15,7,11,16,12,12,10,8,17,18,16,11,6,13
Srf,15,9,17,33,10,14,24,16,24,14,13,28,21,17,13,17,16,25,16,13,7,20,16,10,14,14,15,26,23,29,13,8,13,11,13,9,8,15,10,9,22,10,12,9,9,9
Srfbp1,7,11,18,25,10,16,19,11,18,14,18,25,6,15,15,18,15,18,16,19,6,26,18,11,11,6,16,12,14,18,11,9,12,7,12,7,12,12,9,6,15,7,10,3,9,12
Srgap1,6,1,0,3,4,2,2,2,3,0,4,1,2,2,0,6,6,2,4,2,2,3,4,4,1,1,3,2,4,3,5,1,1,1,2,0,1,2,4,1,4,2,2,1,1,5
Srgap2,6,2,1,0,2,2,3,3,1,1,4,3,0,1,1,3,1,2,1,0,0,1,5,1,1,1,4,2,2,3,3,0,1,3,1,1,1,1,0,2,2,1,2,1,0,2
Srgap3,2,0,3,0,2,4,6,2,1,5,5,1,1,4,2,3,3,1,3,1,1,1,4,1,6,1,0,0,4,1,2,1,0,0,1,2,0,1,1,3,3,2,1,1,1,1
Srgn,48,17,50,102,71,47,98,86,59,44,94,61,62,43,72,59,87,147,51,55,42,168,87,39,73,57,67,43,71,70,259,21,58,65,48,63,46,70,46,31,58,44,72,32,31,43
Sri,111,37,77,138,93,89,112,105,118,102,120,124,122,68,109,105,105,134,92,92,41,138,164,58,114,109,81,101,129,127,113,47,81,68,89,75,67,85,112,61,148,94,101,61,66,91
Srl,6,1,2,2,4,1,1,1,2,1,1,1,0,2,0,1,4,0,1,1,0,1,5,2,2,1,0,4,2,0,1,1,2,1,2,1,0,4,0,1,2,1,4,2,2,1
Srm,259,182,233,367,228,313,331,312,510,275,347,886,231,278,339,473,390,785,306,327,100,491,324,209,270,278,326,510,370,456,291,261,297,208,348,253,239,264,351,212,620,329,298,213,263,244
Srms,6,5,1,5,6,3,10,4,10,7,4,20,3,5,5,6,1,1,2,3,3,2,9,5,7,7,7,3,3,5,4,5,4,2,6,2,2,6,1,3,11,1,0,1,2,2
Srp14,328,158,292,419,339,358,384,376,453,316,457,473,301,309,378,379,491,639,302,324,172,500,424,253,301,304,294,346,382,437,456,293,346,302,375,296,288,334,353,210,452,355,339,218,297,288
Srp19,178,95,152,212,232,187,217,193,288,188,222,386,203,155,235,189,254,400,190,213,113,296,276,114,209,194,172,227,224,237,206,145,205,121,187,175,179,189,203,135,265,204,145,150,145,169
Srp68,213,109,185,288,151,237,214,181,381,245,263,420,205,225,255,415,334,358,275,249,76,288,279,197,188,227,231,292,239,250,250,186,230,143,249,211,132,254,279,158,375,254,171,177,221,235
Srp72,83,45,88,130,94,80,101,99,161,109,134,209,90,94,127,130,121,180,93,100,38,144,131,61,125,105,98,116,145,143,98,81,111,49,115,82,113,109,112,74,153,106,100,77,70,118
Srp9,320,136,290,447,301,341,355,302,564,381,420,544,330,350,447,543,506,521,352,349,122,454,424,263,364,374,306,410,438,442,300,274,355,243,406,407,303,325,399,242,590,442,339,266,332,350
Srpk1,18,15,19,29,29,29,27,26,21,32,32,28,39,28,17,33,31,32,18,32,12,26,36,15,34,21,24,25,37,37,35,16,27,24,26,20,23,34,29,13,43,22,27,14,20,15
Srpk2,2,0,2,3,2,1,3,4,3,2,4,7,2,3,0,4,1,4,1,5,0,5,1,1,3,4,2,5,5,4,3,0,7,0,5,3,3,4,3,1,7,4,4,1,5,2
Srpr,325,169,276,323,239,296,339,295,530,346,436,621,301,316,334,333,406,505,260,246,117,427,394,218,304,284,253,379,322,338,262,249,286,207,384,258,229,315,292,203,301,317,241,188,255,333
Srprb,23,21,19,21,7,24,15,14,32,20,17,49,19,16,23,24,14,27,12,15,9,18,24,23,14,14,14,22,12,19,23,17,18,18,15,20,17,14,17,13,22,15,14,7,24,17
Srpx2,9,6,2,13,4,9,12,14,8,11,11,10,9,5,10,12,17,12,8,10,7,15,12,13,11,17,5,10,16,10,6,11,3,9,2,4,4,14,4,5,16,8,5,2,7,9
Srr,80,31,79,95,60,90,73,65,95,93,103,125,62,86,113,92,90,95,88,80,37,118,146,64,71,84,55,111,142,116,55,86,111,46,115,82,67,108,71,53,79,90,105,53,68,69
Srrd,67,45,41,90,57,61,78,68,66,56,82,103,79,81,76,91,76,85,75,51,31,116,64,36,66,57,67,77,94,68,70,58,60,51,73,75,53,68,69,54,95,61,71,51,53,56
Srrm1,196,85,171,225,94,161,174,149,205,146,203,271,190,215,204,279,205,227,140,162,41,255,199,152,128,143,171,171,246,160,163,103,137,136,172,162,125,165,143,82,218,150,166,93,132,141
Srrm2,182,116,200,251,142,151,202,162,251,208,229,258,175,164,199,186,222,230,259,162,65,264,201,126,144,126,196,180,226,185,155,123,181,160,187,177,144,217,190,129,269,200,190,170,177,208
Srrm4,2,0,3,9,4,2,3,3,12,0,6,3,1,3,0,0,4,15,1,1,1,10,4,0,2,2,0,2,3,4,1,2,1,1,2,0,3,0,1,2,2,1,2,2,0,1
Srrt,106,78,127,187,89,116,141,138,144,135,157,191,140,118,149,129,136,166,125,125,38,153,143,101,96,90,106,163,146,112,119,80,98,111,122,89,90,116,106,95,180,85,90,68,87,100
Srsf1,7,1,3,10,4,3,8,6,5,12,10,14,9,8,9,7,5,12,3,4,1,7,8,5,6,10,10,10,7,8,0,2,3,0,5,3,7,3,4,2,2,9,4,5,3,3
Srsf10,11,4,6,11,10,10,20,6,16,11,10,17,10,14,11,8,10,16,10,10,3,4,9,6,9,9,11,17,16,10,7,3,9,4,11,8,8,6,4,4,11,11,10,5,15,15
Srsf11,137,65,151,246,172,167,229,161,167,172,188,249,151,146,209,180,168,234,176,129,65,315,196,131,176,151,136,149,212,166,115,133,170,92,122,138,144,161,172,93,225,133,144,136,105,138
Srsf2,87,61,102,137,111,117,136,103,148,117,112,236,115,116,133,129,157,182,138,132,49,229,148,81,112,88,97,171,122,139,95,93,124,75,100,88,82,95,105,62,136,111,103,67,87,98
Srsf3,29,11,12,28,29,19,35,37,63,32,38,97,25,28,42,42,37,61,30,32,14,38,36,21,36,35,32,46,44,33,40,27,30,12,23,21,40,27,31,24,38,35,42,24,24,32
Srsf4,100,64,90,160,66,86,103,94,138,110,96,106,112,127,105,150,158,108,113,63,36,113,109,79,105,89,83,121,120,98,111,78,82,57,91,69,74,104,68,61,129,86,100,78,85,102
Srsf5,550,313,475,1171,456,399,617,555,833,645,931,740,651,536,570,867,767,732,618,457,211,1122,609,405,507,545,545,576,717,488,459,457,606,324,585,600,548,524,456,290,751,515,588,490,450,545
Srsf6,58,30,39,78,59,40,66,53,40,76,75,76,52,48,71,80,68,109,85,54,22,112,58,30,31,50,39,53,48,57,29,31,55,20,48,34,33,49,38,31,56,46,35,44,36,34
Srsf7,15,10,13,15,11,23,24,24,30,21,16,33,15,13,22,21,34,13,16,14,7,11,45,19,29,15,16,31,27,14,15,23,17,6,12,13,12,17,14,17,12,20,23,12,18,15
Srsf9,208,117,178,268,181,192,233,186,260,198,264,284,186,176,213,267,272,344,233,213,68,327,270,161,185,215,247,228,260,230,207,153,168,142,227,149,172,216,233,108,274,205,229,141,188,174
Srxn1,145,74,140,245,198,111,227,246,147,160,193,242,139,123,178,223,287,2311,155,152,79,1368,155,125,135,182,144,206,165,153,1291,143,147,136,188,183,144,180,144,117,198,141,149,116,140,127
Ss18,38,10,39,61,47,44,47,44,42,33,52,59,57,45,52,64,58,69,53,42,18,65,52,31,52,45,36,43,73,53,32,32,46,29,43,36,39,31,49,20,66,50,40,31,31,31
Ss18l1,21,5,16,26,10,13,20,11,16,11,21,19,11,17,12,15,13,8,14,14,4,7,11,7,6,16,15,16,17,13,7,5,15,7,10,13,6,14,16,5,12,11,18,10,16,9
Ssb,134,55,111,147,71,101,155,79,141,119,143,163,116,123,141,108,118,159,118,141,31,135,163,86,104,82,78,105,135,133,86,87,93,50,85,77,74,110,97,71,167,108,67,61,90,83
Ssbp1,50,22,64,70,47,67,67,68,76,59,67,80,75,49,49,71,54,84,56,63,21,85,61,37,56,48,65,64,90,55,53,47,52,44,66,69,42,69,60,61,78,58,57,40,52,56
Ssbp3,132,61,123,144,134,150,132,146,150,159,175,185,124,98,178,227,175,136,178,159,66,159,174,133,126,173,156,167,217,174,132,118,171,101,134,153,136,138,150,93,220,169,158,114,158,140
Ssbp4,13,13,27,42,24,22,33,36,32,15,33,37,29,14,28,31,27,45,17,17,11,45,33,14,29,23,25,14,15,22,41,18,15,24,14,23,11,24,23,9,17,19,13,11,12,20
Ssc4d,6,2,4,6,2,4,4,7,7,7,6,7,6,5,5,8,9,16,5,6,2,5,8,8,4,6,0,8,3,7,5,4,10,2,5,8,4,4,5,2,7,6,4,2,5,6
Ssfa2,73,50,77,156,103,76,129,107,129,100,103,135,103,127,122,129,121,130,99,73,47,149,125,77,84,83,95,126,143,130,73,82,84,53,97,79,90,89,77,46,98,97,105,52,68,79
Ssh1,2,1,1,2,3,4,0,0,3,3,3,1,1,0,1,2,2,0,2,3,2,2,6,0,2,5,3,1,2,0,0,0,2,1,4,1,2,1,3,0,2,2,4,1,2,1
Ssh2,56,22,49,112,46,69,72,74,66,54,66,72,45,52,52,82,92,75,65,42,19,78,68,47,77,65,73,58,76,89,52,36,45,34,50,37,52,56,41,36,64,54,60,34,46,53
Ssh3,22,7,29,38,26,32,26,23,45,22,32,25,27,22,22,24,32,26,21,18,8,49,29,18,25,26,28,7,19,27,21,15,23,20,19,21,21,20,18,22,30,20,28,18,18,15
Ssna1,128,58,110,147,97,95,152,128,146,125,127,173,130,122,139,129,130,149,130,126,51,132,120,95,142,101,122,144,140,127,134,100,119,77,133,88,92,110,126,69,177,129,99,93,118,107
Sspn,0,2,4,7,4,6,2,5,10,4,5,4,7,2,5,9,5,15,2,7,2,9,4,1,8,4,2,5,11,5,3,2,3,2,2,4,4,2,4,4,10,1,4,3,2,5
Ssr1,18,9,17,15,23,10,22,10,25,12,17,31,14,19,15,25,19,17,23,14,8,18,36,11,30,23,20,18,13,17,5,19,14,8,18,16,8,19,16,9,34,24,19,16,11,11
Ssr2,516,275,469,643,438,594,638,576,711,517,674,1135,499,478,626,691,652,1040,652,568,181,696,673,357,523,466,548,700,643,601,571,359,521,487,570,458,431,567,587,317,647,491,582,404,470,410
Ssr3,259,165,219,356,294,265,313,263,470,325,371,605,302,232,369,422,305,448,266,275,124,332,435,219,302,348,352,399,417,366,217,249,322,131,324,268,268,289,304,163,475,290,295,228,224,259
Ssr4,886,470,843,1328,734,845,1116,1024,1563,995,1105,1775,932,911,1120,1189,1185,1727,983,943,274,1462,1159,585,1147,906,951,1052,1173,973,637,655,906,581,1052,817,775,954,982,606,1304,1037,943,625,714,908
Ssrp1,293,102,185,242,210,180,219,203,210,200,232,273,193,170,188,281,232,406,170,180,83,349,251,94,150,133,207,195,227,179,199,116,158,153,176,137,125,166,159,140,238,131,188,87,107,157
Sssca1,168,72,157,197,106,167,196,161,208,149,223,261,149,147,173,204,189,271,150,152,61,263,134,128,161,127,144,207,197,161,187,124,175,128,179,107,120,162,168,96,180,146,138,127,110,134
Sstr2,10,8,5,17,10,4,5,9,11,9,3,32,11,10,7,12,13,21,11,5,2,30,16,2,3,9,4,4,4,1,0,5,4,5,8,4,5,9,10,5,14,8,5,9,3,9
Ssu72,285,121,252,388,239,293,288,336,442,337,357,502,360,318,388,369,342,444,228,314,113,470,414,231,340,337,278,328,401,387,304,222,348,237,301,318,271,304,364,234,443,349,301,227,297,291
Ssx2ip,22,15,22,31,27,27,22,21,33,32,20,25,28,24,25,26,26,26,14,11,8,43,24,4,18,19,18,27,30,27,21,14,24,8,24,25,21,23,22,13,21,18,32,10,17,19
St13,190,97,135,247,219,195,183,194,269,230,227,281,239,235,252,305,313,263,175,194,88,245,260,139,215,214,226,227,282,260,210,155,143,96,221,168,218,208,240,125,291,257,188,181,197,175
St14,3,1,3,6,5,5,4,6,3,3,3,6,11,4,5,5,7,7,2,2,2,4,3,0,1,6,1,3,6,3,6,0,5,6,6,1,0,7,4,0,2,1,2,0,1,2
St3gal1,223,148,310,361,289,285,290,261,462,212,360,402,274,221,268,283,250,137,176,209,110,198,270,216,264,282,331,259,321,255,183,132,193,110,193,171,189,216,135,130,261,200,175,181,199,224
St3gal2,6,6,3,5,6,5,7,12,3,6,16,10,9,7,7,7,9,29,6,1,2,19,14,2,3,8,5,9,3,3,7,4,5,0,6,3,2,6,6,2,3,1,3,4,8,8
St3gal3,303,126,248,354,258,373,313,355,392,272,441,367,260,255,370,392,363,328,284,303,70,287,356,198,332,316,330,301,380,395,323,275,291,231,365,322,296,364,358,187,447,283,360,251,301,249
St3gal4,199,115,180,177,246,195,179,144,319,227,232,320,232,201,188,231,238,158,177,187,75,159,201,132,150,172,241,172,214,185,142,107,188,107,174,133,127,175,177,108,240,129,161,138,171,143
St3gal5,307,173,305,603,372,328,317,320,824,458,445,486,830,905,685,599,613,723,255,239,136,676,527,290,304,497,479,363,437,314,274,280,336,331,444,520,383,473,397,281,502,360,400,299,345,330
St3gal6,6,1,5,8,6,9,6,4,6,7,2,3,1,3,6,9,3,3,7,3,1,1,17,1,6,2,1,1,2,7,2,3,3,1,6,8,2,1,2,2,3,3,3,2,1,2
St5,150,61,118,227,117,141,205,143,129,90,157,104,109,88,157,168,91,238,105,96,54,188,147,99,149,120,105,136,193,150,131,106,129,106,184,132,147,125,123,86,192,120,149,92,114,116
St6gal1,368,177,363,564,792,361,298,330,1414,370,543,709,347,308,418,613,606,302,290,365,181,354,346,244,348,314,499,375,460,514,525,222,353,238,359,336,272,289,311,192,477,246,338,240,295,289
St6galnac2,5,3,5,5,7,3,2,4,7,4,7,9,10,5,2,3,3,7,5,4,3,4,7,2,5,4,2,5,2,8,7,4,5,3,2,5,1,5,3,6,5,0,8,4,7,7
St6galnac4,0,1,3,3,2,2,2,6,3,5,3,7,4,2,4,1,3,3,2,3,2,0,1,7,3,0,2,5,1,5,18,4,2,3,4,4,1,0,3,0,0,5,4,9,4,8
St6galnac6,140,67,119,165,148,155,146,138,204,119,188,198,152,112,160,174,144,76,133,133,46,105,167,133,180,148,172,162,197,159,103,111,176,139,176,155,142,129,162,110,236,185,163,163,163,145
St7,15,10,20,34,22,22,30,31,28,16,36,32,30,28,35,32,34,61,25,28,11,49,39,22,36,31,22,34,32,38,20,21,24,14,38,22,24,38,26,17,30,26,26,23,27,28
St7l,3,3,3,5,6,2,2,4,8,3,6,12,6,3,4,7,6,8,5,5,2,3,6,4,4,8,4,3,10,9,1,2,4,4,7,4,8,5,6,2,7,4,2,5,2,4
Stab1,95,45,70,88,77,64,98,92,122,80,90,88,108,73,101,117,85,95,66,79,25,102,92,63,86,67,98,64,107,97,112,61,73,78,83,95,70,88,56,45,106,69,85,53,66,108
Stab2,98,51,105,159,126,106,145,130,201,108,157,165,157,109,122,166,120,161,99,96,48,207,144,80,131,120,128,133,194,196,111,59,99,95,117,91,82,134,125,59,154,108,119,72,109,104
Stac3,1,1,2,2,1,2,3,0,2,3,2,5,1,2,1,0,5,0,3,0,0,5,3,1,2,3,0,2,3,1,2,3,5,2,1,3,0,0,2,2,4,1,2,1,2,6
Stag1,27,14,40,44,34,30,38,24,43,34,37,47,38,25,34,41,52,92,44,27,20,60,36,17,30,31,26,25,51,38,21,12,29,14,16,23,22,30,23,20,44,29,13,23,14,24
Stag2,19,7,14,21,16,14,17,12,18,15,15,16,11,9,13,18,10,18,19,9,6,20,12,7,8,10,5,9,17,12,4,9,9,2,6,9,4,12,7,3,6,8,7,4,2,10
Stam,8,6,11,20,4,17,10,14,21,8,19,13,16,9,19,12,17,22,11,15,9,22,14,12,14,13,7,17,14,10,7,14,11,4,13,11,11,6,8,5,16,15,17,7,16,17
Stam2,18,5,9,21,10,10,6,10,19,9,16,16,13,16,22,24,14,17,12,7,5,8,16,10,13,14,4,21,20,25,14,15,9,7,14,6,11,14,3,6,14,10,15,10,11,13
Stambp,33,15,33,52,38,43,50,44,69,55,45,56,45,39,49,69,52,41,46,41,20,62,77,37,57,51,42,57,70,49,47,25,55,43,52,38,45,50,55,30,79,51,72,26,56,43
Stamos,3,0,5,5,8,3,2,5,8,4,5,7,7,3,4,6,7,7,6,5,2,11,4,1,3,5,2,3,4,5,5,4,5,5,2,6,2,0,5,4,4,4,7,3,4,6
Stap2,275,116,306,449,474,358,394,403,658,269,396,446,351,245,359,381,376,446,268,292,144,336,384,221,346,364,307,308,383,387,404,180,270,210,293,307,239,330,302,163,472,278,295,236,255,229
Star,3,0,1,6,1,1,2,5,2,4,2,4,3,2,4,7,0,5,2,1,4,6,2,3,3,4,1,8,6,4,3,2,2,3,2,1,2,2,1,1,5,2,1,3,3,5
Stard10,5745,2407,4504,6890,4083,5730,6183,5474,7396,5458,6937,6236,5334,5772,6887,6201,6848,6580,5789,5626,1847,7675,6740,3723,5865,5101,5390,7091,7677,6842,4780,3936,5523,4278,4975,4721,3345,6066,6743,3698,7012,6034,4581,4015,4865,4483
Stard13,48,29,35,69,31,65,39,51,89,60,52,81,33,37,65,86,84,41,72,46,20,67,68,30,51,41,36,55,59,36,34,39,48,51,61,53,40,45,43,34,74,38,42,51,39,40
Stard3,121,75,121,227,99,131,139,123,177,101,149,149,128,127,136,160,130,142,116,93,41,144,133,100,146,123,119,115,162,143,107,82,114,95,122,97,95,134,128,79,155,123,113,96,106,103
Stard3nl,29,17,24,34,24,27,35,26,60,34,37,36,27,25,35,32,20,67,33,33,6,36,39,25,21,22,36,21,37,29,38,18,22,26,30,24,23,28,22,15,35,23,21,25,14,32
Stard4,217,65,83,98,161,97,106,66,83,108,118,163,57,56,70,210,147,37,117,103,58,32,118,48,78,59,159,98,105,79,43,39,75,49,58,58,36,52,77,36,91,45,45,33,46,45
Stard5,122,52,112,195,84,109,148,117,165,128,148,123,125,103,141,225,145,138,156,131,35,198,172,83,120,113,84,144,193,136,78,104,93,84,133,98,87,135,77,92,151,163,120,77,111,126
Stard7,154,68,166,210,138,167,181,145,218,160,174,170,161,147,191,194,168,239,147,154,53,321,232,91,138,155,115,174,263,252,130,104,159,58,145,120,145,159,122,105,177,149,172,101,132,162
Stard8,22,17,24,33,31,20,37,30,16,21,33,34,33,41,28,39,33,36,19,33,10,57,52,20,23,16,17,36,35,43,26,20,23,13,28,27,16,28,12,14,28,18,30,19,23,29
Stat1,14,8,8,25,19,9,34,19,14,14,27,15,15,14,24,11,12,12,17,17,13,15,11,11,13,5,15,20,17,25,109,13,20,19,14,12,12,11,9,8,11,13,12,12,16,6
Stat2,249,117,223,290,273,239,253,225,380,184,331,459,163,176,273,184,188,164,188,228,80,156,259,165,250,218,230,200,235,199,247,146,201,184,178,169,143,200,205,129,249,194,186,169,187,155
Stat3,383,162,373,435,341,419,361,333,729,275,518,460,290,318,365,490,388,278,332,387,107,344,299,172,347,250,433,297,383,367,380,176,270,257,412,297,244,277,325,158,400,246,333,238,271,256
Stat4,0,0,2,1,5,2,5,2,0,1,2,1,1,0,1,2,3,6,3,0,2,1,2,1,1,0,1,1,0,0,4,3,0,0,2,0,2,3,3,0,1,1,1,1,1,0
Stat5a,50,29,46,78,59,68,49,78,64,56,67,80,41,54,61,59,57,66,47,44,24,73,67,32,70,57,52,61,57,44,51,55,60,46,71,32,35,66,61,31,73,54,64,49,53,50
Stat5b,224,92,198,310,188,176,237,186,267,220,267,199,214,194,237,352,307,285,215,160,84,351,206,174,286,222,225,245,259,255,217,187,214,167,222,186,207,225,240,140,345,227,255,197,226,229
Stat6,115,55,116,203,85,90,141,116,141,116,179,160,111,87,106,161,130,123,139,106,22,100,131,99,109,87,107,115,109,124,117,89,120,99,100,112,92,113,101,79,124,88,111,88,86,92
Stau1,270,130,236,358,270,225,307,286,318,250,302,313,258,267,259,351,363,321,310,253,112,374,305,176,224,260,268,287,385,307,236,204,300,188,274,252,221,246,291,179,379,256,255,195,264,225
Stau2,2,2,3,3,2,1,2,9,4,2,6,4,4,3,4,5,1,12,3,0,0,5,6,2,6,4,1,6,10,5,3,6,2,4,2,2,5,4,8,3,4,9,4,2,5,6
Stbd1,327,202,368,614,276,346,351,274,373,298,366,346,311,292,404,553,517,478,410,294,130,406,383,200,299,395,278,308,357,316,259,253,286,232,382,200,252,306,297,155,476,259,341,215,204,299
Steap1,5,0,0,1,1,0,0,1,1,3,2,2,2,0,4,3,2,8,5,0,0,3,5,2,0,2,1,2,1,4,0,0,3,1,0,0,1,2,2,0,4,3,1,0,3,1
Steap3,22,13,13,32,15,19,31,21,22,11,24,26,19,18,13,14,24,28,20,16,8,26,27,19,15,27,24,22,31,26,15,7,12,13,14,21,17,20,28,11,39,36,22,15,11,24
Steap4,617,436,903,1122,3543,1561,709,912,4899,520,1701,2429,877,576,1057,867,1052,801,594,848,594,605,808,473,1114,729,1469,827,862,1207,2631,538,895,640,773,555,509,571,623,390,1305,569,674,570,527,500
Stim1,81,53,88,121,58,72,83,50,80,50,116,123,66,53,70,105,98,81,73,59,21,82,79,42,67,50,59,54,64,57,53,49,50,48,57,41,44,52,59,37,70,39,55,51,30,25
Stim2,3,0,3,0,2,2,2,3,3,2,2,1,3,5,3,2,3,0,4,0,0,4,4,1,2,2,2,4,3,4,0,2,2,1,3,3,0,5,3,1,7,3,2,1,3,6
Stip1,258,115,174,233,223,248,285,276,340,257,312,441,226,230,303,279,351,258,283,267,86,229,288,191,226,261,263,371,258,295,243,207,284,234,252,242,232,247,254,141,394,211,200,237,156,165
Stk10,7,8,15,27,17,10,25,30,20,11,31,21,22,12,22,26,22,53,13,15,8,50,20,13,16,13,20,12,22,23,44,13,13,12,7,13,25,14,11,9,19,21,14,9,4,11
Stk11,455,252,381,491,295,388,419,388,420,430,504,408,363,361,406,528,495,386,472,393,120,374,438,306,387,404,369,433,535,414,347,260,386,291,391,373,294,419,462,242,541,394,431,294,334,330
Stk11ip,15,10,14,25,13,12,17,17,11,14,21,21,20,13,14,16,22,40,12,10,9,36,18,8,10,10,7,10,22,14,17,9,15,8,17,14,8,17,12,13,17,14,10,8,8,10
Stk16,17,8,23,25,8,20,23,20,21,17,41,28,14,26,17,26,23,13,23,24,5,12,22,10,10,19,19,16,18,21,21,14,25,20,15,17,19,24,22,14,34,21,14,12,16,20
Stk17b,4,5,7,14,8,7,12,12,9,15,14,15,4,7,10,5,10,12,8,5,4,14,4,5,4,8,8,9,7,10,9,5,6,1,7,4,6,8,3,2,4,2,8,6,1,4
Stk19,69,41,84,109,71,87,88,73,90,61,109,112,87,68,66,88,85,102,69,54,18,115,81,34,105,88,77,76,77,84,80,52,73,53,108,89,46,82,82,48,120,71,80,66,57,72
Stk24,64,34,60,83,49,61,73,54,78,82,79,86,69,51,76,92,73,103,74,52,25,112,83,35,69,61,73,64,83,83,66,31,58,42,69,53,46,54,56,39,75,54,65,33,41,55
Stk25,4,1,1,1,4,3,4,1,5,1,1,10,2,3,2,8,2,6,0,3,0,3,1,2,1,2,2,4,6,4,3,3,1,0,2,1,0,1,7,0,1,3,4,0,3,4
Stk3,12,5,7,17,12,7,20,17,20,11,19,10,13,10,9,16,14,17,9,12,4,19,12,6,13,16,11,12,25,11,12,6,15,8,11,7,11,11,11,6,11,8,11,7,7,7
Stk35,18,11,18,30,18,19,24,22,23,21,31,17,15,15,27,22,19,21,15,13,6,11,24,12,24,15,17,17,13,29,18,14,17,10,17,15,16,21,18,8,16,25,21,14,23,18
Stk36,2,0,2,4,2,4,7,4,3,1,6,16,2,0,4,7,2,6,2,2,1,2,2,3,2,4,4,6,1,4,0,3,2,3,1,2,0,4,4,2,9,1,0,3,3,1
Stk38,167,76,128,217,180,124,182,179,225,163,210,187,150,170,184,203,178,214,152,146,91,261,211,119,146,149,146,151,196,165,141,127,147,88,169,160,145,154,147,82,211,130,157,115,112,136
Stk38l,20,9,18,23,24,17,24,21,36,30,23,46,17,15,25,25,29,16,20,24,8,25,32,24,16,17,35,23,46,29,39,20,28,7,19,25,14,23,20,14,29,22,30,13,19,21
Stk39,1,0,0,3,2,2,2,0,4,1,6,3,1,0,2,1,0,6,6,4,2,13,7,1,1,6,1,2,4,4,2,0,6,1,3,1,2,2,3,2,8,3,5,3,1,2
Stk4,24,16,27,44,29,37,34,45,47,46,40,54,36,37,38,42,43,52,37,29,14,39,37,23,32,45,36,43,45,57,34,16,28,14,17,26,20,35,28,22,46,31,35,14,25,37
Stk40,358,209,288,572,240,280,361,281,236,264,378,340,322,209,313,382,391,314,277,234,97,340,313,179,217,251,285,218,283,269,296,188,266,237,259,264,182,197,224,108,328,193,216,216,171,186
Stmn1,7,2,8,17,7,14,12,26,7,4,11,4,11,9,7,8,11,47,7,9,4,10,4,1,10,10,7,10,13,12,18,9,5,6,11,16,18,12,5,0,13,4,14,7,3,5
Stom,163,59,129,218,105,131,203,147,142,140,218,168,128,144,214,217,205,165,194,156,45,155,169,118,133,126,140,167,180,159,199,138,159,173,177,195,137,176,192,92,204,158,150,118,132,138
Stoml1,20,7,13,30,11,5,17,22,14,13,23,17,14,5,10,15,15,24,13,12,5,28,14,8,11,17,14,23,15,13,18,12,19,13,20,14,11,15,12,4,19,12,9,11,13,10
Stoml2,216,88,157,304,151,189,248,239,240,236,242,249,240,184,251,235,264,348,215,230,71,232,254,153,233,176,222,282,276,281,182,140,202,181,268,257,190,237,268,182,345,310,276,193,229,253
Ston2,18,7,13,19,25,15,18,23,32,21,11,45,19,9,11,26,10,28,24,21,10,25,25,16,19,23,25,22,17,22,35,16,13,12,18,17,13,17,15,18,35,23,18,21,19,10
Stox2,6,1,1,1,5,2,6,1,1,1,1,6,0,2,2,5,5,1,6,0,0,3,1,2,2,2,2,2,1,1,3,0,2,2,1,0,0,3,2,1,3,1,4,2,0,0
Stra13,274,108,233,364,155,287,301,228,351,232,302,302,267,261,291,306,349,275,271,218,104,245,334,192,337,240,205,289,383,333,204,197,259,208,225,215,191,253,305,163,355,273,247,178,267,216
Stra6l,319,156,365,426,452,344,418,392,750,347,437,633,351,316,416,332,329,427,329,350,153,486,437,313,491,428,443,412,593,490,320,337,386,293,340,339,305,311,385,233,576,384,366,310,331,332
Strada,12,5,5,18,9,10,25,24,19,7,21,23,13,10,15,22,32,26,15,15,10,26,15,6,23,23,11,25,15,21,25,8,19,17,16,15,10,25,14,12,17,8,21,14,8,12
Stradb,113,50,94,165,73,118,140,97,168,95,143,132,145,105,112,134,159,109,117,93,37,139,186,101,126,166,87,153,161,142,78,100,126,81,142,149,115,117,135,90,172,155,118,86,103,97
Strap,269,144,273,464,249,276,308,209,415,306,337,387,339,311,363,424,407,441,319,264,118,560,396,197,317,327,286,297,379,329,229,242,308,202,293,252,247,264,279,158,336,281,283,209,235,244
Strbp,37,14,19,39,26,29,24,16,38,20,47,31,21,23,30,62,41,39,33,26,8,44,19,14,30,23,23,23,26,32,31,20,28,17,27,23,28,23,20,10,26,18,38,23,25,31
Strip1,65,39,67,81,58,46,66,86,75,76,60,109,50,70,76,83,69,91,63,56,22,89,79,57,62,69,56,54,80,82,98,56,66,48,75,67,34,63,61,38,88,64,74,48,63,62
Strn3,14,12,14,21,10,12,20,12,19,11,17,28,10,12,12,16,17,12,14,6,5,18,13,8,17,13,7,16,21,20,11,6,19,1,15,9,10,12,9,11,6,14,10,11,11,17
Strn4,102,44,91,166,79,112,113,88,157,111,118,129,113,110,121,157,156,133,99,102,35,159,122,72,114,107,100,97,123,121,104,60,91,90,109,84,87,109,108,82,172,122,126,94,127,136
Stt3a,22,18,18,30,19,15,24,28,52,17,27,48,22,19,36,24,27,42,28,26,9,35,31,19,20,34,36,46,52,48,16,22,36,8,23,21,25,15,19,22,23,22,31,21,15,24
Stt3b,212,116,188,299,222,272,210,180,376,235,236,449,236,214,262,286,307,420,232,227,94,353,289,146,178,236,228,297,294,291,218,204,227,133,254,217,228,207,249,124,308,207,238,142,195,185
Stub1,520,213,412,613,361,391,414,422,505,458,601,590,493,392,505,588,572,854,430,408,160,773,434,277,429,397,445,474,524,425,400,256,391,320,453,366,325,429,395,254,540,434,425,345,395,372
Stx11,0,2,0,3,4,6,8,3,5,0,1,1,4,1,1,1,4,7,3,2,1,4,5,1,1,2,6,2,3,1,10,0,3,0,0,1,1,5,1,1,3,2,2,2,1,0
Stx12,42,21,36,65,25,37,55,54,71,40,53,65,57,37,49,44,47,85,39,35,16,80,57,25,38,46,38,32,63,56,45,28,46,25,32,34,36,36,45,29,46,50,33,23,35,34
Stx16,126,77,109,168,123,115,126,132,132,95,163,159,144,115,138,129,139,135,126,90,66,163,141,83,119,122,110,131,112,137,112,101,124,94,118,128,111,121,111,51,172,98,114,92,88,104
Stx17,39,16,42,88,63,56,69,51,76,46,84,58,39,38,63,69,62,66,47,51,24,91,62,31,49,67,45,42,65,68,46,40,72,27,59,45,63,47,44,26,79,44,35,41,51,43
Stx18,28,19,28,32,38,36,27,38,57,16,25,50,39,31,44,48,57,50,37,42,18,53,39,37,35,30,27,59,42,46,29,29,31,22,23,36,23,42,36,24,49,27,41,25,35,33
Stx1a,6,0,7,2,1,4,4,5,2,3,8,4,6,2,2,10,7,9,2,6,4,5,9,4,4,1,1,1,3,4,7,3,6,3,3,7,3,7,4,1,2,4,2,2,3,2
Stx2,44,27,48,61,58,65,47,64,65,44,68,68,45,60,67,79,69,99,54,46,20,83,82,46,63,59,57,71,71,72,70,55,89,54,83,57,49,62,61,43,95,57,57,46,66,49
Stx3,7,5,1,7,11,7,9,10,10,6,10,8,11,10,9,5,3,25,3,5,2,34,4,4,8,7,8,3,2,6,20,4,7,3,5,1,3,6,3,3,7,4,9,4,0,1
Stx4a,120,44,151,128,66,126,138,80,176,112,141,122,196,119,121,166,165,109,80,115,27,82,195,119,137,170,68,130,217,155,105,75,91,92,165,152,159,182,144,98,205,138,179,147,147,139
Stx5a,211,158,259,391,172,337,274,343,467,269,316,590,286,274,339,353,332,419,203,288,91,399,303,183,230,243,279,330,317,292,291,237,287,226,332,167,177,343,266,197,461,296,281,200,227,282
Stx6,23,7,20,30,18,18,25,29,40,13,35,54,24,19,37,29,28,32,42,22,10,31,23,21,20,15,25,22,27,17,34,16,21,16,20,25,18,36,20,21,34,23,21,14,28,24
Stx7,50,20,44,56,52,43,67,61,77,62,60,63,58,54,60,52,52,80,39,43,23,64,65,46,52,56,55,58,73,55,79,37,59,37,46,53,44,51,43,23,75,67,53,24,41,54
Stxbp1,13,8,12,11,14,8,14,11,18,14,20,13,19,9,12,15,17,7,21,7,2,17,12,3,11,9,9,16,14,9,32,8,10,14,9,10,9,13,18,3,9,8,13,11,11,11
Stxbp2,124,82,168,272,146,147,210,195,196,141,227,167,192,97,178,207,208,265,135,155,62,252,177,92,170,157,85,143,170,167,135,137,133,146,141,134,88,162,136,118,194,159,145,144,131,157
Stxbp3,77,40,65,129,76,62,108,75,119,110,100,96,103,99,80,88,125,149,109,81,34,143,104,62,87,88,84,103,122,96,88,64,96,47,80,92,88,71,85,46,99,85,96,58,60,76
Sub1,15,9,22,18,19,21,23,27,26,28,28,38,31,27,25,24,35,18,30,25,16,30,43,28,37,25,26,32,56,31,32,23,31,18,27,15,33,40,43,16,52,38,47,27,39,35
Sucla2,279,109,189,334,230,293,285,253,334,311,299,321,299,265,359,343,378,396,236,224,148,491,420,220,283,312,240,381,506,412,212,219,281,137,328,297,312,315,291,180,396,318,377,196,252,298
Suclg1,1340,613,1206,2041,1443,1574,1611,1399,1808,1392,1866,1824,1742,1509,1903,1897,2225,2450,1561,1440,738,3414,2096,1083,1643,1637,1366,1893,2250,2062,1205,1366,1808,1266,1815,1947,1672,1635,2006,1053,2406,1777,1804,1440,1529,1636
Suclg2,11,7,11,25,8,13,14,16,20,10,17,20,14,14,22,28,20,17,16,14,5,20,14,9,16,16,14,17,19,21,23,9,15,17,15,18,8,17,6,15,17,25,17,4,13,12
Sucnr1,80,36,58,111,47,77,149,94,57,87,61,49,119,71,70,76,74,36,157,76,38,42,267,157,157,127,64,168,292,188,49,137,199,99,134,203,157,177,158,141,257,184,191,105,137,163
Suco,18,10,28,44,24,19,38,22,43,17,36,34,27,30,24,37,35,47,23,24,11,32,23,10,12,15,27,36,28,31,17,24,17,21,26,19,13,15,16,14,28,10,22,19,12,19
Suds3,474,242,372,622,282,459,422,384,423,392,598,508,477,413,546,666,625,508,490,352,147,650,388,278,401,504,418,463,588,517,376,355,444,344,446,358,406,398,472,283,534,497,449,321,420,429
Sufu,6,8,10,7,11,9,12,14,18,18,7,12,13,8,13,14,13,15,13,6,1,12,14,4,11,14,5,13,11,14,9,8,9,9,8,7,17,9,10,2,17,6,10,8,5,7
Sugct,129,57,152,167,82,122,118,95,135,124,214,128,150,153,167,206,253,134,170,146,83,227,183,124,114,124,95,163,181,189,126,127,184,98,182,139,122,152,132,86,218,138,185,115,120,114
Sugp1,57,43,74,117,76,70,64,90,120,97,119,116,86,71,99,106,137,139,88,56,36,150,70,79,92,96,75,102,89,82,85,59,89,76,88,61,64,79,82,32,117,72,83,60,71,78
Sugp2,29,27,22,43,25,25,30,36,35,35,46,44,21,31,39,39,31,44,19,22,16,40,24,23,24,25,29,37,30,38,33,17,39,19,23,24,35,35,40,24,46,35,27,21,24,25
Sugt1,113,58,99,163,106,107,120,145,158,136,130,155,130,114,124,139,161,180,126,96,46,198,143,85,126,122,92,90,134,155,85,75,130,74,109,102,87,127,108,76,161,114,99,75,96,108
Sulf1,3,2,4,3,6,3,3,2,6,3,6,3,5,3,3,8,2,4,3,3,0,2,6,4,3,2,3,6,6,9,3,0,7,1,3,1,3,2,2,1,5,3,4,5,1,4
Sulf2,11,4,20,34,16,31,36,16,37,12,16,15,30,43,23,18,19,131,14,20,12,124,36,61,41,29,29,29,60,50,34,34,27,30,30,52,32,19,38,26,52,42,39,44,32,31
Sult1a1,1876,1063,1895,2990,2839,2107,2203,2253,5483,2455,2063,3251,3465,2849,2802,2407,2392,3915,1722,1931,943,5436,2846,1631,2020,2159,2023,2261,4628,2401,1199,1392,1857,1344,2059,1883,2407,2245,2191,1361,2575,1785,2261,1568,2034,2084
Sult1c2,14,8,6,25,8,5,13,12,9,24,7,11,11,17,19,18,19,22,16,13,9,21,17,15,13,12,7,20,19,8,5,9,18,11,11,10,22,9,9,7,12,7,24,17,22,12
Sult1d1,4,4,5,6,3,4,5,3,9,5,2,8,9,6,6,4,3,2,2,2,0,8,3,8,6,5,3,2,11,7,0,2,1,5,5,1,7,7,3,2,10,7,3,3,5,4
Sult2a8,46,16,28,52,15,60,59,37,8,56,57,23,36,33,55,75,63,4,69,46,15,0,45,35,63,36,51,55,65,65,7,37,54,22,49,43,27,47,61,25,74,73,42,43,43,48
Sult5a1,15,3,14,12,19,17,48,32,33,24,27,14,20,10,22,12,21,3,17,27,19,6,36,46,67,28,59,17,26,83,48,21,14,23,26,25,16,33,29,31,26,43,35,24,18,20
Sumf1,79,45,73,134,62,71,92,97,121,87,106,134,88,88,108,98,106,126,98,84,25,153,98,63,82,76,85,86,114,91,119,71,87,69,101,89,88,89,107,56,127,109,87,80,69,93
Sumf2,12,9,17,24,18,8,9,12,16,11,13,17,21,11,24,15,20,15,9,9,6,19,21,14,13,13,12,17,21,15,12,12,11,13,11,12,12,9,13,13,27,17,8,10,9,6
Sumo1,85,28,53,136,69,78,78,91,148,87,103,147,106,69,109,102,120,133,73,85,28,113,143,56,101,84,81,100,113,114,80,53,68,44,108,100,83,86,95,54,139,110,101,53,76,103
Sumo3,142,52,126,214,111,122,135,155,255,167,167,242,194,168,174,244,180,261,140,143,63,285,225,116,149,197,147,164,234,176,183,132,126,104,182,155,145,153,179,115,218,175,168,121,107,157
Sun1,42,16,44,74,51,43,60,37,74,57,54,80,69,50,39,62,83,52,53,47,25,88,65,28,57,65,29,46,68,50,33,38,41,31,33,42,51,43,46,26,61,36,40,31,34,32
Sun2,237,135,238,511,189,236,309,188,201,241,481,214,291,231,306,383,387,368,247,191,103,397,170,163,265,185,227,213,303,355,210,195,240,178,239,221,208,243,275,119,308,248,283,216,220,198
Sun3,0,0,1,2,0,1,1,1,5,0,1,2,2,4,5,1,1,0,0,3,2,1,1,2,0,1,1,0,2,2,0,0,1,0,2,1,3,5,1,1,2,0,1,0,6,3
Suox,364,138,235,385,221,352,299,283,424,329,286,394,416,357,363,455,404,217,271,317,170,310,458,360,389,381,281,397,682,464,227,321,347,310,454,417,409,358,502,230,627,459,439,343,378,364
Supt16,21,17,19,19,22,25,27,20,27,26,23,31,12,16,17,24,16,20,23,16,7,20,23,10,22,16,17,14,30,19,9,9,20,14,11,12,13,15,19,14,25,10,5,10,10,12
Supt20,1,2,2,3,6,3,4,5,4,2,5,5,3,2,3,2,4,6,3,6,0,3,4,1,2,3,4,3,5,1,0,3,2,1,2,2,5,4,3,0,7,4,1,4,4,5
Supt3,40,18,46,58,47,39,62,61,43,31,63,56,49,40,56,55,63,57,59,38,18,54,69,37,49,48,42,62,72,59,49,42,59,47,56,61,49,58,58,37,60,46,59,45,51,52
Supt4a,51,33,78,101,47,70,83,81,106,75,110,116,71,94,80,113,117,108,66,70,22,129,83,44,72,72,66,92,99,86,61,56,61,55,65,70,65,71,86,33,113,74,68,55,72,77
Supt5,222,117,179,294,237,199,222,199,334,187,285,381,265,264,223,315,280,451,219,194,96,426,278,169,195,250,225,259,272,265,248,156,248,142,238,208,175,201,207,117,377,216,185,208,183,198
Supt6,152,87,119,196,93,125,166,127,196,108,190,232,178,116,167,166,173,151,148,148,39,185,140,94,123,114,122,145,181,145,110,105,160,113,108,104,132,139,149,90,182,133,135,107,138,132
Supt7l,14,14,32,25,25,26,27,34,40,21,33,47,35,24,28,21,20,41,25,26,13,29,26,22,24,30,21,37,37,28,17,19,28,13,30,24,30,33,11,16,36,26,20,28,23,26
Supv3l1,76,39,70,79,68,73,73,72,73,65,94,102,87,72,99,93,91,106,76,54,26,98,95,47,60,66,61,77,71,81,52,72,67,61,89,64,55,74,61,45,95,57,63,52,73,58
Surf1,260,123,254,398,202,311,365,285,412,246,357,329,327,294,347,329,375,319,295,288,117,364,371,183,357,271,260,294,383,368,274,237,300,243,257,261,240,313,332,181,404,284,281,192,250,245
Surf2,110,76,122,201,140,116,135,116,170,104,147,173,150,121,137,109,148,151,90,111,54,216,155,104,111,119,104,131,195,151,95,88,106,89,105,103,81,100,135,82,152,100,134,84,101,116
Surf4,1281,647,1159,1508,1582,1406,1592,1386,2163,1157,1604,2167,1238,1246,1602,1821,1805,2623,1270,1318,667,2100,1703,977,1452,1479,1351,1530,1576,1637,1530,1019,1363,855,1476,1320,1218,1314,1572,861,1983,1229,1328,1094,1191,1141
Surf6,41,32,56,62,38,41,60,46,50,34,59,75,62,45,54,43,45,46,43,38,19,50,52,40,44,42,45,38,47,52,34,38,46,29,44,26,49,36,45,21,51,62,56,40,45,46
Susd1,5,3,3,6,2,7,5,4,3,5,4,5,2,2,2,7,10,2,6,4,0,1,5,1,2,1,0,1,12,6,2,1,7,1,8,1,0,3,0,0,0,2,5,6,0,2
Susd2,7,7,7,19,6,10,18,12,11,6,7,11,11,7,8,7,13,13,4,3,1,13,7,3,3,3,2,16,13,11,8,5,7,12,3,5,4,9,5,5,9,3,10,7,3,5
Susd3,0,0,2,3,2,2,4,3,2,1,3,3,2,0,5,1,5,5,1,1,0,8,1,0,6,1,2,2,3,2,6,0,4,4,0,1,7,1,4,2,3,1,0,1,2,1
Susd4,16,11,23,37,51,43,26,34,22,30,38,32,20,17,17,43,26,6,22,38,20,5,50,27,42,38,61,41,44,32,13,21,12,14,23,3,6,11,25,18,50,17,18,22,25,20
Susd6,132,71,119,249,210,113,174,128,400,133,226,169,171,155,175,217,205,269,134,109,58,272,167,120,155,129,164,179,185,171,220,111,155,99,162,156,126,141,146,75,186,156,168,110,133,133
Suv39h1,20,8,20,14,24,12,19,19,25,18,28,18,21,14,14,21,18,29,7,14,5,25,22,12,18,17,10,23,21,27,17,10,18,14,15,11,10,14,10,10,16,13,17,10,13,15
Suv420h1,44,18,43,68,43,50,52,38,58,50,65,71,36,37,48,50,73,49,67,44,13,55,56,28,44,45,45,36,67,53,38,35,31,23,39,37,36,48,45,24,61,38,39,34,40,37
Suv420h2,48,45,38,69,60,54,67,79,68,52,99,98,54,52,45,54,76,50,61,40,21,76,91,44,66,59,59,75,46,52,42,52,51,43,51,70,46,75,51,36,71,61,63,43,41,48
Suz12,61,32,42,78,50,44,55,48,54,55,77,71,61,58,53,61,66,65,65,50,28,66,67,39,38,57,31,52,73,63,35,34,41,22,42,53,36,43,39,32,56,44,41,42,44,48
Svep1,1,2,1,6,2,4,3,3,2,1,3,0,4,2,3,3,1,1,5,3,2,3,5,0,2,2,1,4,4,8,4,1,0,3,3,2,5,8,3,0,3,1,3,2,1,0
Svil,57,29,55,67,126,54,98,97,101,78,80,133,60,62,58,81,87,97,125,74,35,117,136,63,86,106,80,101,116,80,74,59,126,68,81,91,75,104,74,57,142,63,67,54,70,64
Svip,24,11,30,41,28,30,28,25,56,44,36,39,42,31,36,32,45,32,34,27,16,35,48,25,30,23,23,46,59,38,20,25,22,21,36,31,36,36,33,20,39,23,33,30,32,25
Swap70,8,5,7,20,14,13,9,7,13,19,17,8,10,9,15,17,5,21,8,15,2,15,21,10,13,14,11,3,8,14,14,9,10,10,14,13,5,17,8,8,17,16,10,6,8,16
Swi5,604,420,670,1176,729,669,791,835,864,788,810,1043,1037,762,719,984,818,1074,638,812,296,1022,995,755,953,853,768,813,1142,784,672,678,859,570,1098,1238,962,769,847,609,1251,1090,988,876,983,832
Swsap1,23,17,25,32,37,28,24,32,42,24,30,59,35,31,20,40,25,70,41,29,15,56,31,29,43,33,24,35,31,33,35,19,57,18,45,31,41,29,25,20,52,26,42,29,32,31
Swt1,35,17,43,40,30,28,48,36,49,33,38,58,50,49,35,41,40,26,43,40,13,31,41,20,34,28,20,31,46,39,16,22,22,8,39,20,24,35,29,21,36,26,30,25,17,12
Syap1,106,62,83,153,119,91,139,116,179,142,146,152,125,125,173,149,138,129,125,116,64,176,174,88,129,141,98,158,171,164,110,93,144,73,121,138,115,155,128,78,154,129,153,84,87,141
Sybu,2,1,3,4,8,2,5,8,22,2,4,19,8,4,3,1,7,31,1,4,5,26,2,2,1,2,3,2,8,9,7,3,1,6,4,2,5,4,0,1,3,2,3,2,0,1
Syce1l,5,5,4,3,3,4,7,9,2,4,8,5,14,6,1,9,6,7,7,3,0,3,5,4,2,7,4,7,7,5,3,3,4,8,4,6,9,3,10,7,11,5,3,4,10,3
Syce2,7,5,6,11,8,14,13,8,13,9,8,8,7,6,20,16,16,25,9,15,7,25,8,4,6,12,9,7,10,14,17,9,13,5,12,17,10,7,6,2,15,10,13,8,6,8
Syde1,11,4,11,14,8,9,19,8,13,13,9,8,9,4,11,18,8,18,10,8,5,11,8,5,10,6,8,8,12,8,9,8,4,6,6,8,6,6,4,6,7,6,11,4,10,15
Syde2,12,5,13,11,8,15,8,11,9,11,9,16,15,17,14,10,7,13,11,11,3,22,13,5,9,15,13,9,19,11,3,7,12,8,10,8,11,13,15,4,12,12,6,7,12,8
Syf2,262,126,235,360,148,220,224,216,266,255,318,309,234,224,249,330,280,284,248,202,77,292,233,170,232,212,221,266,231,284,194,158,217,195,245,206,166,214,231,146,299,221,196,188,177,201
Syk,16,5,15,44,13,26,28,39,15,22,33,24,21,8,21,29,23,45,21,13,9,45,23,22,23,9,21,14,22,21,82,18,16,26,6,12,15,12,15,5,20,22,22,15,17,13
Sympk,106,64,136,187,106,138,182,177,129,145,155,222,135,109,148,175,142,155,138,117,36,136,163,100,147,121,136,186,193,151,126,101,104,130,176,152,101,156,157,102,161,151,134,101,126,105
Syn1,1,0,2,2,3,2,6,2,3,1,0,3,1,1,2,3,2,1,2,0,2,6,1,2,2,1,2,0,1,1,5,0,0,4,0,2,2,1,0,0,1,2,0,0,0,3
Syncrip,9,6,13,21,24,30,23,17,28,17,37,33,22,17,15,23,29,29,18,23,11,46,15,8,17,20,20,30,21,27,20,11,21,12,15,16,12,22,14,8,29,17,18,16,18,11
Syne1,40,23,40,75,45,36,82,47,85,57,63,74,46,37,43,50,50,104,62,45,23,98,59,35,52,57,52,40,74,57,45,24,47,19,25,37,34,41,50,38,55,43,41,34,36,29
Syne2,46,15,56,63,33,53,59,51,47,40,80,61,54,42,48,69,75,49,62,50,21,66,69,30,44,42,45,54,54,58,38,30,44,45,56,51,39,44,38,23,84,28,55,45,30,37
Syne3,6,0,1,12,5,5,3,2,0,2,5,0,4,1,4,9,4,3,4,2,1,6,2,1,2,0,3,5,1,1,5,2,3,0,3,2,4,3,6,0,4,4,5,2,1,2
Syne4,51,22,84,67,76,63,57,51,170,38,57,105,64,34,42,43,39,7,30,57,9,6,20,21,29,36,70,74,38,52,16,9,19,8,51,10,12,23,24,21,48,33,31,23,36,33
Syngr1,3,3,2,9,2,2,5,2,6,4,5,6,3,0,1,6,5,8,2,3,1,5,6,1,1,3,2,3,2,2,1,1,2,3,7,2,1,5,4,1,3,4,3,2,3,6
Syngr2,386,201,395,539,293,352,399,370,437,375,457,486,436,382,441,504,467,546,432,351,128,522,466,235,372,364,407,415,481,410,475,303,390,341,409,375,300,399,431,226,575,418,399,287,313,314
Synj1,6,6,7,16,13,13,16,14,14,11,12,17,7,15,14,11,6,17,12,6,3,22,12,9,9,8,7,15,18,15,13,6,11,6,6,13,13,12,13,10,13,11,9,9,10,10
Synj2,5,1,4,6,14,5,7,12,18,7,8,11,10,3,6,4,6,18,8,5,1,10,7,7,6,4,6,7,11,11,5,2,5,5,6,1,6,8,6,3,8,6,3,3,4,9
Synj2bp,21,12,12,34,12,12,11,12,17,19,17,14,15,7,10,29,19,23,16,10,7,22,21,6,21,13,13,11,23,12,10,7,14,6,12,11,13,15,15,7,13,8,12,13,9,8
Synm,0,0,1,3,1,1,2,0,2,2,3,0,0,0,2,1,3,2,1,0,0,3,1,0,0,0,0,3,3,0,2,0,0,0,0,0,1,3,6,0,2,4,0,0,0,1
Synpo,29,13,16,30,43,10,21,38,24,17,50,49,28,10,26,32,39,73,32,27,15,53,40,16,26,26,25,26,21,23,36,15,31,24,27,21,29,17,16,13,32,16,26,14,19,23
Synrg,15,9,20,24,17,17,16,10,28,22,27,33,26,27,30,24,25,23,16,25,5,22,36,17,24,22,24,32,32,31,30,14,10,13,19,24,15,16,15,9,22,24,20,19,12,20
Sypl,11,4,15,24,18,10,18,19,23,14,18,30,21,16,21,15,19,23,27,9,8,25,30,16,13,23,13,17,23,12,12,15,25,9,15,14,13,12,13,10,13,6,10,14,10,9
Sys1,337,157,280,469,287,390,327,385,562,348,365,503,385,311,435,439,407,605,300,356,134,522,438,246,444,370,380,395,571,487,359,277,329,305,382,327,321,355,384,244,560,413,360,232,304,324
Syt1,8,2,9,23,4,3,12,5,9,10,6,8,3,4,13,9,9,10,11,6,0,3,11,4,12,14,7,12,16,14,6,4,12,2,7,3,0,7,5,2,11,6,14,7,6,4
Syt11,7,2,5,10,6,3,7,18,10,10,7,16,6,5,14,5,14,9,3,1,4,12,10,5,14,9,6,12,14,15,7,8,11,4,10,11,4,10,7,4,12,6,7,8,5,6
Syt3,49,17,12,30,12,22,18,16,25,42,41,45,19,20,44,46,35,19,38,25,14,20,27,20,17,22,24,30,26,21,7,23,33,25,39,29,17,27,27,17,44,30,27,17,28,14
Syt7,3,0,2,1,2,0,3,1,4,0,1,4,4,2,1,0,1,1,1,2,1,4,2,2,3,5,2,2,1,2,0,1,0,1,1,4,0,6,1,3,5,2,1,2,2,3
Syt9,6,0,1,3,5,0,4,1,2,3,4,1,2,4,4,1,5,10,3,1,1,7,0,0,0,2,0,4,3,7,0,1,5,4,1,0,1,3,2,0,1,1,2,1,3,2
Sytl1,35,9,30,65,43,26,40,51,71,61,56,61,53,42,47,56,43,41,40,55,13,36,27,32,50,62,50,50,80,60,40,22,30,36,32,43,25,37,42,40,66,42,39,27,44,39
Sytl2,5,1,1,3,2,4,6,3,0,3,3,1,1,2,3,1,2,2,5,3,2,6,4,1,3,1,3,1,1,3,8,1,6,0,0,0,3,3,3,3,0,0,2,0,0,4
Sytl4,5,2,0,3,1,1,6,3,4,6,3,4,1,1,2,7,7,4,2,3,1,1,8,4,1,1,2,4,4,5,6,2,4,3,2,6,2,4,1,1,2,1,4,4,5,6
Syvn1,513,293,572,494,410,720,413,393,738,446,597,2458,370,391,521,638,545,522,569,495,212,417,460,332,308,456,561,1033,433,480,441,569,469,407,447,386,253,390,533,262,1003,436,386,375,350,330
Szrd1,460,230,368,536,343,371,436,453,442,400,528,552,364,326,422,478,546,357,443,398,141,455,426,298,433,433,402,439,536,455,337,310,426,347,406,306,352,331,378,253,594,434,376,332,394,346
Szt2,41,12,28,39,39,27,41,33,39,35,40,84,38,39,42,35,38,60,26,38,16,50,38,21,34,46,46,40,41,26,35,30,26,29,30,20,26,38,29,14,51,23,27,28,19,19
Tab1,13,7,11,26,14,10,25,25,14,13,32,30,14,19,18,14,15,29,14,11,5,47,22,15,22,17,21,20,26,21,29,10,18,13,18,24,15,16,11,11,26,9,23,7,15,16
Tab2,161,76,148,214,172,119,165,133,268,163,199,200,164,123,167,221,174,186,121,124,60,207,149,73,131,153,152,141,162,153,133,80,134,78,145,141,105,98,114,78,160,104,119,54,88,114
Tab3,3,0,3,5,1,1,3,0,3,1,3,4,3,2,3,1,1,2,1,3,0,7,3,0,1,1,0,0,0,2,1,1,4,1,3,1,2,0,0,0,1,1,2,2,0,2
Tacc1,189,101,173,234,197,238,184,153,311,202,305,291,210,187,224,224,213,178,180,151,72,231,166,110,177,228,210,215,176,289,114,121,203,103,191,134,151,184,239,112,312,171,195,159,172,134
Tacc2,57,12,33,86,39,36,29,29,129,52,61,62,35,39,63,58,38,83,46,40,10,70,53,32,35,52,34,28,39,43,37,25,37,41,29,29,24,45,31,16,89,28,36,10,27,31
Tacc3,8,8,7,10,15,4,11,17,5,5,3,8,3,2,11,4,4,34,6,7,6,17,5,3,11,7,6,7,11,4,22,5,8,9,6,7,13,9,5,3,5,6,12,3,9,7
Taco1,29,12,24,29,12,24,29,23,38,16,19,35,21,28,26,36,30,29,22,22,3,21,29,19,20,29,24,28,25,29,28,18,24,11,24,28,15,27,33,12,45,22,27,17,17,22
Tada1,36,18,33,35,31,37,27,28,41,31,33,31,30,30,44,51,42,43,30,27,11,50,45,23,15,33,25,30,55,57,33,25,29,11,24,36,32,39,31,23,41,33,43,17,21,36
Tada2a,20,7,14,29,19,30,19,15,16,13,28,30,30,21,19,21,26,24,13,14,1,22,25,10,19,20,17,19,45,35,14,15,18,10,18,21,20,21,18,16,28,18,13,21,20,14
Tada2b,51,32,72,78,55,55,69,58,99,71,82,105,92,89,69,96,68,90,72,68,25,122,109,74,72,65,71,55,88,71,52,43,73,42,69,58,52,62,63,35,101,71,74,33,64,84
Tada3,63,24,68,77,70,64,82,58,102,66,65,109,60,53,78,71,66,96,57,64,12,70,75,47,77,73,55,93,95,80,70,60,71,45,59,54,61,59,38,54,83,66,61,39,60,61
Taf1,37,24,25,43,37,41,37,35,57,37,48,75,34,23,38,40,50,41,34,37,20,52,44,30,37,33,31,38,46,37,22,27,30,17,32,43,31,30,26,17,42,41,29,26,30,26
Taf10,391,201,330,569,225,432,420,374,609,454,466,589,420,415,516,476,540,592,404,403,101,495,278,226,446,385,430,533,484,418,372,304,321,295,422,364,330,471,431,283,568,452,416,320,409,391
Taf11,64,24,53,93,68,65,67,58,101,59,75,102,77,70,90,78,107,79,57,60,34,77,76,42,77,69,60,83,113,88,51,43,82,33,74,52,81,74,77,36,91,49,69,48,52,54
Taf12,70,37,65,88,101,73,97,92,135,87,87,131,79,69,105,80,103,122,83,66,29,129,98,61,89,74,85,93,108,101,82,62,88,66,95,77,72,87,78,51,109,95,81,50,75,62
Taf13,51,17,44,57,46,61,44,47,65,65,53,77,55,72,62,60,54,61,43,43,35,58,64,40,49,58,49,75,68,67,48,38,66,26,53,37,38,64,54,30,75,54,48,46,48,48
Taf15,53,14,32,59,47,39,50,47,61,29,52,44,24,27,44,57,53,100,68,36,24,90,44,22,36,33,50,35,52,42,35,16,35,19,31,18,26,40,35,21,43,34,28,29,38,27
Taf1a,28,12,36,40,17,25,34,29,28,31,43,35,22,17,21,37,37,45,27,16,17,60,16,15,16,26,20,35,28,41,34,15,27,18,23,15,12,29,27,18,35,31,24,16,18,21
Taf1b,7,1,8,18,11,12,16,16,15,14,16,20,17,13,11,10,17,26,8,13,5,24,9,14,15,14,6,18,9,16,13,8,13,10,13,9,7,12,8,7,12,12,11,12,7,11
Taf1c,11,11,17,18,14,11,15,21,23,13,17,29,22,13,16,10,17,27,14,19,4,20,22,9,16,17,16,15,15,12,18,8,11,17,17,9,11,6,12,8,17,10,13,19,16,14
Taf1d,23,18,21,40,19,13,25,11,19,8,29,31,12,10,24,12,14,30,12,12,10,35,15,7,12,13,14,27,13,21,8,22,12,13,8,12,8,10,8,7,15,8,14,15,11,15
Taf2,30,11,24,41,32,24,38,34,46,28,48,57,46,34,50,38,34,42,30,27,19,86,31,26,34,38,35,50,42,42,25,15,37,16,32,23,37,26,31,17,42,40,40,29,22,27
Taf3,8,5,15,17,9,8,9,13,11,9,18,10,17,11,10,8,15,12,16,8,1,9,11,3,13,4,8,8,12,7,13,4,6,1,9,5,3,6,10,7,9,13,5,6,12,5
Taf4a,42,26,61,79,64,60,68,36,62,48,71,70,64,50,72,64,75,69,49,49,29,99,49,36,58,48,48,52,57,48,37,34,60,38,49,42,36,47,35,21,61,33,45,38,37,34
Taf5,3,3,5,7,3,4,7,5,6,4,6,9,7,1,7,3,4,3,5,2,1,6,5,1,7,3,1,7,3,4,0,1,1,3,3,4,4,3,4,2,2,3,11,2,1,6
Taf5l,53,30,53,93,54,72,85,54,77,72,85,100,65,45,63,118,95,106,62,61,13,103,83,46,51,49,64,68,91,70,48,44,49,52,68,52,48,60,48,41,83,68,53,41,60,62
Taf6,77,36,82,107,92,101,110,114,128,107,74,156,90,56,91,110,105,113,104,72,32,112,120,82,115,85,83,97,110,100,87,56,89,69,114,87,68,93,88,62,153,73,75,64,88,79
Taf6l,19,11,19,29,19,27,33,44,29,27,31,35,30,19,33,18,31,29,27,35,9,34,29,21,22,20,17,28,42,37,37,16,23,21,24,13,26,17,27,16,36,25,14,18,22,24
Taf8,22,17,24,46,22,20,25,28,27,34,40,28,30,22,26,33,34,34,24,16,10,51,28,21,19,26,27,17,22,25,22,18,17,23,16,18,17,32,33,14,32,32,16,23,12,22
Taf9,28,20,19,47,28,25,31,32,59,24,28,49,28,24,38,35,39,47,34,29,19,57,44,11,42,28,25,27,33,31,27,17,34,14,19,17,33,23,31,23,38,29,29,24,24,29
Tagap,1,0,1,2,2,2,2,2,0,0,0,2,2,2,2,1,4,0,3,1,0,4,1,0,3,1,1,1,1,0,10,0,1,3,0,0,3,1,2,1,0,0,1,1,0,1
Tagap1,21,6,21,32,21,27,27,22,30,20,33,35,24,19,20,24,20,30,19,19,4,27,21,17,22,29,21,20,11,20,11,7,14,8,21,18,14,20,21,11,26,22,21,14,13,19
Tagln,22,12,18,57,30,6,69,50,22,20,28,20,29,28,20,16,40,27,27,17,9,27,37,14,26,29,20,58,30,34,43,21,23,25,16,18,23,41,17,10,34,26,24,15,23,27
Tagln2,101,78,106,191,199,84,193,179,203,105,156,190,138,99,95,100,120,720,121,108,37,449,160,56,86,139,101,175,122,139,302,75,84,149,92,61,61,128,73,54,150,90,94,58,80,113
Tagln3,2,1,3,4,3,2,2,0,0,6,2,1,2,0,1,3,5,2,3,2,0,4,3,3,2,5,1,1,2,4,0,0,0,1,0,0,1,2,1,2,5,2,3,0,2,1
Tal1,2,2,2,0,1,3,2,0,3,4,3,6,3,1,1,3,2,6,1,3,0,4,2,0,0,0,1,2,1,0,3,4,0,0,1,6,4,2,1,0,3,0,2,0,0,0
Taldo1,1170,583,1055,1618,1302,1342,1723,1675,1479,998,1509,1397,1294,1222,1288,1578,1397,1566,1244,1214,591,1249,1840,1122,1571,1367,1167,1450,1464,1599,2213,1208,1511,1225,1628,1680,1240,1592,1664,1043,2171,1535,1555,1149,1251,1042
Tamm41,34,15,29,38,17,22,28,17,33,25,31,29,34,26,29,55,38,67,17,24,9,59,33,30,21,36,18,27,47,35,22,17,29,25,41,24,30,32,28,12,31,32,32,42,20,31
Tanc1,7,11,10,21,10,12,21,12,14,15,19,23,18,12,13,27,16,28,12,10,11,27,19,13,10,15,11,14,22,12,17,8,12,3,17,13,8,16,11,7,16,8,13,14,11,11
Tanc2,18,7,10,23,12,12,13,15,12,12,23,13,18,15,12,21,23,26,14,13,7,35,20,10,8,12,11,8,17,13,13,5,19,8,10,14,22,12,12,2,25,8,21,21,6,12
Tango2,94,64,87,161,106,103,144,137,296,155,142,241,207,188,159,169,167,209,124,102,45,177,133,92,154,155,125,117,202,167,97,98,107,103,145,113,102,116,103,107,179,122,143,66,101,113
Tango6,32,17,31,58,33,35,29,33,48,33,37,35,51,32,34,43,37,52,39,31,9,69,38,29,30,50,31,31,45,33,40,35,34,30,36,32,30,36,31,16,57,37,29,24,19,29
Tank,26,14,22,36,22,30,37,33,55,37,39,49,37,43,39,34,32,41,34,30,15,28,56,21,47,33,26,33,36,34,30,36,41,22,32,29,26,34,31,29,46,38,29,19,23,30
Taok1,66,36,68,70,51,55,69,49,91,57,81,78,80,87,65,71,82,91,79,57,31,90,66,32,41,45,41,56,78,61,37,47,53,38,46,47,45,60,62,43,68,48,33,35,35,51
Taok2,108,50,97,112,65,77,98,58,85,85,145,86,73,85,73,151,116,64,75,81,23,71,72,39,60,81,81,105,92,82,54,56,73,71,46,63,58,78,85,44,113,86,72,58,72,58
Taok3,130,39,67,152,61,92,75,54,84,87,116,122,79,75,81,160,143,152,94,59,25,116,85,44,73,89,86,58,104,63,55,46,98,63,83,66,58,55,75,24,96,52,70,36,58,64
Tap1,97,62,113,247,155,103,233,224,162,164,245,179,178,136,228,194,201,190,112,150,90,156,206,117,206,167,163,184,238,166,1110,141,176,199,131,151,152,213,140,108,231,173,181,119,144,135
Tap2,109,63,127,185,104,110,156,166,127,132,175,125,143,107,140,120,122,131,117,105,31,119,138,108,132,127,121,109,128,111,359,70,108,110,106,124,79,133,131,79,136,126,144,90,83,97
Tapbp,687,356,695,1175,1039,684,959,854,1265,633,990,943,834,664,948,878,988,968,706,834,403,848,689,570,840,893,771,756,1066,923,2320,546,737,611,600,508,649,730,534,430,976,735,870,554,688,641
Tapbpl,84,57,80,134,78,78,118,99,130,75,125,126,99,48,89,115,105,99,95,79,35,92,92,68,70,94,80,83,84,82,181,70,95,81,85,75,83,93,63,38,102,79,60,71,67,60
Tapt1,79,30,74,112,70,112,97,56,130,86,100,87,84,60,99,135,107,95,97,87,34,100,95,45,60,83,65,65,84,104,71,60,78,37,77,57,49,67,67,30,89,53,77,41,31,66
Tardbp,36,14,39,52,26,25,41,45,37,32,46,41,26,41,37,42,43,48,50,20,14,60,32,19,21,22,24,39,40,35,24,26,32,15,25,30,16,26,24,14,30,14,19,13,15,22
Tars,660,310,536,732,526,617,828,633,909,537,760,871,650,588,657,1055,902,673,653,585,224,839,911,523,608,641,667,674,748,828,688,486,591,507,675,805,554,641,735,396,1054,701,739,487,545,612
Tars2,144,78,128,197,126,130,171,200,122,135,150,247,109,99,150,167,172,236,111,118,29,215,145,102,144,143,150,169,175,176,137,123,141,120,166,112,107,156,159,100,207,171,160,125,135,97
Tarsl2,25,13,30,53,25,23,41,24,44,38,47,37,43,35,32,46,43,47,36,26,11,48,37,30,29,53,25,41,52,35,18,29,34,21,39,32,50,38,33,19,75,44,40,29,30,35
Tasp1,24,14,23,37,28,26,41,25,48,32,15,39,31,26,38,27,27,42,17,25,10,42,41,20,22,32,22,51,41,29,21,20,23,16,29,22,21,22,26,15,28,24,25,22,21,27
Tat,2125,1335,2706,2807,4272,4564,2344,3544,11622,2979,1921,4832,3856,3662,2828,4080,2406,5225,3047,2788,1374,7145,5003,3677,4062,5257,3770,4866,7849,2566,1713,3478,3884,3563,3878,5171,5485,3458,4246,3349,8967,4274,3898,3508,3757,3481
Tatdn1,4,2,2,3,3,0,0,5,7,5,6,5,2,1,2,2,1,6,2,4,0,5,1,1,3,2,2,3,9,1,1,3,4,2,8,2,6,6,1,1,2,2,2,2,2,1
Tatdn2,37,19,35,38,28,40,36,31,50,32,63,48,30,31,55,49,41,59,41,32,16,81,40,31,44,27,27,37,56,45,28,15,30,29,42,23,21,40,37,18,39,30,23,18,28,19
Tatdn3,27,12,24,43,20,25,42,36,53,23,35,39,28,38,26,26,33,26,30,32,9,43,32,13,43,29,18,28,33,33,34,26,32,41,27,21,26,32,30,18,55,28,37,20,26,24
Tax1bp1,349,191,340,487,421,429,475,403,539,361,475,473,427,403,415,452,498,754,441,400,188,684,523,270,451,422,314,403,445,454,438,336,402,272,407,353,307,365,391,283,535,378,330,291,336,290
Taz,106,56,99,154,85,84,108,124,151,125,125,153,118,100,131,140,160,105,97,100,22,145,120,82,118,106,107,110,140,123,59,86,119,78,85,90,87,108,123,68,147,103,84,79,101,93
Tbc1d1,19,13,20,36,44,30,34,36,26,24,38,39,33,23,29,33,35,55,34,22,14,54,27,23,24,23,19,21,34,32,48,13,21,25,23,24,23,34,25,15,26,26,27,22,29,18
Tbc1d10a,45,15,47,59,28,51,34,42,73,50,46,73,46,38,39,61,64,56,23,50,10,57,57,26,43,40,40,40,62,40,37,27,25,38,49,55,33,52,48,34,64,45,59,31,45,34
Tbc1d10b,45,20,27,62,49,44,53,46,48,40,53,86,53,50,48,49,62,68,46,30,21,75,52,34,35,47,37,46,55,51,51,32,35,19,31,43,36,32,47,25,48,41,43,18,35,42
Tbc1d10c,4,7,15,19,12,8,21,25,3,6,19,6,6,9,21,10,21,16,8,6,10,24,13,4,11,8,10,4,20,11,19,5,6,10,4,12,5,11,2,4,7,11,5,6,6,6
Tbc1d12,19,10,13,31,10,19,21,13,18,26,18,31,17,14,19,20,28,18,27,12,7,35,28,9,13,16,21,20,28,17,12,12,22,6,16,14,17,20,18,12,24,23,19,9,4,15
Tbc1d13,129,58,89,115,71,97,126,144,113,107,126,171,101,98,123,131,95,115,102,103,27,131,127,87,99,116,110,118,128,135,122,98,70,91,99,101,88,110,95,72,128,115,141,71,86,118
Tbc1d14,27,15,28,37,41,31,39,32,49,31,42,49,33,35,30,47,44,37,30,21,13,29,33,21,32,21,22,36,26,26,28,20,33,16,27,24,24,25,25,11,47,24,17,18,17,24
Tbc1d15,24,17,23,72,40,39,29,35,51,47,60,53,22,42,43,45,66,75,43,31,18,85,58,17,47,48,33,44,50,57,29,24,29,6,43,34,37,34,29,23,40,32,32,21,28,37
Tbc1d16,49,31,35,53,30,50,51,47,49,43,73,92,57,52,85,64,54,110,45,59,15,110,56,42,38,46,60,81,67,50,47,39,50,37,56,53,49,39,55,25,67,43,50,32,57,55
Tbc1d17,134,45,118,207,89,97,135,127,108,124,166,106,106,103,124,198,175,156,143,110,32,204,138,73,109,110,103,126,150,124,91,66,112,78,109,96,99,110,114,63,130,112,112,82,108,109
Tbc1d19,4,3,6,12,4,6,11,12,6,9,7,12,11,6,7,6,5,17,8,5,1,12,9,1,10,9,1,7,14,4,6,4,6,7,12,8,9,9,7,5,5,7,7,6,8,6
Tbc1d2,6,2,4,5,7,5,8,7,4,6,7,27,10,2,4,9,10,9,10,8,1,11,8,6,7,5,7,6,9,3,6,2,9,4,5,2,5,5,9,3,6,5,4,7,3,6
Tbc1d20,11,4,10,15,3,11,15,7,9,6,11,10,6,3,7,8,16,11,6,9,6,16,7,9,13,5,5,5,4,10,12,5,9,7,4,4,1,6,4,5,6,4,4,2,4,4
Tbc1d22a,50,19,42,74,42,40,66,70,72,47,65,46,52,60,59,81,58,94,59,45,15,99,54,48,59,62,52,58,62,53,55,37,40,58,59,63,51,62,70,41,74,55,58,35,58,53
Tbc1d22b,15,10,20,24,11,14,20,20,26,11,19,31,16,17,14,23,26,26,16,12,1,21,7,11,22,15,20,23,20,21,20,14,13,14,15,19,11,21,18,10,26,13,11,14,18,21
Tbc1d23,11,6,14,32,19,9,21,23,20,14,19,22,13,17,17,11,22,30,16,15,4,30,23,19,19,26,10,9,12,18,9,16,11,5,15,12,25,18,8,8,15,14,21,12,7,11
Tbc1d24,80,37,67,133,126,58,82,78,164,75,120,103,78,77,76,87,87,119,81,59,37,165,74,42,72,76,90,63,63,58,108,48,80,40,52,63,53,63,47,29,77,42,62,50,41,52
Tbc1d25,18,12,22,31,14,21,34,32,26,27,27,27,32,21,20,18,22,39,24,14,8,45,31,18,18,34,21,23,29,30,27,24,17,14,22,20,19,25,32,15,29,20,21,13,28,16
Tbc1d2b,90,67,96,187,122,76,145,135,132,65,131,130,118,93,135,124,126,120,97,76,36,169,108,50,79,103,116,85,99,88,99,54,105,66,85,75,82,92,106,48,159,81,80,64,53,70
Tbc1d30,13,6,7,24,9,9,29,14,15,14,18,15,13,9,10,42,27,18,16,15,3,22,12,5,18,10,8,12,18,32,3,7,7,9,14,8,11,6,13,6,16,10,12,5,14,13
Tbc1d31,22,9,29,46,23,31,44,46,21,30,37,30,26,20,46,48,52,44,30,24,17,39,46,38,18,22,22,33,26,35,44,42,29,22,40,49,31,42,39,18,48,27,41,46,26,21
Tbc1d32,7,5,3,7,6,5,9,6,10,2,5,5,4,2,3,9,4,16,8,7,2,5,8,4,6,10,6,5,7,7,1,7,3,1,6,4,3,3,1,0,8,6,4,4,2,2
Tbc1d4,3,4,3,4,1,4,4,2,10,4,7,8,8,8,3,6,10,10,6,8,3,6,5,4,2,6,3,10,4,5,3,3,5,0,4,6,5,2,6,2,8,6,2,2,0,3
Tbc1d5,33,9,29,40,34,30,40,37,47,29,41,38,35,29,35,40,31,56,33,44,10,50,42,25,35,35,32,38,36,39,49,30,36,26,33,27,22,33,45,26,58,28,42,33,24,32
Tbc1d7,50,22,37,47,30,39,54,51,66,73,61,71,49,39,56,50,41,63,51,63,15,54,65,37,39,36,40,59,63,65,58,45,58,36,52,30,40,60,60,36,78,52,56,42,64,50
Tbc1d8,76,20,46,150,38,52,67,63,55,47,118,63,74,67,75,114,77,104,55,28,21,88,46,39,51,50,26,52,50,62,57,23,50,39,58,55,44,57,44,23,66,42,71,35,42,44
Tbc1d8b,54,21,35,78,38,49,48,57,53,38,54,85,55,46,55,72,48,73,50,39,22,52,71,30,38,30,43,47,36,42,36,34,51,38,42,38,42,43,38,20,57,40,36,28,29,23
Tbc1d9,5,1,7,17,6,4,9,3,6,2,11,9,7,6,6,6,6,10,5,3,5,10,3,3,6,3,9,1,8,8,19,4,5,7,3,2,3,8,4,2,8,10,6,2,2,4
Tbc1d9b,126,62,122,195,77,134,144,160,187,147,165,161,178,150,154,185,211,114,151,133,38,152,178,120,140,168,124,169,227,184,102,108,137,113,157,136,127,162,188,102,241,195,164,155,159,137
Tbca,193,99,198,316,222,202,235,214,259,173,282,250,290,234,235,271,244,378,234,225,110,427,281,166,229,250,181,218,240,233,185,161,249,143,182,229,213,195,232,138,309,224,197,171,158,184
Tbcb,238,105,225,350,200,238,262,259,297,252,302,457,247,192,316,289,276,492,235,246,96,360,285,144,261,238,237,320,298,261,379,185,259,246,263,190,231,262,218,172,359,274,235,159,222,210
Tbcc,91,48,108,109,85,99,88,90,135,93,119,151,119,108,111,96,118,85,85,87,35,132,128,69,119,84,89,87,126,128,79,55,91,65,107,84,72,121,105,57,121,104,94,77,87,88
Tbccd1,96,44,76,115,64,118,91,87,186,81,103,206,116,93,108,153,102,93,86,116,37,113,103,87,105,116,115,97,141,121,86,81,119,82,122,88,83,100,109,62,177,98,83,66,85,67
Tbcd,61,34,88,126,64,85,79,93,117,71,93,108,89,68,92,90,110,155,77,85,38,147,102,55,101,78,70,79,92,92,89,55,99,63,86,77,68,94,77,55,122,79,79,72,82,82
Tbce,59,31,60,100,73,43,91,78,58,52,82,76,71,64,91,73,84,94,83,42,28,126,80,35,52,55,46,54,66,56,67,41,64,44,60,65,44,69,52,32,85,39,54,40,41,55
Tbcel,133,77,147,212,169,144,218,214,169,144,146,177,173,126,172,215,257,215,191,132,53,298,262,174,172,208,112,211,220,190,253,163,170,128,177,197,146,202,166,104,295,180,189,112,118,106
Tbck,4,3,5,27,9,10,10,13,14,14,11,22,13,14,13,22,19,12,8,17,6,24,22,15,13,18,12,16,21,14,17,8,10,5,15,16,25,17,13,6,14,20,16,8,11,22
Tbk1,73,49,94,125,77,87,90,82,130,78,118,123,106,105,113,90,104,129,65,75,42,175,88,67,87,73,75,98,78,107,122,65,71,59,70,83,78,75,79,41,121,73,89,60,73,59
Tbkbp1,78,43,88,131,49,82,101,106,95,75,113,121,73,78,75,132,109,92,112,77,29,125,124,71,93,98,81,69,100,113,139,100,80,68,94,72,86,86,81,67,96,66,108,69,68,61
Tbl1x,26,9,23,16,27,19,13,14,10,22,14,27,14,9,18,35,16,32,16,19,3,20,15,15,19,12,13,13,21,23,16,8,24,12,9,11,10,11,11,5,19,11,12,3,12,14
Tbl1xr1,1,0,4,6,10,7,6,2,5,6,2,6,1,4,6,7,3,13,4,4,4,2,3,2,3,9,5,8,7,8,1,3,5,3,7,5,4,3,11,0,8,1,7,6,2,5
Tbl2,50,20,40,60,42,38,43,37,60,37,49,73,39,46,37,46,58,82,37,32,17,77,41,32,36,29,41,37,40,34,59,29,49,32,45,27,26,28,32,28,68,39,56,34,43,32
Tbl3,64,25,51,85,24,47,73,58,56,60,83,92,64,53,63,82,61,95,75,51,13,70,69,41,62,49,55,80,61,70,43,46,48,58,70,42,42,67,62,39,98,69,49,37,53,46
Tbp,22,9,31,35,19,17,32,20,29,30,45,46,33,15,47,25,30,27,17,17,6,44,17,19,26,15,19,23,34,27,13,19,28,6,20,16,11,13,23,16,31,14,22,11,18,12
Tbpl1,22,16,22,33,14,21,22,17,22,20,26,33,14,19,26,26,19,31,24,17,7,33,25,10,16,14,24,18,28,21,23,7,14,21,22,15,15,20,19,15,31,19,27,23,20,23
Tbrg1,134,74,130,187,174,154,146,193,282,202,192,268,218,167,182,250,230,557,131,169,101,342,244,142,167,181,142,204,219,218,250,143,214,108,222,171,173,149,166,100,272,160,202,137,151,203
Tbrg4,187,74,169,231,173,138,192,192,198,163,212,250,220,190,203,229,167,353,151,153,68,373,193,131,204,177,178,208,232,200,199,155,183,127,185,186,168,168,186,107,235,205,187,164,178,168
Tbx2,17,6,20,26,18,15,16,16,35,14,19,11,18,11,18,21,23,27,17,15,5,33,8,11,15,14,12,8,18,22,25,13,15,16,22,21,8,12,12,5,16,8,11,10,11,20
Tbx20,1,1,2,3,2,2,3,2,1,0,3,1,0,1,2,1,4,6,3,2,0,4,0,0,2,2,0,0,1,0,1,0,0,0,1,1,1,0,3,0,1,1,0,0,0,1
Tbx21,2,1,1,2,5,1,5,1,1,0,3,3,0,2,4,1,0,1,3,3,3,1,1,2,2,2,3,1,0,2,9,0,0,2,0,0,0,0,3,1,2,0,2,1,0,0
Tbx3,119,76,156,283,70,192,157,117,79,129,195,189,135,102,206,84,137,48,86,87,33,48,111,55,97,124,73,76,160,127,51,59,83,54,109,69,91,90,108,49,126,102,98,102,67,72
Tbx6,5,4,3,12,2,3,3,1,1,4,6,7,1,3,2,7,6,4,2,2,2,6,2,4,2,3,4,3,6,8,3,2,1,3,2,3,2,4,2,2,3,4,4,3,0,0
Tbxa2r,11,3,11,8,13,5,18,12,9,10,6,3,11,7,17,13,19,9,9,16,2,15,15,14,12,18,11,8,12,21,14,7,8,10,10,9,9,16,8,5,11,6,13,3,8,16
Tbxas1,14,8,18,32,18,13,36,29,14,14,21,23,8,7,16,16,11,39,14,8,9,44,29,10,16,11,18,19,18,23,68,7,6,18,7,11,16,15,9,10,12,20,15,11,8,9
Tc2n,2,1,2,4,0,1,3,1,3,4,5,3,0,0,1,7,0,6,2,4,1,3,1,0,1,5,2,2,0,2,5,1,1,2,1,1,3,2,1,2,4,0,1,1,4,2
Tcaf1,3,2,0,4,4,1,0,2,2,1,2,2,2,1,1,2,8,4,1,2,0,2,2,0,1,2,0,0,2,1,1,1,0,0,4,0,1,1,1,1,2,0,1,0,1,1
Tcaim,67,29,46,90,49,57,77,78,90,54,99,122,41,41,75,88,80,76,57,79,36,112,88,53,88,74,85,84,89,92,79,65,82,46,75,70,89,70,87,43,119,92,73,70,60,61
Tcea2,4,4,5,10,1,3,7,2,9,7,11,3,4,7,5,6,5,14,9,4,2,13,3,2,5,7,2,5,7,7,1,0,4,5,2,2,5,8,6,6,4,1,6,5,5,1
Tcea3,873,459,751,1207,764,846,1206,993,817,939,922,920,1078,873,1015,906,1050,1233,896,911,314,1231,1068,705,945,957,827,968,1560,1038,867,629,902,654,813,762,768,776,957,539,1167,1003,741,629,796,748
Tceal1,3,4,5,17,5,5,12,5,4,9,12,11,6,7,4,7,14,12,9,11,0,7,7,3,10,7,6,9,7,1,10,2,6,5,3,4,2,5,5,1,9,3,5,6,4,8
Tceal5,1,0,0,0,3,1,0,0,4,0,1,1,0,1,0,0,0,10,0,0,0,2,0,0,0,1,0,1,0,1,1,0,0,0,1,0,1,1,0,0,1,1,1,0,0,0
Tceanc,2,1,4,0,0,1,4,1,2,0,2,2,1,0,0,2,0,0,1,0,1,3,6,1,3,1,3,1,1,1,0,1,2,0,1,0,3,0,0,1,5,2,2,0,0,0
Tceanc2,8,7,5,15,9,8,8,5,11,7,19,21,11,7,10,8,11,9,9,4,0,2,13,5,8,10,7,5,14,16,9,5,8,3,11,6,12,10,8,2,9,4,9,5,10,7
Tceb1,79,22,81,99,52,82,102,76,91,91,96,103,91,80,88,91,91,112,81,87,25,104,129,45,88,80,69,95,81,94,65,47,79,54,70,84,77,79,88,43,128,91,87,56,65,62
Tceb2,1138,571,1062,1585,912,1103,1491,1318,1507,1101,1472,1633,1063,1142,1281,1432,1355,1795,1232,1037,388,1693,1278,854,1211,989,1132,1313,1440,1219,1257,936,1168,967,1202,1051,847,1152,1297,708,1605,1207,1147,861,1104,994
Tceb3,69,43,60,106,52,62,78,68,95,72,83,109,64,63,83,97,99,125,74,51,16,120,84,53,63,61,87,78,79,76,46,54,68,38,76,58,51,51,72,33,93,50,69,38,50,65
Tcerg1,27,22,26,45,36,21,50,36,35,29,35,51,39,36,43,26,42,56,32,31,16,54,35,18,28,33,32,44,41,34,24,27,28,17,27,18,30,29,25,21,38,32,29,29,19,18
Tcf12,27,13,26,34,32,27,25,18,56,32,40,47,35,27,38,42,41,50,30,22,17,66,38,20,30,33,23,28,39,36,34,23,32,21,19,21,22,26,36,15,44,26,32,24,18,31
Tcf19,17,9,12,32,36,15,19,31,23,6,19,13,18,7,13,18,20,75,13,19,11,28,18,10,12,17,24,11,20,16,27,15,17,14,13,12,31,21,10,8,23,11,18,15,11,14
Tcf20,32,33,31,51,24,46,38,42,50,54,33,47,40,20,45,56,38,45,42,31,13,41,48,29,36,32,30,44,51,34,36,31,38,31,51,41,36,43,57,19,53,34,39,36,23,33
Tcf21,34,17,42,81,44,44,88,75,30,45,71,67,47,38,63,42,52,63,43,27,40,75,67,25,52,51,31,46,67,67,28,42,43,38,16,34,45,49,41,27,54,21,42,33,24,24
Tcf24,7,2,13,4,9,0,4,7,10,1,0,17,0,3,12,26,26,24,4,12,3,35,2,0,0,3,2,4,8,0,1,1,3,2,0,7,5,2,2,1,0,0,2,0,3,3
Tcf25,754,374,667,928,558,647,791,714,735,637,935,846,710,607,793,938,931,1127,685,653,266,929,759,496,655,642,661,750,900,792,755,519,658,577,665,660,566,627,687,413,927,657,668,546,579,620
Tcf3,72,54,69,132,83,53,96,112,90,80,129,168,82,77,97,96,121,95,103,92,18,110,69,78,79,85,82,95,107,77,67,54,72,77,77,74,60,85,69,44,110,51,84,58,56,68
Tcf4,3,0,2,3,2,3,2,2,6,7,3,2,2,0,1,1,6,2,12,2,0,2,3,0,2,0,1,4,6,5,2,3,3,2,1,2,1,1,0,1,1,3,2,0,0,2
Tcf7,4,1,2,4,5,0,5,2,1,4,7,6,3,2,2,3,2,4,4,3,2,4,3,2,5,1,5,3,7,2,2,2,2,1,6,2,2,3,1,1,4,5,4,1,1,2
Tcf7l1,75,35,51,68,74,71,90,62,73,78,79,109,92,63,71,103,116,137,77,54,22,111,100,38,77,61,97,74,84,62,33,56,60,40,61,62,46,68,64,39,89,46,74,54,48,56
Tcf7l2,111,77,86,82,80,102,135,100,93,124,109,130,107,111,109,123,138,120,130,88,28,137,133,92,131,80,90,69,78,102,131,52,124,66,101,92,77,111,96,47,121,88,92,68,65,81
Tchh,0,0,0,0,0,2,0,0,1,1,0,2,0,1,0,1,2,3,0,0,0,0,0,2,2,0,0,1,0,0,5,0,4,1,1,0,2,2,0,2,7,1,1,0,1,1
Tchp,11,9,8,15,8,10,20,11,10,8,14,25,10,8,12,12,5,9,8,2,4,18,8,3,5,16,7,11,2,10,6,5,6,7,6,3,8,6,4,2,9,3,6,3,6,9
Tcirg1,149,101,155,261,144,152,218,198,237,187,194,243,179,185,225,259,198,168,171,183,51,160,210,133,182,170,163,148,219,167,211,133,163,182,215,175,132,226,175,98,230,218,199,121,157,177
Tcn2,393,246,419,664,403,436,568,532,875,468,581,721,557,597,595,645,499,349,381,441,167,621,698,464,546,502,537,531,762,622,438,437,467,470,577,605,408,465,557,336,673,574,574,377,541,505
Tcof1,65,27,57,106,43,63,78,72,56,44,66,75,58,34,56,68,76,86,49,40,20,93,55,32,43,36,65,53,48,41,75,38,39,40,45,32,37,57,32,21,53,36,42,25,37,24
Tcp1,176,75,145,223,164,160,187,222,292,230,208,292,192,185,235,246,276,349,150,200,85,400,291,140,232,225,193,265,261,213,180,155,229,96,205,217,139,262,190,136,246,232,219,152,190,221
Tcp11l2,76,24,47,208,73,103,105,63,127,97,110,27,118,96,84,192,155,92,91,37,39,129,78,37,89,94,54,107,82,127,46,45,56,42,93,81,68,59,79,49,99,88,76,52,48,60
Tcta,48,16,47,52,40,48,60,52,72,56,71,68,66,65,62,53,53,57,52,57,20,69,71,40,71,57,41,62,72,61,43,44,64,26,56,53,41,57,53,25,84,54,76,37,50,61
Tctex1d2,10,4,9,19,14,11,15,15,13,9,11,13,19,9,9,7,12,25,4,12,11,27,20,6,12,22,10,7,13,11,9,6,6,9,14,8,8,8,13,5,23,12,11,10,10,8
Tctn1,6,1,6,16,6,7,13,20,9,7,9,5,11,4,2,6,7,18,9,12,5,9,4,6,4,5,8,8,7,9,10,1,5,4,10,2,6,11,5,4,4,4,9,6,1,7
Tctn2,4,3,6,20,15,15,10,11,22,9,16,15,14,5,10,15,24,15,8,6,1,10,12,5,11,13,6,10,11,7,17,7,13,1,7,6,6,12,11,1,7,5,6,3,5,5
Tctn3,4,5,3,5,4,7,4,9,4,2,8,9,4,5,3,1,5,12,4,2,2,7,6,1,9,4,5,4,1,2,9,2,7,7,2,4,2,9,1,2,3,0,0,2,6,7
Tdo2,2492,1245,1673,3162,1742,2884,2634,1889,4165,3453,3527,3578,5294,4577,4100,3891,3492,2577,4289,2821,1208,5191,4669,2020,3477,3768,2601,3590,5509,3873,2767,2723,4259,2351,3547,2730,3095,3361,3562,2028,4882,3604,2573,2190,2756,2902
Tdp1,12,3,14,19,11,16,15,16,14,8,23,38,15,11,9,22,17,32,6,12,7,25,27,12,13,12,14,12,10,12,11,15,11,13,10,16,11,15,19,9,23,18,16,13,13,11
Tdp2,42,16,34,55,19,33,36,44,50,50,38,67,42,41,49,64,58,69,53,43,19,76,66,35,54,42,41,56,70,39,27,27,41,22,66,57,37,49,36,26,49,53,38,26,22,43
Tdrd3,26,15,30,48,38,37,36,33,45,29,41,51,40,36,41,37,41,50,26,34,10,53,32,26,25,32,28,40,35,35,21,17,36,22,27,27,22,28,32,19,34,19,26,12,18,21
Tdrd7,112,51,99,163,70,113,119,56,156,108,142,163,88,114,127,170,178,110,135,136,30,111,134,98,124,126,100,108,179,129,85,83,134,83,109,104,75,123,126,78,191,121,104,77,86,103
Tdrkh,3,1,0,1,1,4,0,2,1,6,0,7,0,0,4,1,5,1,2,2,0,1,1,1,0,5,1,3,2,3,0,3,3,1,1,0,2,2,0,2,2,1,0,0,0,0
Tdrp,61,23,41,106,57,56,71,52,63,47,86,41,65,46,57,65,63,75,54,53,25,67,56,25,53,47,35,50,64,64,73,29,65,43,66,74,48,47,81,30,88,55,63,66,44,47
Tead1,44,18,39,67,36,26,44,45,50,45,52,56,42,36,47,67,63,81,42,36,10,95,40,27,20,36,38,54,42,37,41,32,24,36,39,39,29,32,23,21,40,29,37,30,35,38
Tead2,6,0,1,4,6,4,5,8,3,6,7,7,6,7,4,9,6,5,7,7,1,6,4,4,6,7,3,5,3,5,3,3,2,6,4,3,2,7,3,4,3,6,3,3,1,5
Tead3,48,35,59,92,37,54,50,49,69,59,78,64,49,57,57,51,82,55,53,44,13,66,48,34,47,52,44,47,57,59,38,40,46,50,50,37,34,50,60,25,71,55,52,30,58,42
Tec,79,31,41,133,56,69,43,81,129,76,70,63,71,58,77,108,101,91,68,70,32,102,96,45,54,75,66,87,73,93,51,45,77,60,65,91,87,69,75,69,130,78,66,54,61,46
Tecpr1,53,26,58,56,60,54,85,67,74,55,61,83,73,55,66,69,87,83,58,62,28,76,72,38,70,69,51,42,80,76,70,54,72,33,67,41,60,54,61,46,89,64,74,57,47,55
Tecpr2,43,22,65,63,27,47,68,42,43,37,63,57,50,30,46,41,36,32,28,32,24,37,51,33,42,29,64,53,30,45,44,40,45,44,37,47,32,28,33,27,52,30,38,32,45,28
Tecr,1284,633,853,1577,986,1321,1650,1465,1533,1292,1456,1654,1281,972,1447,1445,1431,903,1319,1334,411,1001,1911,1042,1569,1402,1295,1534,1930,1369,751,1073,1517,1168,1357,1433,1190,1680,1087,880,2014,1476,1650,1097,1252,1234
Tef,757,375,756,1134,696,744,816,696,926,696,1011,824,740,668,712,968,1003,826,792,701,246,1123,803,524,685,734,674,688,966,766,514,475,694,525,776,723,620,665,799,419,1006,672,712,657,646,626
Tefm,41,23,46,65,60,53,61,63,77,57,82,91,92,71,59,76,97,88,60,72,31,90,80,57,81,79,50,55,80,88,69,47,62,55,77,59,48,67,61,48,81,56,74,34,62,73
Tek,11,4,7,7,8,9,9,6,15,16,6,10,14,9,7,12,16,13,20,7,8,21,14,10,5,9,16,7,22,9,16,11,19,5,10,17,5,17,8,6,14,9,11,4,10,19
Tekt5,1,1,0,0,0,0,2,1,2,0,0,0,2,0,0,0,2,16,0,0,0,4,0,0,1,0,0,0,0,0,46,0,0,0,0,0,2,0,0,0,5,0,0,0,0,0
Telo2,28,15,27,43,35,23,36,29,33,27,34,48,25,22,34,43,44,53,41,39,9,44,42,28,30,25,28,28,52,32,43,24,26,26,37,41,24,29,19,23,30,29,38,17,27,36
Ten1,42,15,34,61,31,61,49,50,22,33,48,16,34,29,45,57,61,77,35,33,23,33,70,21,53,30,34,36,60,66,39,54,31,33,51,48,43,48,55,27,58,53,46,40,49,39
Tenm3,6,8,7,19,14,13,13,9,13,16,12,11,14,13,26,20,21,21,14,13,6,24,15,4,5,17,3,27,21,19,8,15,20,8,20,13,9,25,19,8,18,14,17,7,16,13
Tep1,71,23,65,114,63,54,71,80,70,65,85,89,81,41,68,80,87,154,60,51,37,102,87,66,81,65,69,58,90,58,153,45,75,52,51,58,63,63,59,36,86,54,75,61,49,43
Terf1,21,8,11,27,14,13,16,21,22,23,19,23,21,20,17,26,24,23,15,17,6,17,18,11,19,10,15,25,18,22,14,15,16,10,13,16,16,21,10,7,15,14,15,12,7,23
Terf2,59,34,39,64,40,50,66,43,61,54,77,61,56,45,43,70,62,70,47,35,28,79,56,26,37,46,42,72,64,49,55,33,41,33,40,32,33,39,27,27,61,38,55,39,41,26
Terf2ip,10,3,5,8,5,6,9,2,4,4,4,10,4,5,4,3,11,4,4,2,1,8,6,2,4,4,7,9,6,4,4,3,5,1,5,6,3,2,7,2,12,4,4,1,3,6
Tes,9,2,6,9,7,3,7,9,7,7,13,20,2,4,3,4,5,32,7,5,0,18,5,3,2,6,6,5,1,2,9,1,4,6,5,2,9,2,2,4,10,2,1,2,0,3
Tesc,3,6,4,9,4,5,13,9,6,5,12,10,5,4,3,4,8,8,10,1,2,7,9,2,3,8,3,5,5,5,10,1,3,7,3,2,4,8,7,6,11,5,5,4,3,3
Tesk1,113,87,144,169,106,129,174,119,135,126,169,144,133,166,137,150,146,188,135,125,42,226,135,76,111,113,140,153,133,154,118,105,106,79,140,120,78,150,145,78,197,139,118,90,113,113
Tesk2,38,15,37,49,43,37,45,40,62,52,51,57,62,46,57,53,44,47,50,47,17,59,37,35,43,35,46,35,50,48,19,28,46,20,48,29,35,30,39,34,57,45,39,34,25,30
Tet2,15,8,12,21,15,12,17,17,20,19,16,19,11,13,14,18,21,39,17,16,10,28,16,11,15,14,12,27,23,29,16,9,9,12,14,12,9,20,21,12,29,19,17,20,11,16
Tet3,7,10,12,29,16,15,15,22,19,12,24,23,16,16,15,19,21,14,28,13,5,23,17,8,13,20,15,19,18,13,11,6,18,13,7,8,20,21,11,4,27,15,17,13,12,13
Tex10,20,17,13,29,11,18,12,16,20,17,20,37,25,21,20,29,26,27,18,17,8,29,23,14,24,15,19,14,18,12,11,9,14,16,12,23,27,13,12,8,21,25,17,15,11,16
Tex12,4,1,1,0,3,4,2,3,7,4,3,2,7,3,4,2,9,4,2,2,0,3,9,1,5,5,3,1,9,7,3,4,4,3,4,6,2,4,1,1,4,2,3,1,2,3
Tex2,381,206,307,483,322,336,427,351,485,402,448,492,450,365,496,506,528,531,451,425,189,519,463,319,402,429,336,468,403,488,554,326,454,267,408,421,293,354,373,285,558,452,408,294,352,347
Tex261,661,319,645,733,679,677,791,778,831,644,855,817,803,605,703,865,773,1160,724,703,285,1172,753,594,852,693,624,721,1006,854,957,533,838,607,766,761,608,653,841,496,1017,707,805,629,708,595
Tex264,521,240,422,692,376,556,556,504,581,488,545,582,580,393,526,757,768,606,585,446,212,604,619,415,509,518,436,582,799,676,661,503,575,481,587,528,458,589,677,349,805,587,602,443,530,498
Tex30,11,5,11,16,8,10,12,17,18,8,18,14,10,12,12,15,18,20,22,12,6,15,22,8,19,16,8,13,20,17,14,9,13,2,12,17,11,10,14,7,10,11,17,13,4,16
Tex38,0,0,1,1,1,0,2,2,1,2,1,1,0,0,1,2,1,1,2,0,1,0,2,1,1,1,0,1,0,0,1,1,0,0,0,6,1,0,1,1,1,0,2,0,1,2
Tfam,41,17,34,70,42,43,49,44,70,49,50,67,47,46,54,55,62,56,51,61,17,65,57,35,43,49,46,49,71,51,44,34,47,28,58,32,43,48,46,20,70,41,54,34,54,43
Tfap4,14,11,9,31,16,7,9,10,13,12,19,13,13,8,12,18,14,18,14,11,3,24,15,14,5,7,6,23,14,14,13,17,14,8,11,19,10,13,7,9,16,16,16,9,7,17
Tfb1m,33,12,29,32,27,27,38,34,52,35,37,54,31,39,43,34,39,43,30,28,17,42,43,19,25,22,19,31,37,42,21,22,28,21,38,30,18,32,40,14,40,31,28,20,26,25
Tfb2m,6,3,9,15,10,15,10,12,12,18,6,15,12,17,11,12,12,13,11,7,2,23,16,9,11,7,5,13,11,8,9,1,10,6,12,12,10,5,8,7,16,7,6,4,3,15
Tfcp2,12,5,5,13,4,5,12,5,19,8,5,16,11,8,6,6,14,12,12,12,2,13,8,6,13,8,9,12,10,16,6,9,9,6,2,11,8,10,11,9,9,7,11,7,12,5
Tfcp2l1,27,8,24,27,18,15,17,21,23,17,22,25,17,14,17,28,26,43,23,18,8,53,17,11,15,17,11,14,17,17,25,13,15,18,24,13,17,24,18,11,23,11,14,11,17,21
Tfdp1,47,27,42,81,43,42,58,42,56,53,55,71,49,41,50,54,63,70,46,52,26,62,64,44,71,49,40,71,47,71,44,37,63,25,68,58,43,50,52,40,74,52,50,29,36,57
Tfdp2,12,5,7,16,2,5,22,9,10,6,20,11,17,23,16,16,18,4,16,10,2,8,19,12,23,15,10,18,27,14,9,8,16,10,16,21,11,9,12,4,22,12,11,5,8,14
Tfe3,130,82,100,149,128,118,167,133,161,106,171,176,91,105,122,149,160,174,132,99,53,168,133,77,123,117,106,122,120,121,176,100,111,94,120,117,97,122,98,81,170,102,101,89,82,96
Tfeb,31,27,43,37,28,29,45,34,36,38,59,41,36,29,38,25,40,27,43,30,11,49,38,17,31,30,32,33,35,27,37,28,41,41,30,26,24,32,24,22,35,29,13,28,23,24
Tfec,2,2,6,6,7,1,4,4,3,4,4,8,2,2,3,2,2,10,6,4,1,3,4,2,8,5,4,5,5,7,2,0,1,3,4,3,4,2,3,0,6,3,1,6,0,1
Tff3,24,20,24,63,884,292,98,161,1885,60,116,1113,148,51,22,17,35,146,93,91,54,103,82,16,183,84,1123,19,305,84,13,3,24,35,13,8,130,65,45,104,111,87,14,23,58,21
Tfg,325,140,284,351,360,330,371,379,537,381,349,669,302,288,379,377,448,513,412,364,198,438,452,293,337,388,361,556,399,440,323,306,443,234,355,346,300,418,386,262,557,389,377,286,308,330
Tfip11,96,51,98,119,69,80,95,120,122,78,131,126,91,95,105,104,97,99,103,83,30,101,105,58,102,70,86,111,110,69,75,78,83,85,84,84,55,90,91,46,136,96,86,63,82,70
Tfpi,6,4,3,5,4,5,10,7,10,6,6,12,9,6,4,7,5,5,2,4,6,6,3,2,5,5,5,7,8,3,1,3,6,3,4,5,3,10,6,1,4,2,7,3,6,3
Tfpi2,65,22,56,55,58,55,111,87,83,72,70,72,60,62,76,40,33,45,66,79,36,41,101,56,59,71,29,64,106,80,46,47,68,38,45,53,37,62,52,57,86,45,46,23,34,32
Tfpt,25,14,25,31,13,20,25,24,18,16,28,35,26,17,32,23,26,29,19,21,7,21,35,22,26,24,19,31,25,22,18,23,26,17,25,20,18,20,15,17,32,14,18,10,15,11
Tfr2,1604,794,1766,2476,1723,1998,1583,1674,3263,1787,2591,3039,1926,1851,2010,2760,2461,1353,1518,1904,748,2346,1977,1169,1851,2043,2015,1760,2384,2035,1566,1184,1910,1131,2111,1812,1196,1612,1811,1125,2838,1729,1853,1331,1512,1488
Tfrc,7,5,10,5,17,7,11,11,18,14,9,74,4,5,4,10,20,8,17,9,5,15,12,7,3,8,9,17,10,14,9,6,17,2,6,0,3,12,10,10,17,9,7,17,9,3
Tgds,113,41,113,155,73,116,147,94,138,89,126,114,127,99,120,177,164,112,106,92,47,112,139,88,101,107,97,105,135,166,65,84,108,78,117,131,99,105,115,68,152,111,96,84,101,101
Tgfa,21,9,23,44,21,16,38,22,25,27,35,43,23,25,25,25,33,60,24,21,11,44,35,11,18,28,28,27,29,26,38,16,22,21,28,17,23,33,24,6,45,15,22,22,16,20
Tgfb1,34,15,36,38,27,20,49,41,31,29,37,41,24,24,32,42,37,49,26,24,7,38,44,23,35,39,34,20,42,34,71,16,35,28,29,19,25,31,31,21,34,32,41,21,24,26
Tgfb3,8,3,5,12,5,6,4,6,5,2,7,3,13,3,5,5,15,11,4,5,4,5,7,5,6,1,6,10,4,6,7,8,3,6,1,8,7,11,1,3,11,4,1,9,5,8
Tgfbi,161,72,137,259,210,135,194,198,152,142,290,245,179,96,171,190,256,383,132,114,77,454,224,80,141,163,138,169,256,212,248,79,134,114,105,120,146,150,135,81,199,94,167,102,81,157
Tgfbr1,84,51,110,201,84,81,128,97,137,121,153,155,100,111,121,99,118,187,110,81,33,211,130,67,95,79,114,121,114,98,121,54,114,98,101,71,82,94,110,53,134,96,103,60,78,93
Tgfbr2,43,22,33,124,69,56,115,63,50,44,67,76,54,46,46,52,67,121,59,57,30,103,82,44,79,78,52,92,99,88,71,51,43,33,46,61,48,57,60,50,89,59,73,35,59,65
Tgfbr3,25,6,18,22,12,13,19,15,25,20,39,21,22,8,20,27,28,44,15,17,7,54,24,10,14,21,17,18,13,22,8,5,18,15,12,11,13,11,15,10,17,9,13,11,13,15
Tgfbr3l,17,3,10,15,8,11,15,11,6,11,15,11,5,10,11,14,10,19,9,7,2,25,13,10,11,12,15,15,12,11,6,8,10,7,7,8,8,14,7,8,16,6,17,12,10,6
Tgfbrap1,119,53,95,135,78,89,134,102,128,106,160,119,116,116,133,151,150,151,117,91,40,156,134,84,95,122,98,115,122,129,87,99,131,91,134,98,77,106,128,65,168,92,116,86,96,90
Tgif1,36,22,42,73,47,39,57,54,92,48,61,82,42,43,59,86,91,71,42,45,14,91,43,21,29,51,47,42,59,43,54,44,30,22,45,39,50,48,43,46,49,55,36,28,19,33
Tgif2,4,0,7,10,4,1,4,4,4,3,5,4,6,2,3,5,5,8,8,4,2,10,1,1,2,3,3,6,3,3,6,2,3,1,0,2,2,1,1,1,9,0,1,0,4,3
Tgm1,16,6,19,11,12,11,17,18,29,15,29,39,5,7,14,18,21,6,3,11,6,12,8,12,9,3,11,13,8,13,11,11,10,4,9,10,5,5,16,1,6,6,14,7,5,10
Tgm2,583,339,610,904,1287,673,787,863,1391,546,999,1209,692,460,772,689,770,1265,591,685,366,1064,729,523,737,766,871,672,711,908,2159,571,737,694,590,664,723,674,689,350,1019,556,684,601,543,580
Tgoln1,106,43,87,127,80,120,119,55,101,112,136,94,65,107,99,163,174,138,109,91,51,143,79,63,63,64,74,101,109,104,79,71,102,20,70,80,50,72,72,49,58,65,79,54,57,84
Tgoln2,84,38,75,121,71,131,85,71,104,90,107,114,82,129,142,165,149,138,77,122,41,115,129,63,79,104,77,137,142,122,61,86,80,34,107,92,95,93,84,55,110,109,83,52,77,79
Tgs1,3,2,1,6,1,0,3,3,3,3,9,7,2,4,6,0,0,6,2,1,0,5,5,2,2,3,4,2,2,3,1,3,5,0,3,1,2,1,2,2,3,0,2,1,2,4
Tha1,25,23,23,43,27,24,39,36,52,24,49,50,21,33,33,36,34,76,21,18,23,43,33,18,28,32,26,31,42,34,23,22,33,20,32,39,30,29,28,19,56,27,37,28,29,22
Thada,8,1,13,12,5,6,13,9,17,5,16,12,6,3,10,11,15,13,18,13,3,13,11,6,11,17,13,12,12,16,6,6,3,10,9,7,7,15,13,8,14,7,13,9,8,6
Thap1,19,12,16,24,20,29,29,20,35,22,18,39,25,27,23,21,25,23,25,17,8,31,30,17,32,22,11,19,23,31,25,17,20,25,20,14,21,16,17,19,25,22,22,16,18,15
Thap11,76,51,75,128,86,93,106,67,121,69,101,115,128,80,107,100,110,123,96,56,37,115,94,65,92,95,78,80,73,127,61,50,61,53,80,94,51,86,100,52,135,59,88,59,79,67
Thap3,73,45,57,110,48,58,82,84,95,62,86,84,66,78,84,77,99,82,79,46,23,109,69,47,92,64,62,64,91,77,74,70,70,60,73,69,51,63,68,45,89,65,77,56,67,68
Thap4,50,23,42,77,40,46,61,48,48,49,76,50,41,39,58,104,75,61,49,50,18,97,68,28,56,41,51,46,63,63,37,35,37,41,48,47,44,60,47,18,75,36,54,31,44,49
Thap6,34,18,22,50,25,27,32,32,39,25,33,39,28,21,32,29,35,31,24,16,14,25,34,19,43,32,24,38,43,31,22,18,32,19,25,18,19,29,27,11,42,31,20,30,22,19
Thap7,79,65,96,141,50,103,115,98,124,114,129,130,100,112,103,132,131,119,107,96,27,148,163,73,113,78,106,120,154,95,86,59,90,80,129,103,79,137,115,73,153,121,130,73,88,115
Thbd,7,3,7,9,8,5,11,8,21,6,4,13,7,7,5,12,17,5,11,9,2,7,17,8,14,7,9,8,13,3,10,9,8,6,4,7,4,9,5,1,8,5,10,8,7,9
Thbs1,0,2,2,3,4,2,3,4,5,2,0,1,3,1,5,1,0,6,1,0,2,3,2,2,3,3,1,2,2,5,5,0,2,2,1,0,0,0,2,2,0,2,0,1,4,3
Thbs3,0,0,1,3,2,0,6,0,2,0,4,5,5,1,0,1,2,3,1,3,0,0,5,1,1,5,2,5,4,3,3,0,0,2,3,1,0,1,0,2,1,1,4,2,1,3
Them4,43,28,47,60,50,61,69,61,75,49,68,51,58,68,73,66,40,65,67,33,24,83,64,26,45,51,60,55,67,54,20,38,56,14,51,42,43,36,55,25,67,48,40,26,31,47
Them6,6,3,12,9,8,13,18,16,13,10,14,13,16,11,21,8,13,25,3,23,6,21,16,13,25,13,15,12,23,22,28,9,14,13,9,12,14,18,9,7,22,15,13,10,10,11
Them7,27,16,26,47,34,49,37,36,42,40,32,35,39,34,26,36,32,42,41,46,9,39,56,38,48,55,45,58,63,59,56,50,61,38,63,50,37,46,58,41,84,76,68,40,48,48
Themis,1,0,4,2,2,5,3,1,0,1,1,0,4,2,1,1,3,8,1,0,1,1,1,6,7,1,0,0,2,10,27,6,5,3,5,3,1,0,4,3,7,7,8,4,4,4
Thnsl2,204,106,194,356,119,168,326,295,233,215,218,239,231,195,231,250,207,278,233,205,74,325,319,155,242,207,160,226,317,269,240,142,209,238,263,279,168,265,252,175,326,223,260,151,187,195
Thoc3,69,31,44,103,54,68,72,57,86,57,69,78,85,55,73,85,98,115,57,72,30,106,82,49,56,58,56,63,91,75,69,47,71,61,71,67,55,52,82,36,96,52,72,39,48,53
Thoc5,76,36,57,83,60,68,71,103,88,86,82,127,82,51,68,121,121,137,84,80,27,111,100,52,74,66,82,114,112,90,72,51,85,86,98,67,66,92,73,63,103,83,68,48,64,74
Thoc6,26,10,17,51,27,22,33,28,39,27,39,34,37,35,24,40,44,45,25,31,12,53,33,20,22,33,22,25,36,28,35,14,21,24,25,25,26,37,31,18,38,25,29,14,21,36
Thoc7,214,130,182,247,215,220,246,201,279,218,262,268,219,243,225,288,258,374,233,205,82,340,256,154,215,190,178,246,271,232,172,138,219,125,181,208,184,196,179,126,292,191,195,141,168,168
Thop1,17,8,10,27,8,15,14,17,25,12,18,22,22,10,17,19,21,42,19,15,7,25,23,13,21,23,13,16,34,24,20,14,21,26,30,16,18,23,10,12,35,16,28,14,24,16
Thpo,100,48,92,129,101,89,102,101,131,100,133,204,114,103,112,140,107,76,90,88,31,88,98,71,68,83,145,123,104,98,80,75,102,56,104,92,67,99,101,57,129,74,84,71,73,69
Thra,43,16,31,25,37,25,35,38,24,38,37,38,31,22,28,37,37,42,37,29,13,63,30,22,29,31,15,29,49,28,15,16,23,18,23,19,9,25,20,8,33,15,20,14,15,11
Thrap3,52,32,49,85,39,38,57,35,42,38,58,57,42,36,48,61,56,67,71,50,13,81,43,28,38,40,48,41,51,55,41,29,52,33,30,47,29,44,46,34,61,57,43,28,41,33
Thrb,63,33,31,70,55,58,51,55,75,55,75,84,71,49,73,74,66,68,62,57,27,66,89,51,57,81,55,90,77,68,48,47,74,32,60,62,52,62,60,40,121,73,65,30,57,68
Thrsp,2543,1254,2750,2120,4483,1923,10974,10790,8186,3169,1499,4132,7023,5063,4675,1401,1143,262,2843,4230,2437,232,23428,15002,12061,9423,5861,9808,7876,7514,3679,8925,9918,9830,8293,16077,8535,11716,12360,12628,18229,15958,14058,9069,10344,9684
Thsd1,4,0,3,5,3,1,0,2,1,2,4,4,1,1,1,1,2,3,0,2,1,2,3,1,7,3,2,1,3,1,3,1,3,1,2,1,0,0,2,1,3,1,1,1,2,1
Thsd4,8,0,2,8,5,2,5,6,2,4,5,6,8,2,2,4,4,9,5,7,0,5,3,4,4,4,3,5,7,4,4,1,3,5,5,2,4,4,1,0,5,2,1,4,3,5
Thtpa,74,26,62,114,39,46,72,70,101,71,86,97,74,67,89,74,91,78,68,64,15,79,81,48,70,73,56,89,98,92,51,50,64,36,94,70,57,72,69,45,93,67,75,36,53,71
Thumpd1,49,29,57,81,48,58,63,71,62,49,64,82,65,59,62,80,80,86,45,51,35,109,72,41,61,39,41,58,67,80,64,41,58,30,44,48,48,46,60,35,69,50,49,39,43,51
Thumpd2,3,8,14,19,12,7,10,6,12,13,22,19,5,12,9,14,18,14,14,9,3,31,12,10,11,8,11,4,19,14,9,2,10,7,11,9,7,8,15,5,18,12,7,9,7,13
Thumpd3,45,23,25,62,39,38,51,36,43,40,40,81,40,41,55,48,48,90,44,47,17,79,42,18,54,48,31,43,48,51,28,29,33,23,37,27,28,41,42,24,49,36,28,14,24,39
Thy1,7,5,14,14,13,8,27,20,3,8,18,6,10,3,14,10,10,19,9,7,4,14,12,6,7,6,11,8,22,10,49,5,6,16,3,7,4,9,5,0,7,9,7,3,8,10
Thyn1,67,42,82,114,60,71,96,123,127,85,80,164,81,86,117,90,87,173,76,74,27,126,124,72,108,82,79,123,143,103,101,73,61,68,81,90,72,91,75,57,110,92,104,51,85,91
Tia1,10,2,11,8,6,12,16,9,26,9,10,11,17,6,7,8,3,14,11,11,4,14,6,5,9,8,10,9,6,4,3,7,11,3,7,4,3,8,5,5,13,4,5,3,4,4
Tial1,12,6,14,12,10,17,16,8,13,18,15,24,7,15,18,18,14,15,16,16,4,10,13,4,11,14,18,14,21,11,2,6,23,11,12,8,14,11,13,9,14,16,13,7,12,10
Tiam2,22,5,9,5,11,33,27,19,6,16,20,31,11,26,16,21,5,7,23,33,2,5,56,48,41,20,23,23,24,30,40,39,40,19,34,61,25,30,41,34,80,41,26,30,10,22
Ticam1,57,49,48,63,51,47,63,90,76,52,80,158,64,52,79,84,62,85,55,51,14,89,67,40,57,43,57,63,71,49,65,63,56,46,47,62,33,58,46,41,90,47,57,52,69,75
Ticam2,0,0,1,0,0,2,5,0,0,0,1,0,2,1,1,3,0,0,2,1,0,1,0,0,4,1,0,0,0,1,8,0,2,0,0,0,2,1,1,1,0,1,2,1,0,1
Tie1,34,10,24,23,21,29,32,30,31,20,31,31,31,29,26,34,32,23,21,18,5,25,25,11,18,35,23,30,50,51,24,16,32,27,28,21,14,37,36,19,30,20,17,12,25,29
Tifa,22,18,34,42,50,21,36,22,167,30,64,69,31,22,19,27,22,20,32,22,10,21,34,25,35,39,37,36,23,43,40,15,17,5,28,33,18,16,12,14,34,29,33,23,16,12
Tifab,5,0,1,9,7,5,8,7,3,1,7,7,3,3,6,5,4,8,5,3,0,2,7,1,5,3,4,3,3,5,22,1,3,2,2,4,3,3,5,1,3,3,2,1,0,5
Tigar,27,18,23,44,22,15,44,15,32,24,32,54,60,40,50,31,27,25,27,21,4,34,31,17,36,30,25,35,26,46,28,12,37,13,21,16,23,24,27,11,37,20,23,39,24,31
Tigd2,6,4,5,12,4,2,4,6,11,3,6,12,8,6,10,6,11,12,12,5,4,14,7,6,7,6,5,9,5,11,3,6,3,0,1,6,1,7,3,4,9,3,6,8,5,13
Timd2,4,3,3,1,5,1,1,5,7,2,3,7,11,4,5,5,10,5,5,3,3,0,7,2,7,4,4,1,14,4,3,8,6,4,5,4,3,5,5,1,9,5,5,3,2,3
Timd4,13,7,6,23,21,12,19,27,12,14,12,22,9,6,13,14,13,12,8,11,5,16,10,6,12,6,19,8,8,18,32,5,8,5,11,7,5,9,6,5,10,12,15,7,9,13
Timeless,10,4,2,11,6,4,10,20,12,4,7,12,6,5,10,14,13,29,5,6,2,15,7,8,16,9,8,2,15,14,15,5,9,11,5,12,19,10,10,2,9,5,7,11,5,9
Timm10,190,133,169,295,165,163,239,240,262,226,259,353,263,261,249,234,249,452,195,180,68,537,267,186,236,227,226,273,312,272,216,175,241,185,211,175,229,246,237,177,324,274,263,194,234,254
Timm10b,323,176,358,458,424,418,453,437,584,385,539,658,421,403,472,444,513,625,391,364,162,592,476,316,472,431,429,441,518,448,465,270,439,295,418,417,356,399,443,283,568,423,440,331,360,376
Timm13,556,227,444,741,351,526,571,497,600,542,655,700,555,463,530,733,660,714,511,470,147,793,648,386,637,539,469,549,702,547,542,400,556,430,703,592,504,579,623,416,878,574,613,441,490,517
Timm17a,103,57,99,167,115,95,111,118,149,102,137,163,153,156,122,139,159,204,103,110,49,227,154,83,118,140,79,151,142,155,116,80,108,77,115,113,111,127,108,76,174,119,127,110,115,126
Timm17b,310,153,267,433,282,374,360,356,432,306,373,426,274,329,384,417,470,486,317,288,131,455,414,220,334,353,293,361,495,378,291,224,326,245,349,280,288,339,235,211,468,321,334,231,318,327
Timm21,77,47,68,107,62,78,83,93,110,70,75,103,71,76,72,114,92,137,81,68,36,134,106,50,89,74,58,87,96,114,44,55,92,58,88,90,76,73,66,47,113,72,89,66,85,83
Timm22,16,5,14,8,12,4,13,10,8,11,9,21,13,12,17,12,11,9,5,7,2,3,12,6,10,14,9,15,13,14,6,6,9,11,8,9,8,12,17,11,15,12,3,7,10,11
Timm23,39,12,26,51,38,24,39,27,41,42,35,43,38,43,58,38,40,49,27,35,19,58,38,13,31,42,34,44,43,52,21,23,24,16,37,26,30,37,30,16,37,24,36,13,28,20
Timm44,126,63,98,198,64,80,159,109,89,114,140,149,117,96,137,148,149,121,135,91,26,166,125,81,130,91,91,146,134,120,96,82,130,116,106,120,95,120,123,67,169,108,104,110,114,76
Timm50,150,81,151,214,163,146,203,220,214,194,229,240,180,185,188,199,231,320,197,182,60,309,225,152,172,210,173,193,258,198,191,115,198,142,184,168,148,167,218,124,247,197,175,145,157,172
Timm8a1,3,1,4,5,9,7,6,4,12,3,3,9,2,4,10,8,10,16,8,8,6,14,9,4,11,9,7,6,8,11,10,5,5,2,6,1,7,7,6,4,2,10,8,8,5,3
Timm8b,277,159,243,479,419,393,370,367,548,337,536,508,468,381,487,374,433,454,445,400,225,563,452,307,507,358,378,356,415,595,452,334,556,234,420,410,460,336,495,249,643,509,369,355,399,400
Timm9,289,168,308,441,213,316,376,316,317,257,394,342,320,342,373,366,341,307,306,253,121,445,439,228,304,335,260,347,356,392,205,280,337,215,336,329,284,296,409,202,491,323,320,282,278,292
Timmdc1,40,13,35,45,35,50,47,43,46,43,47,60,33,39,48,53,37,29,42,38,5,36,56,38,49,42,45,36,48,57,17,34,51,36,42,41,48,49,39,29,52,47,49,39,41,47
Timp1,2,0,6,9,4,3,4,10,4,1,7,3,4,1,3,4,3,42,3,0,2,4,5,0,1,2,5,4,5,4,46,6,3,8,1,3,6,4,3,2,5,1,5,1,3,3
Timp2,97,53,77,139,85,70,108,96,68,65,123,79,110,60,95,90,123,156,82,66,28,144,113,42,77,74,60,81,101,97,60,59,52,60,63,60,69,76,72,35,98,51,60,58,42,65
Timp3,53,32,40,98,48,47,67,53,71,65,70,54,115,68,54,62,67,136,65,52,30,158,75,49,51,64,45,68,77,70,66,43,89,59,43,51,50,52,60,42,84,43,50,35,48,73
Tinagl1,46,10,30,66,27,40,60,65,52,44,67,51,60,36,50,54,56,49,36,45,17,73,37,32,41,48,38,54,52,58,54,52,23,28,41,24,26,45,34,19,60,34,40,25,36,70
Tinf2,61,27,41,63,42,52,55,51,59,55,55,60,48,54,65,94,89,91,48,63,24,82,68,24,37,54,33,49,58,54,58,36,42,43,56,49,48,59,53,28,66,55,48,32,44,38
Tiparp,2,0,2,3,2,5,1,1,8,2,2,2,3,1,1,3,5,0,3,1,0,4,1,2,2,0,1,1,2,3,1,0,2,1,1,5,1,2,1,1,3,0,2,1,1,1
Tipin,10,9,16,16,16,9,24,14,32,16,14,16,20,22,16,12,10,28,9,13,4,30,19,10,12,19,15,13,26,17,19,10,11,11,16,17,17,15,11,9,21,14,15,3,16,19
Tirap,59,21,43,66,65,45,70,48,103,42,68,64,39,46,49,54,56,35,39,50,15,42,59,45,52,55,48,52,78,56,37,35,51,31,46,43,41,47,52,24,70,47,61,30,48,38
Tjap1,39,17,36,63,37,43,43,41,50,28,49,56,41,33,36,49,42,57,36,33,10,63,48,20,30,43,30,44,48,55,38,19,27,21,39,31,32,34,30,12,51,32,37,21,36,34
Tjp1,15,7,10,29,27,14,15,17,31,24,25,29,46,22,36,21,24,34,14,9,8,37,23,23,30,30,17,15,24,10,9,15,21,7,32,19,30,9,4,9,29,21,22,21,20,22
Tjp2,83,52,76,109,115,77,112,105,113,71,118,125,88,63,79,148,122,167,82,77,44,152,119,71,73,102,57,112,112,99,92,75,100,70,91,98,68,89,77,67,130,71,76,50,52,78
Tjp3,74,41,64,84,80,85,112,126,183,122,92,211,93,83,109,96,102,81,92,85,32,73,147,107,81,137,105,129,118,87,105,91,116,118,78,72,58,117,115,107,148,117,86,74,94,71
Tk1,109,52,69,188,86,132,141,165,169,159,130,109,124,136,123,184,149,125,171,129,46,139,185,87,185,147,104,128,268,161,80,82,149,114,113,114,149,132,145,82,220,108,125,101,148,90
Tk2,74,45,85,131,50,88,87,112,91,94,119,81,76,84,112,115,99,111,79,81,17,109,81,51,60,81,71,87,108,96,99,74,93,84,69,67,60,81,85,44,110,77,78,65,65,72
Tkfc,1944,1426,2262,3143,2033,1733,4390,3233,3151,2085,2775,2924,2375,3446,2841,2682,3337,1755,2357,2858,820,1514,3894,2614,2638,2909,2383,2724,2400,3009,2259,2400,2890,1785,2618,3344,1481,2798,2741,2464,3704,3187,2738,2390,2378,2709
Tkt,5,0,1,1,1,0,3,0,4,1,1,2,0,0,4,3,1,1,0,2,3,0,1,0,1,2,1,4,4,2,3,4,3,3,6,4,0,4,1,2,4,0,1,3,2,1
Tlcd1,137,53,144,228,150,148,264,230,245,180,171,163,153,139,175,160,165,127,171,159,66,177,310,157,201,173,146,195,315,205,101,155,181,135,234,288,233,260,190,144,245,219,263,131,167,192
Tlcd2,616,208,501,603,829,720,1021,967,1013,570,588,672,608,471,734,542,560,147,809,670,353,135,1307,998,1107,996,660,1077,1220,1219,535,704,917,612,831,1146,923,962,1128,678,1380,997,1107,870,883,904
Tldc1,3,0,1,7,1,0,4,3,5,3,1,3,4,2,6,2,1,2,2,4,1,3,1,1,2,3,3,5,3,4,2,2,2,1,1,3,3,2,4,3,1,2,2,2,1,0
Tle1,129,58,111,269,121,142,143,129,149,134,215,158,152,102,162,214,215,201,145,97,61,223,170,69,166,127,143,120,195,137,81,82,132,83,83,86,100,144,133,62,160,98,82,80,114,86
Tle2,44,15,27,44,38,29,38,43,63,65,53,59,53,24,38,55,54,22,54,39,8,52,42,22,30,62,47,59,39,28,22,23,44,27,25,37,26,42,32,23,53,28,25,40,25,24
Tle3,93,40,82,87,80,112,92,77,99,81,119,90,70,46,96,83,72,64,78,65,29,37,67,70,109,72,57,75,71,85,113,68,66,67,93,90,51,65,75,58,115,51,71,78,52,65
Tle4,79,36,67,83,90,62,74,90,64,58,81,85,86,42,82,78,91,66,56,62,29,90,69,47,49,61,51,54,55,75,58,46,61,25,64,59,60,63,49,19,77,54,85,50,40,75
Tle6,12,5,4,11,8,7,9,7,26,9,21,19,8,8,11,19,16,13,9,4,3,11,13,9,11,8,12,10,4,9,3,6,12,10,9,10,6,16,12,6,15,7,8,2,6,5
Tlk1,32,10,37,42,33,38,41,36,49,39,51,45,28,36,38,34,38,40,49,33,13,43,41,15,24,22,27,30,40,34,18,19,18,8,21,27,16,23,22,13,35,14,14,17,10,18
Tlk2,1,1,10,9,9,3,9,6,10,5,11,10,5,8,8,12,12,7,11,15,3,17,7,3,7,9,5,8,5,6,3,4,8,4,1,6,2,2,9,1,10,5,8,3,3,5
Tln1,267,189,240,495,306,308,438,418,359,304,451,494,327,250,343,317,357,431,292,266,135,424,346,296,327,287,360,346,344,379,519,234,342,292,302,338,271,324,281,184,426,246,330,222,277,302
Tln2,14,10,12,18,3,1,12,7,11,14,13,8,10,5,15,16,18,11,11,8,2,8,9,5,6,6,7,13,8,11,7,6,7,14,5,10,15,6,13,10,19,9,19,4,8,12
Tlr1,5,5,5,9,4,7,13,14,3,2,12,6,4,4,9,7,3,19,4,2,2,18,10,3,5,3,9,3,1,13,25,1,1,8,6,2,7,4,5,3,2,5,7,0,3,3
Tlr11,0,0,0,2,0,0,0,0,0,0,3,0,1,0,1,1,0,2,0,0,1,1,1,1,0,2,1,0,1,2,7,0,0,0,0,3,0,0,0,1,0,0,1,0,1,1
Tlr12,50,32,37,102,33,43,65,54,36,53,70,53,74,29,54,86,74,96,63,54,15,60,73,41,44,58,26,53,42,53,119,64,61,54,61,50,39,68,69,33,73,53,52,51,53,33
Tlr13,4,3,3,11,5,4,6,8,4,3,15,6,9,3,4,3,12,11,9,3,4,13,5,2,8,4,3,7,6,10,20,4,2,8,1,1,6,5,9,3,5,6,6,4,4,3
Tlr2,13,8,17,47,81,21,34,38,97,25,42,56,15,15,29,23,36,37,27,20,19,65,25,10,29,19,32,28,27,35,222,9,19,26,12,14,19,21,14,10,21,22,25,10,7,15
Tlr4,3,1,4,0,2,2,3,2,4,0,2,3,2,0,4,4,1,0,1,0,2,4,5,2,3,0,1,2,1,3,6,0,1,1,3,0,2,3,2,0,4,2,3,0,0,1
Tlr5,6,0,3,0,0,3,4,0,1,1,5,0,0,1,2,9,1,2,5,1,0,2,4,4,0,1,3,3,0,3,2,2,2,0,1,0,0,0,3,0,2,2,1,3,2,0
Tlr6,2,0,2,1,2,2,1,3,0,0,1,0,2,0,2,1,0,4,0,0,0,5,3,0,2,1,1,0,1,1,6,0,2,0,2,0,2,1,0,0,0,0,0,1,2,2
Tm2d1,73,35,71,104,75,83,67,73,116,82,82,88,106,95,107,96,117,128,74,71,48,157,108,68,85,90,79,103,119,114,95,43,93,47,94,95,82,68,99,51,117,88,76,59,63,91
Tm2d2,355,188,343,491,330,385,420,377,607,423,463,626,406,405,475,573,518,475,378,341,166,551,473,339,351,423,368,429,608,499,357,310,361,275,417,307,328,411,418,260,589,422,356,238,338,340
Tm2d3,242,112,212,302,190,243,237,240,285,239,292,369,254,232,226,351,291,280,249,236,81,355,338,133,227,250,267,279,372,253,195,135,223,194,193,247,192,232,278,160,336,238,247,151,188,217
Tm4sf1,47,21,27,48,24,32,53,36,73,46,45,38,42,35,39,48,71,45,36,44,20,46,57,33,48,42,26,62,62,57,25,26,32,29,40,37,50,46,43,31,55,23,41,31,31,43
Tm4sf4,341,188,343,607,339,391,367,296,803,335,425,530,479,364,361,404,449,1617,308,286,103,1295,319,238,317,342,316,378,483,376,257,228,242,277,344,294,295,304,331,196,401,275,280,202,256,291
Tm6sf1,1,1,3,9,4,2,15,6,4,6,6,6,5,4,5,1,3,8,3,3,4,10,6,2,7,5,6,2,6,13,16,1,3,5,3,2,3,0,5,3,5,4,4,1,3,3
Tm6sf2,159,84,203,235,172,151,195,162,347,195,164,282,158,235,209,198,250,215,116,158,61,310,185,162,142,176,176,157,252,196,97,148,133,159,168,153,137,185,128,85,165,146,162,139,202,164
Tm7sf2,386,168,285,467,351,581,486,368,823,414,349,409,514,356,471,442,411,48,417,453,134,48,691,366,480,551,388,424,950,701,201,301,410,288,504,518,457,584,623,338,708,495,497,416,474,358
Tm7sf3,169,56,140,228,179,159,176,171,263,158,209,215,200,140,163,201,209,223,144,152,65,258,206,118,178,175,131,171,242,198,175,119,173,137,165,160,140,126,157,95,234,130,175,145,147,128
Tm9sf1,138,60,119,176,153,143,165,144,187,184,177,178,160,139,164,201,179,210,131,127,64,170,193,114,167,132,130,184,196,174,146,110,178,111,182,125,156,172,146,103,190,168,191,140,183,165
Tm9sf2,136,59,101,180,103,122,130,106,211,150,160,243,116,140,152,157,177,187,179,126,45,175,184,84,124,158,140,190,202,185,85,88,137,44,129,107,121,127,101,75,147,114,136,73,79,128
Tm9sf3,86,17,51,92,48,60,88,58,100,69,77,116,59,57,71,97,78,98,97,72,19,94,51,43,58,51,53,77,86,89,54,40,65,50,74,76,39,56,78,37,109,67,66,34,52,64
Tm9sf4,100,69,135,204,157,134,165,128,229,136,194,209,146,136,167,178,166,242,150,126,65,207,162,111,148,148,132,167,183,187,173,122,129,101,130,128,130,130,159,93,226,149,155,110,127,92
Tma16,6,5,7,8,13,6,10,5,10,8,10,17,6,6,7,10,10,24,9,17,3,29,10,7,12,3,5,9,9,6,9,7,5,7,4,10,10,9,2,5,11,10,7,7,11,11
Tma7,103,71,104,177,118,142,151,127,211,137,208,236,128,111,183,138,161,165,135,111,51,127,152,117,163,121,162,158,163,177,120,129,179,112,121,134,107,153,146,89,202,159,128,66,134,111
Tmbim1,202,109,190,309,184,211,230,201,243,220,229,245,248,226,229,342,265,390,196,168,71,343,251,171,213,196,178,268,258,249,333,199,243,182,259,264,174,262,252,161,315,257,251,173,204,214
Tmbim4,314,126,310,530,383,386,425,369,599,328,501,524,462,406,480,501,518,530,346,375,144,587,575,329,463,456,329,417,563,505,431,315,428,256,409,435,382,415,402,275,574,448,397,326,330,356
Tmbim6,5690,2927,6156,8796,4901,7203,7041,5443,8882,5658,7728,7095,5311,6591,7756,8251,9023,6172,4727,5014,2300,5091,6567,5550,5982,7245,5936,7337,9564,8436,5204,5337,5237,4140,7535,5685,6134,4253,6807,4033,8309,5975,5781,4920,5956,6110
Tmc4,10,7,14,17,11,5,10,10,8,13,5,12,18,11,15,10,10,23,10,9,3,10,16,10,6,9,9,21,11,11,7,14,17,4,14,9,7,13,3,10,12,5,14,5,3,13
Tmc5,0,0,0,0,0,2,0,0,0,0,0,1,0,0,0,0,0,0,0,0,0,0,0,1,7,1,0,0,0,0,0,0,0,0,1,0,1,0,0,2,11,1,0,0,1,0
Tmc6,74,42,64,88,93,71,80,82,132,74,93,71,90,67,90,115,88,128,69,64,22,137,117,70,94,88,77,77,86,81,91,55,89,78,95,85,67,89,73,45,111,83,72,75,73,74
Tmc7,9,2,2,12,15,3,9,6,20,8,11,7,3,8,13,8,6,10,3,1,3,7,5,2,7,4,10,3,8,2,5,1,4,0,4,2,0,5,2,2,11,3,6,3,1,2
Tmc8,6,0,5,19,11,10,22,18,4,8,27,11,10,4,14,11,20,12,10,4,9,16,17,5,11,11,5,4,6,12,15,8,8,19,7,14,11,8,12,6,16,16,8,8,6,11
Tmcc1,85,35,77,87,58,89,49,69,79,92,83,104,54,58,69,109,102,55,83,71,28,96,83,38,70,79,69,60,89,47,61,46,63,52,86,54,58,63,59,32,88,52,54,38,43,66
Tmcc2,13,12,16,16,13,17,22,15,22,12,26,23,23,17,29,23,26,25,20,17,7,21,23,10,20,15,20,7,18,25,25,11,23,13,17,18,9,23,12,9,19,13,22,14,7,15
Tmcc3,21,9,23,35,14,25,29,24,19,18,32,34,23,27,37,45,38,48,22,27,8,44,47,22,33,31,16,25,36,36,30,21,29,19,24,25,27,23,23,17,37,22,27,16,7,22
Tmco4,44,22,48,87,61,41,60,61,71,41,91,64,42,43,48,58,56,101,48,53,30,109,63,35,60,49,59,58,73,87,66,29,59,44,34,33,44,56,49,30,55,47,46,35,49,54
Tmco6,6,1,1,9,3,3,3,4,12,4,5,6,1,6,2,3,4,4,4,5,0,2,2,5,3,0,1,1,1,2,3,3,4,4,1,2,3,3,3,2,7,5,3,3,4,1
Tmed1,106,58,84,145,83,112,130,94,108,101,144,129,87,137,127,157,142,145,113,112,36,181,123,70,111,97,99,101,142,110,102,80,104,91,135,110,65,115,105,71,130,74,97,86,112,96
Tmed10,45,29,53,62,61,59,57,48,102,63,68,122,67,69,80,85,83,127,74,70,19,90,102,46,62,91,81,93,72,96,91,44,82,28,68,57,46,59,76,39,97,91,87,43,67,71
Tmed2,193,72,144,247,128,162,230,150,234,181,206,325,190,137,239,272,211,316,176,187,59,283,223,100,135,135,194,217,236,200,169,131,146,102,203,135,137,141,157,92,217,166,174,99,134,138
Tmed3,129,92,115,108,132,139,131,121,238,112,109,440,93,97,123,194,152,300,127,157,53,147,111,85,90,139,153,205,150,149,139,99,104,103,129,77,81,151,66,73,207,103,108,76,88,105
Tmed4,218,107,186,310,195,205,234,240,318,225,274,289,231,241,251,375,351,543,204,224,104,451,300,165,223,230,237,263,276,236,282,191,211,176,259,237,173,248,229,150,348,232,233,197,223,185
Tmed5,42,20,35,89,38,39,48,37,59,64,63,70,43,59,61,75,52,102,47,52,18,95,58,32,40,32,38,66,72,67,40,30,56,10,63,42,43,46,38,45,54,61,50,30,46,51
Tmed7,119,65,108,181,131,119,120,113,246,184,146,248,118,111,163,160,137,201,127,118,67,185,188,101,152,126,123,196,205,174,105,93,133,29,135,94,93,138,78,87,119,125,134,86,86,123
Tmed8,3,2,2,2,1,3,3,4,2,4,3,4,4,0,4,0,1,3,4,1,1,5,6,1,2,2,0,6,0,2,3,0,1,0,1,0,0,1,1,2,3,0,1,1,0,1
Tmed9,329,206,364,489,333,432,365,259,581,329,447,775,363,337,445,522,443,370,343,413,149,344,454,268,419,382,431,480,350,455,311,309,374,223,451,326,276,364,419,215,614,415,363,304,273,300
Tmem100,0,2,3,4,1,2,1,1,0,0,3,1,4,0,1,4,3,4,3,0,0,9,0,0,2,1,0,4,1,2,0,0,0,0,0,1,2,0,0,0,2,0,1,0,0,2
Tmem101,38,16,35,40,41,31,63,49,46,39,49,60,40,23,48,59,38,46,33,42,18,40,43,23,48,28,33,32,56,50,42,28,48,40,40,25,34,29,44,20,66,48,37,37,41,39
Tmem102,39,13,39,49,23,32,58,43,45,36,55,62,39,34,52,40,45,66,53,36,17,46,59,45,47,48,48,52,50,35,49,32,29,32,54,47,23,48,44,33,71,40,32,22,39,31
Tmem104,21,10,17,17,23,14,36,37,28,23,29,40,26,20,26,17,27,44,16,27,11,33,35,23,24,18,36,16,35,26,35,15,22,23,11,14,21,19,21,13,27,29,24,10,27,15
Tmem106a,55,38,70,71,61,73,97,90,65,64,76,66,52,51,67,86,75,110,54,58,24,105,66,52,71,56,57,45,79,84,150,57,55,48,63,44,48,58,53,34,74,50,56,47,45,80
Tmem106b,93,47,76,118,64,85,88,68,148,133,97,106,82,100,105,125,130,97,86,83,42,159,117,65,62,72,67,86,121,102,55,65,81,20,91,75,74,71,63,40,67,82,73,42,58,74
Tmem106c,82,42,70,135,74,72,101,90,91,88,117,88,52,66,89,92,101,141,88,95,17,118,125,49,69,75,89,91,99,79,67,60,102,72,103,65,55,81,85,63,107,78,83,70,93,78
Tmem107,14,9,16,19,19,16,16,12,34,11,16,30,20,23,14,16,33,33,21,18,12,44,36,10,18,13,12,24,16,22,11,9,19,15,16,12,13,18,20,6,22,12,18,6,16,21
Tmem109,217,110,176,275,164,191,242,215,261,201,265,284,234,218,236,278,269,387,210,225,131,267,264,158,215,238,207,297,223,249,273,198,249,172,250,224,172,215,270,135,369,261,236,177,203,196
Tmem11,176,118,224,343,196,195,252,211,236,193,286,247,236,209,234,335,286,292,205,192,77,361,275,151,245,207,185,206,258,278,206,156,203,128,224,209,161,206,240,168,282,198,228,185,173,186
Tmem110,36,14,36,40,33,29,50,58,48,30,51,66,36,34,42,49,44,37,33,44,10,34,52,27,45,44,47,40,55,48,40,23,39,35,24,23,29,41,26,24,45,28,38,22,34,29
Tmem115,119,77,122,158,104,109,142,112,158,103,158,190,125,135,161,151,154,180,106,117,43,168,115,77,121,123,126,140,115,153,91,82,110,77,121,98,92,112,142,79,175,113,115,76,108,109
Tmem119,2,1,3,9,4,7,6,14,7,2,3,10,11,1,8,5,4,12,7,6,0,3,12,5,3,6,4,13,5,7,3,4,7,4,3,2,2,3,1,5,9,4,3,2,5,6
Tmem120a,293,124,290,322,229,297,321,318,361,247,378,348,373,337,365,387,441,1044,248,337,129,590,435,275,365,315,239,400,492,386,463,317,310,312,448,401,298,294,499,264,572,449,448,278,340,322
Tmem120b,7,5,8,12,7,11,18,13,13,11,11,23,16,10,16,6,14,10,14,11,6,14,22,17,15,14,6,19,19,15,4,12,11,14,12,16,9,9,15,16,18,9,15,15,15,12
Tmem123,26,9,35,40,31,32,46,31,47,33,46,46,37,35,36,33,29,49,26,20,16,58,52,22,35,30,22,34,55,44,38,22,44,8,36,30,23,35,29,18,40,28,31,16,27,28
Tmem125,31,15,31,31,28,31,19,29,40,20,36,50,27,27,22,40,39,54,24,30,15,41,43,16,37,30,25,31,45,44,33,27,33,15,24,30,29,25,31,13,40,24,22,18,24,27
Tmem126a,162,78,163,227,187,194,225,200,315,193,238,247,236,175,281,270,289,272,200,205,108,279,344,153,282,239,204,246,358,285,146,134,228,111,255,175,232,210,222,112,405,242,265,165,195,207
Tmem126b,32,11,30,42,25,19,38,26,35,41,31,39,42,29,26,33,40,27,37,35,10,54,44,22,28,34,30,41,38,40,22,16,49,14,26,37,27,36,31,21,44,39,37,15,34,37
Tmem127,116,52,126,182,82,109,123,94,144,99,153,151,94,91,102,161,115,135,86,93,29,118,133,79,88,105,114,121,129,126,105,88,86,69,120,91,69,97,116,58,140,112,108,60,85,72
Tmem128,81,31,58,99,68,61,74,79,130,82,92,115,86,72,84,89,84,94,75,51,23,103,67,51,93,70,71,83,93,76,55,68,55,45,78,79,68,48,60,39,90,75,70,49,62,56
Tmem129,82,35,99,113,94,88,116,93,139,73,110,159,111,82,123,96,98,130,103,89,42,125,119,81,99,100,95,88,118,117,84,66,110,71,80,99,87,115,122,63,140,113,98,86,106,69
Tmem131,59,23,37,102,70,59,65,50,113,60,78,63,69,79,80,106,92,78,59,49,35,99,61,44,82,77,59,55,69,81,56,38,65,35,70,68,54,53,64,26,114,57,56,43,45,60
Tmem132a,3,2,1,6,6,2,3,2,4,6,2,1,3,1,7,3,5,6,4,6,2,3,5,2,4,3,4,3,5,6,4,2,3,8,2,1,6,8,4,5,6,2,3,3,1,10
Tmem132e,8,3,3,6,4,8,12,7,14,9,8,16,13,8,6,10,6,10,9,4,4,5,10,4,9,8,12,13,13,17,9,3,7,4,8,6,4,11,7,0,11,5,14,6,3,7
Tmem134,567,217,545,746,403,741,603,562,572,590,822,598,612,554,751,842,951,803,675,572,313,769,707,465,581,577,496,765,875,834,650,559,757,520,691,697,537,653,758,388,867,791,700,600,686,583
Tmem135,52,25,38,105,60,58,98,75,84,77,73,91,66,79,100,80,63,86,81,49,25,80,158,59,78,96,54,88,144,85,68,74,84,20,80,107,94,103,52,67,80,71,120,54,65,103
Tmem136,5,0,0,6,0,2,6,0,1,5,1,1,0,0,2,3,0,5,2,2,2,7,4,1,1,4,0,1,2,1,2,0,2,1,0,4,1,2,1,0,0,2,3,1,3,0
Tmem138,14,12,22,23,12,23,18,38,18,12,29,28,16,18,24,19,22,35,15,9,5,35,21,9,20,19,22,18,36,20,16,8,16,9,19,6,8,26,19,10,27,12,14,15,19,13
Tmem141,111,36,74,152,87,85,112,96,104,89,88,154,79,92,110,108,99,166,82,87,60,186,117,87,88,116,96,120,102,114,127,69,84,87,117,88,95,86,117,69,158,101,77,71,86,85
Tmem143,125,54,92,153,81,119,133,105,141,86,160,135,113,81,117,170,140,167,91,95,38,134,121,94,113,138,103,132,170,142,64,71,102,88,111,97,81,117,100,64,162,112,100,94,83,96
Tmem144,1,0,3,7,6,9,9,7,6,2,6,5,5,2,5,8,2,7,4,4,2,9,2,2,8,7,3,2,4,5,0,7,2,1,2,0,3,4,3,2,6,4,2,5,4,4
Tmem147,639,294,559,629,522,700,661,558,977,571,667,779,652,666,778,733,783,783,622,622,228,705,1101,520,802,707,671,926,981,921,608,489,625,404,876,540,709,829,684,436,1175,794,767,490,771,737
Tmem14a,36,16,35,44,15,28,40,42,29,41,42,62,52,36,53,32,39,23,60,35,16,16,64,21,34,27,30,39,44,33,18,18,34,15,26,16,22,47,38,23,56,31,23,30,32,33
Tmem14c,1016,507,955,1388,944,1020,1381,1267,1302,1045,1099,1530,1297,1014,1307,1134,1166,983,1031,948,406,1015,2027,1068,1514,1321,1099,1372,1990,1366,1121,936,1175,965,1136,1457,1055,1354,1308,985,1673,1352,1367,1038,1234,1134
Tmem150a,978,476,885,1286,659,855,1147,1071,1178,976,970,1361,896,837,981,1111,951,998,1011,992,280,1240,1167,717,1070,918,976,1130,1372,1053,696,710,984,755,965,832,856,1099,1182,648,1336,1188,964,838,926,902
Tmem158,4,4,6,9,4,4,5,5,2,5,2,9,6,11,1,8,8,4,8,2,5,10,6,3,1,4,5,1,8,2,3,2,3,2,1,3,5,2,6,2,9,1,5,2,3,9
Tmem159,22,8,19,29,27,13,32,24,25,19,22,25,22,24,21,27,23,35,17,20,8,32,37,12,16,20,17,25,17,16,23,14,15,13,10,18,14,15,16,8,31,13,22,22,17,21
Tmem160,387,142,266,458,231,283,381,338,391,296,425,508,286,310,350,475,405,514,340,314,110,476,469,147,324,296,285,406,321,338,370,244,344,248,299,247,233,339,272,195,407,345,309,212,228,217
Tmem161a,73,31,55,121,70,72,99,70,105,93,92,123,67,78,74,85,79,119,73,57,29,119,92,62,72,76,76,76,85,82,82,48,74,55,81,75,81,58,55,64,106,57,74,55,60,82
Tmem161b,3,2,4,11,3,3,5,2,8,4,9,6,5,3,3,4,6,5,4,4,0,5,4,2,3,7,4,4,14,5,3,4,10,2,5,7,4,1,0,2,6,5,7,3,3,4
Tmem164,29,19,26,48,46,30,52,41,52,26,46,49,49,31,41,45,42,57,41,36,13,33,38,15,37,30,30,40,39,30,47,28,34,30,27,27,26,27,35,19,39,31,38,23,16,29
Tmem165,34,16,23,53,53,32,40,47,74,40,34,62,40,27,36,29,39,92,32,33,15,73,39,25,27,44,27,57,58,66,39,27,52,14,43,29,33,30,33,22,64,35,33,27,18,31
Tmem167b,38,33,42,55,33,30,48,19,53,43,45,57,30,31,36,43,38,50,27,49,17,41,49,31,30,36,37,41,50,40,53,19,45,18,40,46,32,35,33,24,48,30,42,21,35,34
Tmem168,22,6,17,38,29,26,20,39,38,25,27,39,26,26,37,38,25,38,32,25,11,58,31,9,28,32,27,23,41,25,33,22,27,4,22,22,32,28,22,19,37,29,37,17,24,23
Tmem17,7,2,3,8,5,10,6,7,2,6,4,6,7,5,7,7,9,11,6,7,1,4,4,4,2,9,5,8,6,6,7,4,5,4,9,6,5,6,10,4,13,7,4,7,8,5
Tmem170,5,2,5,8,7,5,5,2,7,4,5,9,11,5,3,7,5,7,6,11,2,5,8,3,3,5,2,4,4,5,2,4,2,4,5,3,3,8,3,3,4,2,3,2,4,1
Tmem170b,23,15,22,57,34,30,47,25,46,37,33,59,37,32,35,33,41,33,37,12,9,32,38,22,33,26,30,41,39,35,30,19,26,21,24,23,26,29,30,17,31,32,34,16,21,31
Tmem171,3,0,0,5,0,0,1,4,2,2,2,1,3,0,2,1,4,13,1,2,0,17,3,1,0,1,0,2,4,2,11,2,1,4,1,1,2,0,2,0,2,2,1,0,1,2
Tmem173,13,5,8,7,5,7,12,8,6,7,11,17,8,2,9,8,10,13,9,7,2,9,7,2,6,10,5,7,9,10,28,3,4,9,7,4,5,9,3,2,4,3,12,1,4,9
Tmem175,10,4,15,23,24,17,20,20,26,16,21,29,26,18,14,28,30,41,28,20,10,34,22,20,21,22,15,14,32,22,17,18,18,12,29,17,16,14,17,12,31,19,20,9,19,12
Tmem176a,1521,864,2219,3213,3183,2100,2238,2432,5311,1607,2977,4332,1878,1618,2348,2206,2421,2568,1879,2139,799,2125,2061,1380,2507,2366,2977,1869,2389,2480,3599,1154,2081,1604,1907,1606,1536,1867,1696,1427,2898,2037,2024,1800,1772,1511
Tmem176b,2168,1126,2613,4093,3979,2841,2639,2508,7693,2016,3792,5443,2544,2151,2790,2837,3416,3844,2437,2545,1027,3171,2763,1611,3361,2965,2642,2243,3154,3120,4552,1622,2427,1856,2164,1444,1526,2231,1677,1375,3204,1920,2238,1517,1870,1779
Tmem177,4,3,5,8,9,5,10,7,5,5,4,12,4,6,6,13,14,8,9,6,2,7,11,10,10,9,9,10,11,6,5,11,9,7,11,6,5,7,6,6,12,6,13,7,5,2
Tmem178,0,0,1,4,2,0,3,4,1,2,4,2,2,1,3,6,2,4,6,2,1,4,3,1,1,2,2,0,3,2,0,2,1,2,0,3,0,2,3,1,3,3,3,1,1,2
Tmem179b,123,69,130,188,58,136,163,157,274,150,148,229,166,132,186,155,161,177,111,132,31,174,139,136,128,121,115,155,201,160,140,95,123,92,118,87,102,153,115,98,197,156,133,70,123,141
Tmem18,35,20,39,47,42,37,46,37,45,34,60,84,39,35,51,31,47,40,33,34,18,49,52,32,49,28,39,30,45,51,23,35,49,26,41,38,39,48,34,17,59,54,47,35,31,30
Tmem180,16,7,13,21,14,11,18,25,23,16,23,37,12,4,11,20,17,22,14,6,12,10,19,11,21,19,19,23,19,20,13,15,28,20,16,13,13,19,6,12,29,11,14,15,15,16
Tmem183a,135,69,114,124,103,124,147,116,166,107,134,110,108,114,130,108,115,113,151,115,52,125,152,75,102,111,88,87,111,156,66,87,88,59,84,94,81,92,97,58,129,87,91,66,72,72
Tmem184a,56,15,47,104,45,75,66,97,75,61,91,59,54,29,69,97,76,64,61,61,16,31,78,53,61,54,44,58,103,101,76,43,53,50,65,89,43,79,84,33,101,68,87,68,58,62
Tmem184b,79,35,68,108,106,94,106,110,105,81,96,94,92,62,80,102,131,170,93,73,42,141,118,52,106,97,74,96,154,98,136,74,86,63,92,98,92,93,96,64,108,81,91,59,75,85
Tmem184c,19,12,13,25,27,18,19,15,45,16,14,48,22,16,25,19,19,42,18,16,12,35,20,9,20,20,17,18,25,27,9,10,14,7,18,10,16,16,17,5,16,22,9,8,8,13
Tmem185b,17,5,16,28,12,13,18,21,25,19,19,29,19,15,17,25,26,21,13,14,7,24,24,13,14,20,22,14,25,27,13,9,20,7,5,10,11,14,16,11,16,9,21,5,16,12
Tmem186,40,18,35,52,29,30,47,39,28,24,64,61,36,29,42,46,45,50,45,39,13,59,46,23,37,38,31,35,32,30,37,38,40,19,25,35,30,40,46,29,43,37,46,32,30,24
Tmem189,37,21,23,27,13,34,30,22,43,39,28,52,42,41,41,35,34,38,27,24,14,19,39,28,30,14,29,35,31,40,40,24,39,30,43,33,26,25,36,23,54,30,55,34,34,26
Tmem19,205,81,177,170,215,278,165,172,363,207,257,371,238,200,179,242,218,128,189,195,81,137,314,186,228,300,236,219,347,265,253,183,215,138,218,198,170,227,246,144,398,244,216,140,180,214
Tmem191c,0,1,4,5,2,2,7,5,5,2,4,9,5,4,5,6,7,6,3,4,1,5,5,0,1,6,2,8,2,2,3,1,2,0,2,0,4,4,5,2,4,0,2,4,1,2
Tmem192,60,31,45,86,46,58,84,73,75,77,66,81,67,72,68,73,71,108,63,67,30,121,88,55,59,59,53,85,90,96,88,53,67,57,74,75,73,64,79,55,117,74,74,42,68,61
Tmem194,7,5,6,13,13,4,13,10,15,7,11,13,5,8,9,23,10,25,14,11,6,18,7,9,14,6,12,6,10,15,9,2,9,7,3,9,6,11,6,6,12,4,7,4,8,11
Tmem198b,22,14,25,41,21,28,25,27,25,25,34,28,35,27,32,24,25,29,33,37,8,36,30,13,25,26,20,20,28,29,23,10,25,11,26,16,15,28,28,12,34,17,26,13,25,22
Tmem199,64,31,53,78,57,44,65,47,64,51,84,98,59,46,74,75,57,92,55,49,16,63,64,32,58,55,46,50,59,62,47,40,48,29,56,44,48,39,58,28,57,58,48,33,55,51
Tmem2,19,8,11,15,17,11,21,15,20,19,17,21,20,15,16,13,16,28,20,9,3,21,25,8,20,17,17,13,24,18,23,9,13,8,10,16,13,17,8,6,17,12,16,6,12,16
Tmem201,72,38,63,128,51,53,78,58,87,68,111,70,79,84,83,79,100,85,74,67,23,116,85,64,76,69,57,83,113,102,51,49,88,54,86,50,69,69,74,43,118,51,72,53,83,77
Tmem203,98,43,112,139,64,110,97,80,135,109,155,158,123,101,110,141,168,143,117,90,25,203,125,79,117,105,88,125,130,119,98,83,103,71,112,101,84,96,108,59,141,108,88,67,91,110
Tmem204,32,11,26,60,23,34,65,43,37,46,49,53,54,36,42,41,40,67,42,17,11,43,61,25,26,36,22,40,61,49,25,34,24,22,22,23,31,42,20,22,45,24,28,32,25,27
Tmem205,5244,2558,3661,6302,4177,5337,6336,5805,6632,5285,6155,6128,5230,4859,5702,6838,7294,5626,5922,5188,1755,5479,6835,4201,6148,5360,4550,5643,7227,5999,4917,3675,5364,3666,6107,5575,4101,5625,5908,3901,7483,5851,5563,4404,5422,5051
Tmem206,8,3,2,2,4,4,2,3,4,3,1,1,6,2,4,6,3,4,3,4,3,4,7,3,2,2,1,4,5,2,3,2,2,2,1,2,3,7,4,3,4,0,2,2,2,2
Tmem208,292,152,282,389,268,318,366,366,365,281,400,436,276,295,318,450,375,456,284,322,103,399,415,203,320,267,298,341,390,378,323,214,280,218,336,278,236,280,332,221,441,296,299,236,259,289
Tmem209,11,5,7,9,11,7,9,12,15,18,8,24,10,11,20,16,12,45,12,11,9,30,11,8,10,10,13,19,13,18,16,3,7,11,10,14,17,13,9,5,15,7,12,10,5,12
Tmem214,247,141,226,312,206,249,259,293,338,268,308,532,251,219,287,360,315,420,189,296,74,272,273,190,210,254,302,313,230,309,245,198,240,233,315,213,167,254,255,181,433,233,250,185,227,240
Tmem216,18,5,23,24,21,21,29,17,34,24,30,24,17,24,27,28,29,24,21,17,8,43,24,12,15,30,20,20,29,27,7,14,16,13,14,23,18,18,18,18,26,14,16,11,13,16
Tmem218,19,9,19,37,20,13,20,18,26,18,23,30,21,22,27,27,27,31,17,21,10,36,22,6,19,17,16,20,28,19,4,13,23,13,16,17,19,13,14,11,24,15,16,16,12,19
Tmem219,272,145,248,355,186,312,293,293,337,281,324,339,307,260,323,352,312,422,270,229,117,514,339,216,249,277,255,283,372,286,243,220,249,199,289,301,233,257,301,176,374,213,286,249,232,231
Tmem220,32,20,44,45,33,38,32,30,58,28,48,47,40,32,39,40,54,39,25,33,18,37,49,24,32,28,28,43,62,38,29,35,49,21,41,43,36,29,32,20,39,47,40,29,35,27
Tmem221,1,1,2,5,3,4,4,5,2,3,11,5,0,3,2,4,4,2,3,1,0,5,5,2,4,7,1,1,1,2,6,1,1,2,3,4,1,5,5,2,3,1,4,2,0,2
Tmem222,135,51,102,174,58,94,122,139,128,115,145,165,143,106,152,146,138,190,118,96,41,175,106,89,96,106,128,138,183,127,94,81,111,110,122,103,80,119,125,89,155,121,111,72,104,86
Tmem223,65,46,56,122,44,70,61,70,84,96,93,120,71,53,106,88,76,61,95,82,26,77,99,57,59,72,78,64,108,104,65,52,101,78,64,72,73,66,83,54,88,86,100,58,86,82
Tmem229b,12,4,16,17,20,19,14,18,7,8,15,10,11,8,9,11,16,18,13,7,6,11,11,13,15,9,8,10,14,11,41,9,11,14,12,6,9,7,4,7,10,15,10,6,8,10
Tmem230,58,30,34,105,57,53,59,75,87,59,69,93,52,56,67,80,85,93,56,53,27,92,93,47,64,73,59,78,107,89,67,42,63,32,83,64,55,69,55,44,100,56,68,31,57,45
Tmem231,4,1,1,2,1,3,3,2,4,1,3,6,5,1,1,3,3,3,6,2,1,3,2,2,4,3,3,2,3,3,3,6,1,2,3,2,3,3,2,1,0,1,0,3,2,4
Tmem234,278,178,255,381,251,265,298,320,252,209,389,319,218,178,233,335,291,368,219,200,99,374,263,178,204,177,233,245,259,239,235,173,195,176,189,180,120,176,175,94,216,144,168,131,129,100
Tmem237,31,10,18,35,24,20,36,23,27,21,26,37,26,17,25,21,25,75,28,25,5,59,21,16,31,22,18,22,29,27,33,20,17,14,24,19,19,15,19,12,29,22,23,16,14,20
Tmem238,236,102,235,318,231,295,279,275,346,258,329,338,257,213,260,314,321,434,272,283,94,398,353,206,322,275,267,257,357,350,209,173,241,219,303,212,236,234,319,195,455,319,275,225,263,238
Tmem241,7,0,4,8,4,3,2,4,8,2,3,11,3,6,4,9,2,12,2,1,0,9,5,3,7,3,3,3,6,7,4,4,6,1,6,4,4,4,2,1,10,3,5,1,6,5
Tmem242,230,102,239,324,117,206,318,332,314,225,238,282,218,231,262,277,247,243,219,272,66,266,305,193,266,204,234,262,412,232,248,196,208,213,224,317,157,266,313,226,326,288,288,170,236,233
Tmem243,285,153,219,407,225,246,285,263,282,373,386,375,294,308,408,366,331,296,273,274,111,335,409,237,309,270,257,372,324,377,265,241,276,209,327,269,220,312,315,191,393,394,297,190,267,331
Tmem245,40,18,31,67,29,35,43,29,34,40,65,62,36,39,27,49,44,34,54,30,9,42,37,24,33,24,29,33,43,41,21,21,33,22,24,25,21,35,29,15,45,26,40,20,24,26
Tmem246,1,0,1,5,1,2,2,0,0,2,2,1,1,0,3,4,3,7,0,2,0,4,3,0,1,1,0,0,0,0,2,1,3,0,0,1,3,1,2,1,1,1,1,1,1,1
Tmem248,194,126,164,212,172,215,173,179,316,174,209,358,142,212,218,280,255,322,251,229,79,337,211,125,132,161,220,211,189,274,145,153,166,142,186,147,125,177,201,105,331,160,159,137,135,179
Tmem25,65,36,57,97,40,68,92,77,70,103,83,75,58,80,79,44,64,22,71,60,14,28,64,70,83,70,71,69,103,82,18,41,58,62,78,62,61,72,74,55,100,65,48,54,63,77
Tmem251,24,22,31,36,24,23,35,18,32,28,33,35,30,28,30,25,25,53,25,28,8,42,28,15,20,27,29,23,28,33,32,17,36,15,27,18,22,23,27,20,31,29,21,12,20,37
Tmem256,1582,728,1445,2015,1263,1658,1613,1447,2230,1627,2001,2258,1804,1783,1799,2087,2023,1391,1721,1564,571,1999,1988,1265,1908,1732,1540,1593,2392,1891,1027,1022,1421,1049,1711,1556,1418,1571,1742,1012,2315,1647,1544,1328,1557,1433
Tmem258,114,46,97,160,112,136,154,137,171,139,160,250,119,103,143,103,133,224,149,140,42,139,142,92,121,154,148,135,154,155,88,101,118,105,145,99,122,159,125,86,180,129,135,88,111,104
Tmem259,451,185,327,626,251,387,461,340,485,417,549,516,398,422,441,570,486,540,415,354,84,549,501,288,320,331,385,290,402,403,411,337,352,323,389,434,288,403,450,248,598,373,368,251,307,361
Tmem26,1,1,0,4,0,1,1,4,3,3,3,2,0,0,2,0,1,7,1,2,2,3,3,0,5,2,1,0,3,2,3,2,2,0,0,2,0,1,0,1,0,2,1,0,2,2
Tmem260,59,29,46,87,43,63,67,52,80,60,80,84,62,70,61,66,68,70,69,47,15,58,83,49,74,66,48,65,82,75,64,53,72,59,76,57,56,69,78,55,120,63,70,43,72,66
Tmem261,152,76,140,270,143,191,244,177,265,193,217,264,206,161,254,224,243,244,187,197,62,250,273,179,280,206,160,222,297,280,203,173,198,157,235,237,218,218,283,158,332,257,236,157,213,186
Tmem263,8,3,5,11,15,4,8,8,10,11,11,18,6,21,10,16,13,22,15,12,4,16,9,6,5,8,7,9,13,12,6,7,8,3,8,14,11,9,8,7,9,10,6,10,5,7
Tmem265,35,11,14,36,27,17,27,29,33,22,30,38,29,24,22,39,34,43,20,18,11,50,25,21,24,19,20,29,30,21,19,17,26,13,27,22,16,30,29,23,21,20,15,15,26,15
Tmem30a,57,31,48,102,53,44,74,62,68,62,88,105,46,62,68,76,63,44,76,57,28,66,99,38,61,69,59,80,74,84,42,43,80,16,59,67,58,68,41,42,62,53,52,37,24,53
Tmem30b,57,35,40,85,69,58,63,63,99,59,90,94,86,72,70,80,87,84,60,52,24,130,73,38,63,73,62,69,92,75,41,41,66,33,67,61,62,62,63,39,73,66,74,43,53,52
Tmem33,6,3,3,5,1,6,4,4,3,3,8,7,10,1,6,1,7,3,1,4,0,5,3,4,3,6,4,5,4,6,5,4,9,1,7,10,9,1,1,3,3,1,3,0,3,4
Tmem37,874,445,865,1361,979,1137,1037,1053,2076,1248,1165,2060,1314,1365,1402,1418,1432,1517,968,1059,433,1446,1430,658,1197,1286,1276,1298,1649,1177,912,758,1128,977,1189,1074,1119,1151,1374,696,1442,1203,1030,861,983,999
Tmem38a,17,12,15,24,12,13,19,12,21,11,17,20,14,19,13,19,12,15,13,13,5,24,21,5,17,15,10,14,14,14,6,10,20,8,12,9,12,14,17,7,29,17,21,13,15,18
Tmem38b,53,22,69,88,57,70,58,59,116,67,64,92,92,70,83,66,65,65,53,47,23,98,65,50,60,67,63,72,98,71,52,48,75,45,69,74,67,47,64,31,87,73,58,40,56,71
Tmem39a,16,30,50,29,38,35,43,32,34,28,42,103,25,32,30,21,25,54,31,48,14,46,35,33,21,24,31,25,30,38,24,33,21,13,21,17,19,28,29,14,28,29,39,24,27,31
Tmem39b,17,13,19,26,20,27,30,28,23,22,21,28,28,17,20,36,30,27,33,17,4,24,27,11,20,17,20,23,24,41,11,7,22,15,24,21,11,22,29,12,38,15,13,11,18,11
Tmem41a,62,65,102,102,87,62,56,64,169,64,102,149,97,93,96,162,114,182,89,74,33,196,80,64,59,71,75,75,96,80,82,50,70,56,101,70,60,70,61,52,114,70,65,68,64,86
Tmem41b,4,1,2,2,2,3,3,5,3,2,2,13,1,4,3,0,2,3,1,1,0,1,3,0,4,1,1,1,3,1,1,1,8,1,4,0,1,2,2,2,5,0,2,0,1,4
Tmem42,30,13,21,42,24,37,41,40,51,35,55,45,25,34,37,50,46,53,29,28,16,40,38,19,27,34,28,41,48,34,38,35,20,37,23,40,31,39,39,20,47,36,38,16,27,31
Tmem43,28,20,46,54,56,29,47,54,59,24,40,57,39,42,42,46,50,140,41,43,13,100,30,26,35,35,28,52,53,45,53,18,27,22,35,30,24,38,32,23,61,29,27,23,25,25
Tmem45b,0,0,0,0,0,0,0,0,0,0,1,0,1,0,2,0,1,7,0,3,1,0,1,1,0,0,0,1,0,0,1,0,2,0,0,0,0,2,1,0,2,1,1,0,0,0
Tmem5,50,43,59,79,34,46,70,37,80,38,55,89,55,57,69,71,70,77,88,60,14,71,81,25,37,32,39,46,62,61,30,43,42,38,56,49,32,57,46,26,41,54,60,22,28,50
Tmem50a,692,387,622,909,687,695,809,651,775,563,857,677,724,610,676,930,810,836,609,577,300,879,786,475,727,688,609,685,868,763,686,421,632,469,590,615,539,545,690,442,972,689,604,450,523,499
Tmem50b,30,22,50,60,34,39,45,52,33,32,52,71,36,35,26,35,34,56,27,30,15,51,47,27,35,33,22,29,47,37,49,21,30,20,32,21,28,33,27,17,16,39,33,31,22,27
Tmem51,46,29,54,66,86,37,85,77,99,53,97,98,81,48,53,83,80,132,70,44,31,128,71,35,55,40,41,46,58,56,124,34,55,57,44,54,39,54,25,30,72,48,53,27,25,44
Tmem51os1,7,4,4,8,10,2,5,14,8,6,7,6,7,4,6,8,10,13,6,6,1,8,6,5,3,5,6,4,8,6,14,5,9,7,1,7,4,6,3,3,7,3,5,2,4,3
Tmem53,263,114,232,367,302,249,297,323,461,333,325,344,326,278,292,315,359,291,289,235,114,438,314,203,267,287,269,269,439,317,278,208,260,243,264,264,293,256,271,175,293,228,267,237,240,261
Tmem55a,20,13,21,38,35,25,21,25,48,26,30,35,36,20,33,43,51,28,30,34,15,47,38,14,30,29,33,29,34,44,27,21,20,12,27,24,26,24,27,15,40,23,36,18,29,23
Tmem56,124,63,83,155,85,95,113,91,107,134,174,121,121,133,141,153,155,227,158,84,56,194,143,84,83,91,71,118,156,151,95,115,114,33,98,87,73,105,80,49,98,70,58,57,40,73
Tmem57,107,51,100,156,124,101,111,94,146,82,138,125,97,98,113,128,163,100,99,96,40,144,138,87,97,109,107,115,144,135,74,86,113,67,109,102,91,78,130,73,141,91,97,75,73,101
Tmem59,688,337,575,1075,736,772,792,669,1231,896,955,1169,875,973,1015,1113,1095,837,924,786,363,1114,1156,609,876,927,796,1051,1237,1155,778,586,880,448,977,804,764,859,875,501,1202,835,860,491,686,854
Tmem60,67,31,63,127,90,61,86,84,123,59,86,98,76,78,79,82,89,121,99,61,27,162,95,60,105,78,60,82,121,99,51,53,82,40,82,66,96,74,67,60,102,75,70,67,68,86
Tmem62,19,13,25,33,21,33,37,43,57,23,35,52,25,32,32,30,31,100,32,32,10,69,30,18,37,39,18,27,46,38,42,24,23,17,18,18,21,24,17,23,31,26,26,22,18,16
Tmem63a,64,28,45,65,39,35,50,67,61,69,55,68,76,61,40,80,55,60,40,59,18,61,69,46,62,43,51,63,92,54,68,36,53,54,59,66,40,69,66,45,71,60,58,40,48,67
Tmem63b,290,133,201,300,196,222,257,287,214,323,333,394,242,256,271,305,260,294,296,263,70,334,345,85,222,211,331,281,366,219,175,143,225,270,239,244,149,291,267,183,324,242,235,157,214,204
Tmem64,7,7,13,12,11,13,13,14,27,13,11,24,16,16,14,9,12,24,20,12,6,10,13,5,11,6,5,8,11,11,11,13,14,7,15,9,18,14,9,9,10,8,4,3,6,6
Tmem65,1,1,3,5,1,4,3,4,5,4,7,4,1,2,7,6,7,5,3,3,0,12,2,1,3,2,3,5,4,6,4,1,1,2,3,0,3,3,5,2,1,1,3,2,3,6
Tmem67,2,0,0,3,5,0,10,1,3,2,2,4,1,5,3,4,3,6,4,2,1,3,2,1,1,5,4,2,6,1,5,2,8,2,3,0,1,2,0,4,5,4,3,2,1,4
Tmem68,9,4,8,16,8,7,12,6,5,10,10,16,9,13,15,12,14,18,10,10,2,5,13,9,8,10,7,5,10,14,10,7,5,5,6,4,6,5,4,4,12,4,17,4,6,6
Tmem69,11,5,7,12,11,18,16,15,19,16,23,19,12,16,15,16,13,24,12,14,10,17,18,11,15,13,15,14,19,19,11,13,11,9,12,12,6,10,17,6,26,12,18,6,18,9
Tmem70,147,59,123,212,130,153,179,156,203,189,205,204,184,182,208,161,188,197,149,146,75,213,243,140,185,178,158,214,228,200,123,175,173,120,179,201,166,176,195,113,215,174,172,130,133,177
Tmem71,1,0,2,3,0,0,2,2,3,2,2,4,0,1,0,0,1,7,1,0,0,4,1,0,1,1,1,0,2,0,0,1,0,0,0,2,0,0,2,2,2,1,1,2,0,0
Tmem79,8,4,8,12,1,8,16,6,3,9,6,11,15,10,9,12,11,15,6,9,5,9,12,13,17,11,7,12,14,12,13,5,9,9,12,15,4,13,11,6,15,5,14,11,17,13
Tmem8,84,49,106,112,112,113,116,102,135,76,118,117,96,90,124,119,124,149,85,86,36,125,91,76,112,104,80,117,101,120,147,73,111,84,106,87,83,88,121,56,155,120,100,67,97,84
Tmem80,37,27,32,65,32,48,53,56,57,46,53,69,30,36,57,58,53,81,42,37,16,86,54,27,56,36,47,62,67,46,57,44,40,41,40,40,37,47,45,35,60,37,58,21,46,37
Tmem81,4,2,3,10,5,3,1,4,6,6,4,15,3,3,4,1,4,6,4,2,2,4,10,4,2,6,2,12,5,6,5,2,2,3,7,0,7,4,9,1,11,6,3,2,4,1
Tmem82,99,48,101,201,84,111,108,109,194,104,180,148,109,133,142,166,150,220,90,73,32,299,134,52,100,90,107,136,153,123,100,69,84,72,99,116,79,114,113,68,157,114,122,58,77,94
Tmem86a,75,49,78,223,106,77,141,147,82,75,159,108,86,59,115,150,200,824,102,62,43,667,96,58,123,69,81,66,90,74,196,66,59,97,39,65,65,81,62,35,91,65,98,65,59,66
Tmem86b,214,81,184,286,155,176,268,224,349,239,196,211,208,276,273,265,196,106,164,316,51,197,324,199,252,224,255,292,516,314,142,109,169,115,257,212,185,318,282,178,360,254,316,202,208,243
Tmem87a,2,1,2,3,4,1,3,1,0,1,1,1,4,1,1,0,0,6,0,2,0,1,2,1,0,1,1,2,1,1,3,0,1,1,0,1,1,1,0,1,1,2,0,1,2,1
Tmem87b,34,14,25,61,49,20,45,57,70,34,48,59,50,30,43,34,55,77,43,25,10,62,55,30,24,33,34,47,47,49,48,21,38,21,35,26,27,30,39,20,59,24,42,25,33,30
Tmem88,14,4,8,8,6,13,16,12,14,13,17,15,16,12,17,25,18,11,10,13,4,9,25,11,18,15,10,11,30,28,20,12,9,11,14,17,10,26,13,10,15,11,24,6,17,14
Tmem8b,7,1,4,7,6,4,3,9,8,6,5,7,4,4,5,7,3,8,4,1,2,7,10,2,4,6,4,8,7,6,3,4,5,4,5,7,2,7,7,3,10,5,5,4,5,4
Tmem9,142,77,101,193,124,125,179,153,178,137,166,161,157,155,137,199,188,176,165,123,50,226,158,127,134,141,144,138,167,160,131,89,122,121,134,110,93,134,141,87,203,130,150,101,126,105
Tmem97,253,122,180,278,216,199,240,236,350,210,305,372,224,198,223,312,279,273,244,301,69,240,309,142,218,255,211,278,324,318,210,165,186,181,233,243,177,236,239,147,369,257,234,207,200,213
Tmem98,31,20,36,33,29,37,38,39,22,20,36,43,31,44,25,39,40,81,30,32,14,80,56,24,20,32,12,33,57,40,35,29,36,24,45,43,48,53,51,26,49,30,48,40,23,35
Tmem9b,80,48,98,141,115,97,122,124,194,101,136,177,122,125,141,141,133,192,92,102,58,156,134,73,118,131,102,141,141,154,154,101,108,70,120,114,99,124,122,82,144,151,129,97,104,108
Tmf1,4,2,8,6,3,6,8,2,8,2,8,15,6,2,4,5,10,7,11,5,1,8,4,3,6,5,2,7,2,9,5,3,9,4,5,4,3,4,4,3,8,2,4,3,4,5
Tmie,193,118,229,250,164,181,371,232,215,127,273,264,207,279,284,203,202,55,151,200,106,89,484,301,328,256,271,260,226,269,145,229,285,260,194,291,145,230,235,189,309,213,211,158,161,160
Tmod1,3,2,1,3,2,3,4,0,5,4,6,4,7,4,4,7,6,4,6,0,1,8,6,0,2,3,0,2,1,3,1,3,1,4,4,4,2,4,3,1,2,1,1,5,3,5
Tmod3,49,34,51,80,62,44,75,68,73,60,73,88,63,58,76,66,71,98,52,51,34,79,79,41,48,53,56,62,73,75,64,43,52,43,50,57,68,60,63,28,86,65,66,37,57,45
Tmpo,77,22,41,74,33,44,65,44,76,66,58,105,61,55,51,64,70,66,58,43,14,72,86,43,48,53,52,59,91,63,36,34,57,41,57,49,55,63,38,31,87,59,54,42,36,56
Tmppe,12,9,9,13,4,8,13,5,4,13,8,5,6,4,9,9,5,22,4,5,2,12,3,5,5,0,4,5,13,12,10,3,6,7,8,5,6,4,3,5,7,7,7,4,4,8
Tmprss2,3,3,8,11,13,5,4,8,28,10,10,20,7,9,12,4,10,16,4,5,2,23,7,1,10,15,10,10,4,7,4,8,4,4,3,5,10,5,4,6,12,8,6,13,5,2
Tmprss4,7,5,22,21,28,22,23,29,24,7,10,9,17,13,7,10,16,57,6,15,6,30,20,45,39,16,13,17,122,25,91,24,25,23,19,61,34,27,44,16,20,58,35,29,28,27
Tmprss6,1413,739,1290,2121,1093,1486,1655,1633,2503,1701,1954,2024,1675,1870,2050,2284,1885,951,1773,1605,455,1475,2183,1128,1933,1809,1642,1810,2336,2048,1308,1318,1524,1304,1934,1785,1291,1767,1900,1311,2501,2167,1830,1173,1556,1581
Tmsb10,7,12,12,27,25,17,20,33,4,15,25,9,14,18,15,12,17,42,17,9,8,24,19,1,17,14,11,13,21,16,72,13,12,23,8,10,15,20,8,13,22,10,13,7,12,28
Tmsb4x,789,501,845,1527,781,599,1541,1311,683,661,1435,1161,848,540,1056,1010,977,1610,877,742,396,1314,985,545,889,551,880,550,861,815,2873,530,531,906,434,623,587,765,596,322,669,578,757,374,395,623
Tmtc1,0,0,0,0,4,3,4,3,5,1,0,3,6,3,2,0,2,2,5,0,1,4,0,2,2,2,0,2,1,3,1,4,3,1,1,2,1,1,5,1,3,2,2,2,4,3
Tmtc2,18,23,26,48,9,19,26,10,18,15,18,8,22,37,33,26,27,28,18,19,9,26,19,13,18,13,15,20,33,31,6,13,16,9,22,19,15,9,17,10,10,16,18,21,22,30
Tmtc4,10,5,9,10,10,9,7,9,13,14,15,8,7,7,6,10,9,5,10,19,5,10,12,7,5,10,3,14,13,21,9,2,4,3,7,11,5,9,13,3,5,4,7,4,10,8
Tmub1,55,28,43,46,24,43,45,33,65,45,46,68,52,49,52,61,51,47,39,33,10,58,50,33,47,48,46,49,56,45,34,23,44,22,41,56,31,43,48,30,62,49,46,49,45,41
Tmub2,114,49,137,162,111,122,151,135,157,116,171,125,116,142,134,156,142,162,126,104,46,166,159,107,117,110,136,127,162,169,134,114,137,100,136,121,117,118,158,90,185,169,136,104,135,145
Tmx1,66,38,79,100,96,95,89,94,117,96,78,120,81,92,89,81,91,110,73,80,36,129,105,70,73,76,90,115,121,118,64,56,73,26,86,51,70,70,73,44,83,74,82,37,61,66
Tmx2,81,21,52,77,71,53,63,66,103,54,88,95,62,75,99,43,51,81,68,69,28,65,98,61,67,74,66,87,98,99,63,59,67,40,67,60,90,72,62,43,77,72,70,56,45,55
Tmx4,9,9,1,17,9,14,10,8,15,9,12,14,10,9,13,18,13,10,10,12,3,19,16,5,7,10,8,18,20,14,6,5,9,2,14,7,11,10,7,2,19,17,11,7,8,5
Tnc,1,4,1,7,1,2,0,7,1,1,7,4,2,0,3,2,4,4,1,2,0,0,4,0,6,2,4,10,2,5,5,1,1,3,3,2,1,2,3,2,1,3,0,1,4,6
Tnf,0,0,0,9,4,1,4,3,2,1,4,0,2,0,4,3,3,4,0,5,3,4,4,5,2,1,2,3,3,4,36,1,4,8,1,0,2,2,1,2,0,1,0,0,1,1
Tnfaip1,120,52,107,140,165,90,139,122,188,96,165,193,128,95,135,160,148,269,128,122,55,210,140,75,103,138,97,129,141,155,137,79,109,85,104,77,84,105,132,74,170,100,120,88,66,104
Tnfaip2,128,90,127,179,191,116,190,231,173,125,195,273,98,71,133,138,179,142,157,111,60,188,157,130,151,153,172,128,204,156,473,112,145,127,125,133,131,138,99,86,202,138,138,100,99,105
Tnfaip3,15,10,14,34,70,19,25,20,92,10,24,63,20,10,18,19,27,49,18,25,11,48,16,2,21,17,40,7,25,18,85,9,18,17,13,8,4,13,8,6,25,8,14,9,12,17
Tnfaip8l1,39,18,28,92,35,56,49,54,34,33,67,67,61,46,83,63,86,78,51,32,18,36,41,18,37,41,46,43,36,70,49,41,40,39,43,37,24,46,55,23,57,29,40,36,32,31
Tnfaip8l2,9,8,13,42,26,18,28,38,23,10,35,33,23,10,24,20,21,28,12,20,9,41,22,16,24,14,18,14,16,28,66,9,14,20,17,13,14,22,10,8,9,15,16,14,12,15
Tnfaip8l3,3,1,2,1,4,3,1,3,4,2,2,1,2,0,5,1,2,0,2,2,0,2,7,1,1,2,1,4,12,0,1,3,4,1,2,4,2,3,3,1,3,1,1,0,2,0
Tnfrsf11b,10,0,8,15,10,3,16,22,9,13,15,12,19,6,19,8,10,13,7,9,2,13,13,6,7,6,7,12,7,8,9,6,6,4,5,16,4,9,7,5,7,7,8,3,7,3
Tnfrsf12a,93,90,113,265,112,70,114,103,79,55,128,186,129,83,98,100,93,631,68,67,31,504,71,35,57,80,89,51,44,46,116,53,59,82,66,50,58,52,49,40,85,59,52,47,43,63
Tnfrsf18,1,1,3,5,3,0,5,5,0,3,2,5,4,3,1,4,1,5,0,0,0,4,3,1,1,0,1,0,1,0,10,2,2,4,1,1,0,0,0,0,0,2,2,0,0,0
Tnfrsf19,8,8,10,30,14,6,20,11,8,9,10,7,10,3,10,22,27,17,13,13,6,14,10,8,11,10,8,14,13,10,10,9,13,10,13,5,7,19,16,6,29,12,15,10,5,6
Tnfrsf1a,508,247,635,839,768,651,689,531,1282,494,782,877,597,532,588,645,664,680,534,560,266,664,729,414,639,573,612,509,714,720,674,385,589,385,620,565,465,533,516,376,830,505,551,474,470,446
Tnfrsf1b,1,3,2,4,1,3,3,1,6,1,3,5,2,4,5,5,1,2,2,2,2,4,0,1,3,0,1,1,1,2,1,1,2,2,0,0,2,4,2,0,4,6,3,2,2,4
Tnfrsf21,3,7,3,11,5,4,13,10,7,9,17,14,5,4,2,8,12,13,7,2,2,11,6,6,5,3,5,5,10,8,7,1,6,2,2,1,4,4,3,6,5,4,6,5,6,5
Tnfrsf23,2,0,2,3,3,3,8,5,5,1,2,2,2,0,4,2,3,18,6,1,3,7,5,5,2,2,1,2,5,6,32,9,2,3,2,8,3,3,4,1,9,7,8,1,0,3
Tnfrsf25,4,4,6,4,1,2,4,5,1,7,2,5,2,2,3,3,2,2,0,1,3,5,4,2,4,5,2,3,3,2,4,1,1,3,1,2,2,3,3,1,3,2,2,2,1,1
Tnfrsf4,5,1,5,5,1,2,9,4,2,4,3,5,6,4,7,3,7,6,0,4,0,9,4,3,1,4,5,6,5,2,7,2,5,5,4,2,4,3,0,3,1,4,1,2,8,1
Tnfsf10,5,3,4,4,11,9,9,15,8,9,7,16,11,11,7,8,15,6,5,10,4,14,15,6,19,5,7,10,12,16,33,4,10,11,9,10,0,11,8,4,12,10,6,6,7,12
Tnfsf12,163,80,174,218,217,145,204,202,270,154,221,281,96,127,162,185,172,275,175,122,63,268,183,98,178,166,223,150,203,169,162,80,108,105,114,77,135,154,105,86,177,121,111,67,104,96
Tnfsf13b,1,0,1,2,2,2,0,0,1,1,3,0,3,2,3,2,4,5,0,0,0,7,1,0,4,4,2,2,2,4,4,2,2,3,0,1,2,0,1,0,2,1,1,0,0,1
Tnik,5,0,0,1,4,2,2,3,5,2,3,2,3,4,4,5,6,1,1,0,0,2,3,3,0,0,1,0,6,1,0,0,2,1,1,0,3,1,0,1,0,3,2,0,2,4
Tnip1,61,25,52,113,95,65,88,93,93,57,89,95,69,54,62,65,77,172,59,61,27,115,105,64,88,61,60,70,74,77,197,56,85,57,69,58,51,86,63,39,89,65,62,54,69,64
Tnip2,19,11,17,37,26,13,34,32,41,18,33,30,28,19,23,22,26,28,21,17,11,40,21,11,20,20,18,26,26,21,28,14,16,10,13,21,13,15,18,12,27,12,13,8,19,10
Tnk2,71,47,68,95,98,76,113,100,123,66,120,128,106,79,105,113,94,111,87,59,32,138,131,67,102,101,113,100,89,100,70,77,87,78,107,76,78,99,91,53,149,92,94,81,61,81
Tnks,1,2,0,1,1,1,6,3,1,0,2,3,2,2,2,1,1,2,0,0,0,0,1,1,0,1,4,1,0,0,1,3,0,0,0,2,0,0,3,0,0,1,1,2,2,1
Tnks1bp1,109,52,90,95,77,97,101,48,121,87,91,119,80,97,81,115,129,43,97,79,19,44,75,67,88,77,86,91,114,87,23,71,65,59,95,65,55,128,56,50,124,82,66,61,91,101
Tnks2,17,8,15,34,11,13,20,17,30,23,15,25,24,16,15,23,18,28,20,8,5,28,29,4,17,8,9,20,24,25,4,11,8,4,15,13,15,17,11,8,20,22,11,6,7,15
Tnnc1,14,6,7,12,15,7,14,13,16,15,7,24,7,9,21,6,8,2,3,10,2,4,14,15,18,16,10,12,14,3,17,11,18,12,24,11,14,13,17,3,17,14,17,11,7,6
Tnni3,2,0,1,3,3,2,1,5,0,1,4,1,2,1,1,1,2,1,0,0,1,2,2,1,3,2,1,0,1,0,10,2,4,2,1,2,0,0,0,2,1,0,2,1,1,0
Tnnt1,17,9,10,19,6,24,14,15,6,19,15,23,15,12,25,14,25,23,14,22,4,10,24,10,12,9,8,10,12,18,8,11,13,5,5,8,9,8,13,3,11,7,9,4,13,8
Tnnt2,0,0,0,1,0,2,1,0,0,1,0,1,1,1,1,0,1,4,0,2,1,2,0,1,0,0,2,6,1,0,0,0,0,0,1,0,0,2,0,0,1,1,1,0,0,0
Tnpo2,101,56,87,126,101,73,93,93,101,107,129,127,112,73,104,122,125,107,113,84,22,139,84,68,70,79,106,67,101,56,82,67,97,65,78,89,80,72,86,62,119,70,76,74,47,77
Tnpo3,170,91,170,243,176,147,169,160,246,172,210,269,208,189,196,230,246,264,174,180,80,252,237,115,172,205,220,191,234,176,158,126,199,91,153,169,153,159,182,100,241,186,163,126,136,171
Tnrc18,67,51,69,84,38,73,67,53,62,56,88,121,66,60,84,83,66,60,58,56,18,81,61,38,38,50,42,48,71,43,60,24,46,39,52,44,56,61,41,26,60,50,38,42,33,45
Tnrc6a,42,23,59,95,41,42,71,36,68,48,68,60,55,47,57,90,100,64,40,49,21,69,75,39,66,57,33,50,67,55,38,33,42,32,60,45,48,51,44,35,86,40,39,43,35,34
Tnrc6b,27,11,11,34,14,18,37,25,42,26,35,35,21,17,24,28,33,24,21,27,9,42,26,13,17,23,33,30,34,25,17,14,19,9,17,16,21,15,19,7,35,18,22,14,14,17
Tnrc6c,50,20,40,80,31,68,57,61,63,56,82,68,43,49,54,64,64,52,48,33,17,65,65,32,61,52,48,38,72,65,36,22,36,37,58,27,32,56,45,29,77,39,52,28,35,41
Tns1,146,102,200,230,141,157,169,191,187,156,257,267,344,312,205,226,218,302,230,158,64,288,296,183,191,208,178,212,232,192,204,188,241,169,213,196,184,250,236,121,293,138,178,157,174,167
Tns2,338,150,221,528,201,303,292,196,330,286,401,372,316,239,284,427,331,457,263,203,82,553,257,136,257,259,227,258,394,284,209,170,278,199,250,228,218,218,272,119,357,219,211,163,211,179
Tns3,82,48,93,143,100,92,115,103,115,102,111,127,106,74,86,134,155,138,116,71,32,188,158,78,113,121,69,98,125,121,125,65,113,75,103,74,106,111,107,72,158,69,75,70,76,80
Tnxb,24,13,17,52,13,15,36,35,29,20,30,22,40,14,28,29,38,53,28,21,15,50,33,11,14,41,18,70,36,40,22,16,28,18,12,16,25,38,28,20,29,8,17,16,21,16
Tob1,243,126,196,484,195,326,248,181,352,257,285,280,226,220,212,429,370,345,213,198,110,288,355,251,405,319,250,459,454,369,150,305,315,189,309,326,286,267,342,196,533,327,374,289,306,270
Tob2,231,173,215,480,209,126,211,200,297,187,270,225,313,247,226,234,265,340,144,152,77,329,226,158,205,241,196,209,228,228,166,145,180,136,165,163,120,114,158,150,370,167,314,135,169,223
Toe1,38,24,41,65,39,57,60,44,65,34,60,71,62,34,47,53,62,66,45,41,18,56,49,26,48,45,34,39,67,39,36,28,38,28,52,40,41,51,52,21,66,43,34,38,57,46
Tollip,230,115,260,355,241,215,266,265,375,206,334,343,235,229,234,308,299,231,229,250,96,356,302,158,270,265,219,254,317,232,213,189,222,200,282,237,191,260,279,130,363,221,220,201,204,197
Tom1,1,2,1,1,3,4,4,5,2,3,10,4,2,3,2,2,10,7,2,3,2,6,7,2,1,3,0,3,2,10,4,3,10,1,3,2,5,8,3,3,4,0,3,4,6,2
Tom1l1,65,42,47,120,62,68,81,69,96,62,86,85,75,73,74,73,86,84,72,61,28,123,114,58,76,71,51,89,114,105,49,61,69,49,85,81,71,52,76,49,136,72,82,62,73,65
Tom1l2,67,27,52,106,27,35,85,73,67,55,78,74,53,47,68,75,58,103,66,45,13,106,73,43,57,64,61,82,99,76,38,44,62,51,73,70,47,72,73,44,100,53,69,58,46,53
Tomm20,9,1,9,15,15,5,20,10,10,9,15,23,12,13,17,22,11,19,14,10,9,15,12,9,10,16,9,8,15,15,13,13,14,4,9,13,7,12,16,3,22,7,8,14,12,16
Tomm22,238,127,203,331,184,217,262,214,314,219,320,343,248,155,245,260,250,356,256,191,77,339,287,143,269,222,235,252,265,225,165,161,204,179,259,230,174,222,242,151,304,240,227,160,196,220
Tomm34,49,20,47,68,44,53,72,52,63,46,60,53,49,59,60,80,84,50,52,45,17,73,66,39,65,54,43,52,61,63,60,43,42,38,54,45,41,57,40,35,77,42,57,33,39,46
Tomm40,292,178,303,429,245,359,422,349,361,313,379,449,386,307,357,360,335,489,281,324,90,487,409,241,340,307,308,386,431,397,284,228,298,268,298,243,285,346,355,271,473,301,301,220,343,270
Tomm40l,8,4,8,7,5,5,4,7,8,5,8,5,5,5,10,7,6,7,4,10,3,9,9,5,9,5,5,5,3,8,10,4,6,8,8,5,7,6,5,3,10,4,6,11,4,4
Tomm5,124,65,92,171,95,115,150,152,168,138,119,189,146,148,175,170,178,344,128,125,50,295,224,105,134,140,129,150,250,159,196,106,118,110,143,169,123,137,156,132,216,148,184,115,145,163
Tomm6,854,347,632,1062,645,740,885,692,1041,661,1004,955,925,790,932,1010,1022,966,759,649,287,899,1151,573,879,885,759,872,1135,1059,777,672,949,542,864,882,796,829,980,416,1304,817,982,656,808,708
Tomm6os,2,0,4,2,0,2,0,0,3,1,3,2,2,0,4,3,7,2,2,1,0,3,3,0,0,4,1,5,3,3,0,1,2,2,0,2,2,3,3,1,3,3,2,1,0,0
Tomm7,515,299,546,684,373,526,709,526,686,577,735,859,571,645,673,660,681,651,593,515,184,635,762,467,648,640,575,632,842,682,465,430,700,485,774,747,527,594,701,370,943,632,615,452,635,636
Tomm70a,24,13,11,43,20,27,21,14,48,24,45,45,31,32,39,36,35,17,30,25,7,21,46,21,29,32,25,34,38,46,11,26,29,9,30,19,26,25,27,15,21,29,28,16,19,30
Tonsl,8,5,8,6,9,2,9,13,5,7,7,20,8,7,9,6,10,17,10,6,1,9,4,6,12,7,9,6,6,7,8,3,6,6,6,6,8,9,6,4,9,5,4,7,4,10
Top1,64,41,105,87,101,90,101,72,129,99,118,177,95,92,104,97,100,121,100,102,38,124,134,74,86,85,92,103,129,99,92,73,94,61,72,75,67,79,82,70,104,91,77,60,64,78
Top1mt,104,48,130,146,155,101,156,147,179,121,145,174,152,160,145,146,170,186,101,146,63,177,171,110,126,136,132,136,167,182,156,97,144,101,166,154,107,147,152,97,214,158,179,132,128,128
Top2a,3,1,3,7,21,7,25,30,5,3,4,5,5,0,15,3,7,43,4,4,3,7,4,2,7,1,8,3,10,3,34,6,1,13,3,13,16,12,9,2,6,5,17,5,7,2
Top2b,12,5,15,13,6,12,22,19,16,8,15,22,10,11,6,8,7,11,26,10,6,14,10,6,9,6,4,4,7,10,5,5,6,6,4,10,5,6,9,2,9,6,7,5,3,6
Top3a,20,10,11,15,14,10,20,13,22,18,21,26,17,19,20,14,12,21,13,21,10,19,16,15,22,19,11,13,12,23,8,10,11,15,13,11,13,9,8,16,33,14,15,14,12,8
Top3b,79,41,72,97,86,73,85,82,102,78,85,113,69,69,67,110,105,97,64,68,41,116,76,40,82,69,66,74,94,70,70,47,72,50,70,57,58,65,61,46,111,72,65,68,69,60
Topbp1,15,14,20,28,18,21,30,39,21,25,32,35,22,20,30,18,30,55,17,22,19,40,33,24,26,29,16,27,31,35,34,18,21,25,17,34,29,28,26,14,33,23,17,19,18,21
Topors,50,26,31,83,38,36,54,45,61,57,50,66,45,38,59,61,54,83,44,27,15,97,65,21,39,46,35,42,58,51,27,31,53,23,37,41,36,32,52,19,54,32,40,33,33,40
Toporsos,159,106,148,261,180,174,232,133,230,210,304,249,163,198,179,244,231,210,229,182,105,250,241,146,222,203,205,204,228,255,145,123,282,142,203,206,190,196,217,98,339,221,191,177,207,192
Tor1a,351,168,343,585,335,383,418,403,451,354,511,487,383,351,481,568,547,736,405,348,174,790,475,269,364,348,336,387,511,388,466,297,364,293,419,358,320,431,391,257,535,365,429,298,368,317
Tor1aip1,111,55,115,157,111,84,131,101,154,104,161,164,149,110,133,150,133,150,112,101,46,180,139,82,124,115,130,125,173,137,122,82,103,76,108,85,107,113,108,54,171,112,119,84,78,102
Tor1aip2,267,146,277,409,322,260,298,294,419,273,350,321,315,302,310,334,295,340,292,235,129,358,327,217,319,326,266,256,382,351,310,210,269,174,286,284,268,268,279,162,468,295,306,231,251,291
Tor1b,242,109,170,349,197,174,188,197,232,170,285,284,192,193,236,304,331,611,196,184,85,493,234,128,147,195,189,194,234,228,275,167,164,112,205,135,171,184,176,97,263,177,161,107,175,145
Tor2a,279,133,292,381,268,323,302,303,449,303,417,421,295,275,308,336,367,501,260,293,108,546,381,228,280,310,302,290,367,338,312,214,312,240,331,277,241,282,302,166,447,266,294,240,239,252
Tor3a,4,2,3,7,2,10,9,7,6,4,11,11,12,7,7,5,7,12,9,4,7,13,18,2,12,3,6,5,11,11,14,6,11,10,19,5,11,17,8,7,12,15,7,9,3,7
Tor4a,18,5,8,17,8,16,10,13,10,14,18,18,17,13,12,14,25,13,13,18,1,24,17,9,18,10,15,9,17,14,25,15,10,16,10,11,11,13,6,12,14,16,20,10,7,15
Tox,14,5,8,12,8,7,5,8,12,9,14,7,13,12,9,21,16,19,14,15,3,29,8,3,4,0,2,10,14,11,6,5,7,12,11,6,7,10,15,7,5,11,11,7,15,3
Tpcn1,160,86,164,194,91,183,210,178,234,168,233,312,212,161,167,173,180,137,137,186,39,113,237,151,183,117,185,198,277,177,128,160,153,135,188,228,211,203,237,121,255,171,229,127,166,175
Tpcn2,7,6,9,12,5,6,9,8,8,4,7,13,10,3,2,5,6,13,10,3,3,10,7,4,4,3,3,7,10,10,10,4,3,11,11,4,9,7,6,8,13,5,10,3,4,3
Tpd52,23,10,24,37,44,24,24,28,41,29,29,54,24,16,38,42,28,50,26,38,16,48,35,20,22,30,27,32,27,35,40,20,28,17,28,22,27,26,25,16,28,31,24,16,24,18
Tpd52l1,41,15,53,45,31,42,49,44,48,47,51,52,34,51,53,44,75,50,34,55,16,69,62,41,50,45,31,55,82,49,32,42,58,34,43,49,48,44,50,29,72,50,42,46,30,47
Tpd52l2,1,0,1,3,1,2,2,4,5,3,5,3,5,3,3,1,2,4,3,2,0,2,2,0,2,3,6,3,3,2,1,4,0,5,6,1,4,1,2,0,5,1,2,0,0,2
Tpgs1,136,67,92,203,98,159,151,151,179,134,195,202,130,138,181,167,169,195,149,109,39,194,172,80,180,150,116,164,161,170,173,98,135,118,204,108,130,143,122,64,183,140,124,104,123,131
Tpi1,1130,527,1049,1672,809,976,1288,1395,2178,1316,1223,1800,1655,1433,1551,1458,1280,1843,1113,1353,347,2040,1648,1039,1388,1226,1123,1571,1869,1297,1561,1137,1044,1041,1671,1572,1220,1477,1413,994,1901,1486,1528,758,1218,1459
Tpk1,20,7,17,29,28,27,25,23,34,19,22,25,18,22,25,19,23,36,27,22,17,28,33,12,25,26,25,30,33,40,18,18,27,7,19,20,15,28,19,13,37,23,26,14,16,23
Tpm1,207,100,162,238,224,142,202,170,222,146,215,291,172,144,187,232,217,722,204,183,64,370,178,97,170,160,201,178,142,152,214,102,147,152,182,142,119,168,143,82,190,134,117,118,96,132
Tpm2,23,6,17,19,7,13,15,18,6,9,18,2,16,11,30,9,31,7,14,17,9,11,31,14,12,19,8,24,12,30,20,30,47,23,27,31,27,22,34,13,30,33,25,20,17,25
Tpm3,225,122,174,203,171,169,217,200,239,157,201,253,177,146,201,272,235,377,154,170,75,266,230,94,164,158,213,193,244,208,277,101,147,164,152,121,98,141,112,82,217,134,159,103,123,133
Tpm4,36,19,33,61,58,24,48,43,50,32,38,59,35,43,42,46,49,69,36,27,11,47,57,18,26,50,33,36,66,48,50,29,39,16,32,25,38,39,24,22,44,22,33,19,26,29
Tpmt,62,28,38,67,78,58,105,73,94,57,62,85,67,48,65,60,50,45,64,64,34,48,100,54,67,91,52,60,77,69,52,61,74,50,50,60,53,78,55,41,100,64,52,43,41,55
Tpp1,14,6,14,18,10,10,14,14,28,20,26,30,15,18,22,30,18,20,21,22,2,24,28,13,20,11,13,23,23,26,14,15,18,4,18,14,18,11,11,7,13,11,16,10,11,16
Tpp2,96,44,77,160,127,94,138,101,137,116,133,158,109,91,136,111,126,163,137,98,49,156,146,61,115,102,87,109,119,122,101,68,139,59,101,107,72,108,108,71,161,129,81,78,81,92
Tppp,12,5,27,19,22,10,22,21,27,30,30,24,17,12,13,26,29,22,23,15,15,14,10,14,29,14,8,25,23,18,9,11,18,8,19,14,10,14,8,10,31,14,20,13,20,15
Tppp3,2,2,1,7,5,4,6,7,5,1,3,4,5,0,6,2,2,6,1,2,3,0,0,0,3,3,4,13,6,1,7,1,0,4,2,1,5,6,2,0,1,1,2,0,2,1
Tpr,164,72,133,236,169,145,178,169,194,162,182,222,174,147,185,195,234,327,159,143,68,324,185,104,166,146,137,180,212,169,179,119,145,110,148,150,118,132,170,113,219,152,159,112,144,121
Tpra1,80,69,88,135,93,91,119,116,155,93,125,175,91,87,101,130,143,171,76,77,31,148,139,82,105,119,101,110,146,130,126,79,115,92,89,75,80,111,66,73,103,90,87,57,72,92
Tprgl,158,89,129,205,128,149,208,174,225,181,201,287,188,190,182,208,202,342,192,186,60,305,221,151,151,144,160,189,227,208,157,155,174,113,202,160,137,192,191,96,215,177,177,134,169,163
Tprkb,434,197,413,590,431,546,549,432,601,430,559,433,467,417,469,679,613,305,418,405,181,681,601,307,470,515,415,560,791,632,256,328,487,301,510,404,464,471,534,288,729,529,540,379,390,416
Tprn,13,12,9,11,6,6,10,7,10,8,8,13,9,6,9,10,12,21,8,13,3,14,8,6,9,10,13,10,8,12,13,9,11,11,4,9,6,14,13,7,11,7,16,7,14,11
Tpst1,148,81,121,154,108,116,177,140,211,162,164,234,148,125,166,251,178,172,214,155,47,247,173,108,171,130,159,144,189,130,98,101,135,104,156,114,138,133,146,88,198,144,113,84,126,135
Tpst2,182,75,148,193,237,179,194,180,382,182,206,302,257,172,143,207,195,260,200,189,83,281,226,140,228,233,206,217,279,181,175,116,198,98,192,147,191,202,145,114,273,181,173,151,167,191
Tpt1,4495,2159,4003,6472,3488,4520,4370,5148,7852,5352,5223,7017,5284,5334,5770,7315,6954,9091,4429,4738,1543,9093,5722,3185,3729,4349,5016,5267,6773,5787,4243,3075,3795,3019,5371,3973,3726,5038,4635,3809,6359,5921,4617,2645,4352,5022
Tra2a,17,13,19,39,38,31,33,43,26,34,32,65,37,28,34,42,45,52,25,26,11,39,38,18,29,33,21,26,42,33,42,21,23,22,33,28,22,27,30,13,30,26,29,19,18,37
Tra2b,44,18,45,63,35,41,43,55,66,56,46,91,49,40,39,34,37,116,38,34,30,56,57,35,43,55,34,40,64,55,34,31,41,31,27,32,36,36,38,30,49,49,46,37,30,35
Trabd,344,176,264,316,237,294,333,282,361,299,370,623,284,255,369,416,366,429,313,313,102,353,288,166,228,270,369,391,308,353,214,232,303,241,374,275,208,298,309,165,430,246,265,225,223,257
Tradd,67,42,88,115,60,86,115,78,128,77,110,103,81,82,87,147,127,94,82,89,22,91,101,83,94,86,97,81,120,97,76,64,79,60,90,81,82,80,106,69,123,105,97,80,74,89
Traf1,2,1,4,12,4,5,6,4,1,3,3,1,3,0,4,2,6,10,2,3,0,7,1,2,4,2,2,3,1,6,22,3,4,9,0,3,4,5,0,1,3,3,3,2,1,1
Traf2,40,27,53,64,40,31,52,55,33,31,50,73,50,33,51,61,36,59,51,31,13,34,65,25,40,34,56,51,53,41,79,27,32,34,40,38,20,50,52,26,42,43,40,36,35,41
Traf3,19,9,35,28,49,35,41,39,52,31,44,61,30,39,36,33,42,48,43,39,17,55,46,25,31,47,34,45,53,46,67,20,34,28,35,27,17,32,30,32,45,37,35,29,26,39
Traf3ip1,13,9,15,21,22,16,25,18,27,16,21,23,14,18,16,23,27,29,23,16,8,24,23,18,20,21,11,12,18,21,11,18,16,20,18,21,16,12,16,8,25,16,15,16,17,15
Traf3ip2,14,9,18,21,21,19,31,16,40,13,20,37,32,18,18,24,18,48,24,21,4,24,32,17,24,21,12,33,21,15,30,21,17,17,21,21,25,31,22,12,18,25,20,14,23,21
Traf4,14,5,13,13,14,13,19,5,13,14,14,8,13,9,12,19,18,20,15,17,5,14,15,8,12,13,8,11,18,15,7,11,21,3,15,11,2,10,11,10,21,9,5,18,10,5
Traf5,26,26,40,44,24,33,38,38,23,35,34,46,25,22,35,27,34,37,26,31,18,35,42,23,40,36,26,27,30,33,40,32,26,28,28,17,21,30,21,22,32,26,27,11,26,36
Traf6,24,9,21,25,15,14,17,20,31,15,22,26,15,24,27,22,25,32,28,14,6,31,24,9,26,22,27,23,33,34,13,15,19,13,15,19,13,29,19,7,29,22,16,15,16,19
Traf7,85,38,87,125,91,100,102,91,85,52,111,102,72,49,74,98,99,126,60,71,28,118,70,52,70,64,67,65,82,65,111,48,79,66,66,40,57,91,45,27,89,67,70,54,56,66
Trafd1,172,88,188,355,185,164,240,241,306,213,292,247,231,192,201,261,217,264,212,177,56,287,219,137,210,245,201,174,251,221,504,115,185,191,189,182,170,194,214,110,275,188,198,165,175,195
Trak1,193,84,159,286,184,141,163,173,190,143,199,219,179,165,207,177,219,157,159,168,75,200,234,132,175,180,136,167,229,194,126,146,207,148,164,160,162,166,164,122,237,183,176,139,129,150
Trak2,46,26,53,58,38,37,58,47,51,51,79,86,61,48,55,67,64,85,41,40,11,85,56,23,34,51,40,40,54,58,38,35,44,25,47,43,39,47,52,26,69,27,39,23,45,47
Tram1,217,119,204,325,360,223,311,283,441,361,299,503,226,223,323,365,297,464,250,243,79,294,380,218,288,311,318,311,370,343,178,183,247,109,349,241,265,268,222,220,330,308,302,148,238,313
Tram2,8,1,2,9,2,4,5,4,5,1,15,3,4,7,9,5,11,3,2,2,2,10,3,3,2,3,3,2,3,2,0,2,4,2,6,1,1,4,2,3,7,3,4,0,2,4
Trap1,815,450,751,1247,715,803,1049,947,936,814,1208,991,971,799,1033,1128,1187,1039,963,762,334,1268,1017,614,905,933,738,946,1127,947,809,709,1016,759,1016,982,867,1017,1058,556,1256,838,957,821,814,794
Trappc1,77,21,61,59,67,79,117,67,104,73,82,101,88,75,71,38,63,150,110,61,42,88,81,35,63,55,55,44,75,68,39,39,37,27,42,34,25,54,50,21,53,33,19,34,37,29
Trappc10,62,38,79,101,67,76,78,58,83,77,104,117,73,89,83,99,97,104,75,69,26,133,90,52,80,69,62,88,88,77,70,54,68,61,78,79,55,74,85,48,129,80,78,63,62,77
Trappc11,125,73,143,200,109,129,160,119,203,162,138,224,137,144,159,149,165,176,118,132,42,161,167,105,161,132,141,164,170,149,172,118,171,98,160,120,103,149,121,90,181,135,129,117,126,134
Trappc12,84,42,81,121,76,90,93,105,140,96,120,156,91,78,101,110,134,138,111,86,35,138,142,94,111,111,104,138,136,146,99,66,125,88,104,79,101,99,110,71,170,115,101,85,110,91
Trappc13,27,15,25,31,22,33,43,18,56,37,31,54,31,27,47,47,28,37,32,36,21,44,41,24,27,28,38,33,36,37,32,19,28,23,31,34,29,34,35,16,40,24,34,13,25,18
Trappc2l,147,47,120,169,119,124,134,109,204,130,142,188,148,128,130,200,174,212,150,143,45,259,161,95,141,153,152,131,218,179,107,82,150,115,154,147,122,145,129,86,220,143,151,114,135,143
Trappc3,163,76,94,228,165,132,165,169,190,168,194,230,176,133,192,197,149,197,152,146,38,202,188,120,155,171,165,189,194,200,131,130,183,136,147,145,154,144,150,105,217,165,182,139,167,142
Trappc4,163,74,116,164,105,120,146,116,168,141,138,161,146,135,127,175,171,301,128,107,73,200,204,101,121,149,138,141,247,184,162,113,126,106,150,143,137,105,159,76,209,118,150,102,117,117
Trappc5,35,22,30,50,22,24,38,25,39,31,48,64,41,32,42,42,36,32,35,39,10,46,38,32,41,22,31,39,42,39,28,25,23,35,34,25,23,24,31,28,31,26,40,35,33,29
Trappc6a,204,88,124,264,132,162,193,203,208,171,209,233,180,162,164,250,264,353,187,171,63,325,201,131,204,188,163,224,297,218,213,126,169,133,193,190,102,212,182,126,258,178,209,140,176,184
Trappc6b,63,32,57,125,47,71,73,77,128,100,84,110,104,83,95,121,93,118,98,70,25,127,96,43,67,72,67,101,105,91,73,54,69,39,72,69,55,58,84,42,126,78,87,49,64,70
Trappc8,20,11,28,51,38,19,28,32,35,31,29,37,28,19,34,35,33,34,24,32,9,48,28,23,26,30,26,33,25,27,22,28,37,10,32,29,22,39,23,20,42,16,32,18,20,24
Trappc9,39,16,39,46,35,39,51,43,62,41,53,68,54,36,61,63,53,74,49,41,22,61,30,24,51,46,46,70,52,58,57,42,41,36,53,51,50,57,52,32,79,51,43,24,38,33
Trdmt1,1,0,1,2,2,1,3,2,3,1,2,2,3,3,1,2,4,7,3,1,1,1,2,1,1,6,3,4,8,3,1,1,3,2,3,4,1,6,0,1,7,1,3,1,3,3
Treh,0,0,3,0,0,2,1,2,6,0,2,4,0,0,1,0,0,22,3,1,5,12,3,1,9,3,1,2,2,0,8,11,3,5,6,9,5,2,5,3,6,4,6,0,1,2
Trem2,7,4,4,8,9,5,5,5,8,4,11,3,9,2,6,5,7,60,9,2,7,61,11,2,8,3,3,5,17,4,14,7,0,6,2,0,3,8,4,4,5,3,5,2,2,1
Treml1,1,0,1,3,1,0,1,0,2,0,3,1,0,0,0,0,0,0,0,1,0,0,2,1,2,0,4,1,1,1,3,1,0,1,1,0,0,2,2,1,6,0,2,1,0,0
Treml4,11,14,17,28,20,18,27,26,17,9,18,11,15,8,19,8,17,19,12,6,6,38,20,7,19,5,25,10,17,25,51,10,10,15,5,11,8,8,9,6,13,14,13,10,7,20
Trex1,79,43,88,137,74,85,89,80,87,72,133,108,83,66,89,71,91,113,71,72,31,93,90,70,85,81,89,93,114,101,150,40,76,86,58,56,58,64,75,46,95,79,85,48,61,77
Trf,41598,20394,35944,55579,58509,40362,46322,45258,104573,35897,48413,99429,36293,37924,44719,48496,46511,39991,33320,39099,16247,45634,45746,26681,44995,49685,57746,45264,56938,47643,34914,33164,35098,36171,34128,29751,38871,38872,34766,25774,49374,37212,31114,30627,30699,30214
Triap1,68,42,66,96,38,66,81,70,101,54,90,139,88,88,86,76,98,95,75,80,21,82,100,67,87,83,71,106,103,119,102,61,69,73,83,54,56,74,74,30,113,75,97,47,70,58
Trib1,243,86,195,277,188,175,265,216,290,144,280,210,218,210,218,274,247,158,269,180,87,214,241,155,242,197,262,202,203,269,171,146,233,201,244,188,205,270,223,135,257,232,148,117,190,138
Trib2,6,4,7,9,10,0,9,3,8,2,6,6,4,3,7,6,10,12,7,5,2,12,5,1,6,3,8,8,6,8,10,3,7,2,3,3,3,6,1,1,2,4,5,2,7,4
Trib3,20,11,15,84,13,22,18,21,29,18,35,25,27,18,18,66,127,366,33,17,6,314,19,9,25,23,19,19,24,27,18,20,23,8,26,23,17,15,17,18,35,20,20,12,17,13
Trim11,78,65,127,204,130,108,161,122,167,83,193,169,139,95,140,137,121,141,96,112,43,140,118,94,137,120,121,106,117,123,98,95,117,68,129,103,101,86,123,63,147,97,122,110,113,109
Trim12a,29,16,44,50,45,38,51,61,52,32,59,50,37,37,51,49,42,37,30,37,18,52,41,40,50,35,45,54,62,69,132,22,44,40,27,42,24,46,37,36,54,44,40,34,31,31
Trim12c,4,1,1,6,3,2,2,2,3,5,3,4,5,2,0,4,2,2,5,2,0,0,2,2,4,2,3,2,1,1,3,6,2,1,3,4,4,3,4,2,4,1,3,1,5,1
Trim14,69,36,91,98,140,150,143,140,220,118,145,231,96,106,111,134,163,95,136,147,59,118,155,124,150,171,120,147,174,201,165,116,156,87,119,104,101,156,139,101,251,154,122,143,143,110
Trim2,13,9,18,22,37,17,22,14,51,22,24,39,16,17,21,22,16,29,22,19,5,46,35,10,23,34,24,31,21,18,14,14,31,2,21,18,19,16,23,8,24,17,15,13,6,16
Trim21,11,10,15,23,21,9,15,15,19,14,27,15,17,13,19,11,15,12,13,9,9,30,25,9,7,15,14,11,21,21,26,7,12,8,8,11,12,14,10,6,21,19,13,9,11,20
Trim24,5,1,2,5,4,2,4,3,9,9,5,15,5,2,4,10,15,6,3,2,2,14,5,0,0,3,4,3,1,0,4,4,3,3,1,2,0,4,6,6,7,4,3,3,0,6
Trim25,278,144,237,398,197,202,231,224,293,243,374,290,294,230,335,250,263,290,174,203,80,305,258,156,215,261,247,179,326,251,242,147,197,161,175,137,188,196,210,129,298,203,208,184,213,200
Trim26,92,45,89,151,105,84,148,139,150,91,134,130,104,82,98,116,106,137,119,81,38,145,135,98,129,112,83,101,155,110,126,82,109,82,93,99,91,119,120,84,141,127,96,78,111,102
Trim28,259,202,273,372,256,253,271,194,363,244,311,384,298,233,284,419,401,473,260,242,95,540,263,164,274,282,242,300,352,312,229,159,203,167,274,197,204,260,230,157,388,280,244,250,222,218
Trim3,34,15,23,43,18,27,44,39,39,21,35,52,29,23,28,35,42,38,23,27,10,67,31,15,25,22,31,15,28,21,34,23,30,26,22,19,21,44,24,10,29,32,26,24,17,33
Trim30d,0,0,3,4,3,3,3,1,3,0,1,1,1,0,4,3,0,1,6,0,1,5,0,2,1,3,0,3,3,5,8,0,5,0,0,1,1,2,1,1,1,1,1,2,0,2
Trim32,40,23,32,68,40,34,52,27,44,53,70,67,50,51,55,45,64,49,49,35,17,56,43,31,57,50,31,43,60,47,32,28,50,18,33,33,35,44,45,28,69,33,43,25,24,48
Trim33,6,3,4,8,5,6,4,4,13,8,11,14,5,5,4,12,10,9,13,10,4,11,3,4,6,6,5,10,13,5,6,12,8,5,9,4,6,8,5,11,6,6,7,0,4,3
Trim34a,6,1,1,8,7,7,3,6,4,7,2,5,9,2,8,3,11,4,6,7,3,10,9,8,10,13,7,7,10,12,10,5,4,2,5,3,8,5,5,8,9,4,5,2,1,6
Trim35,9,3,14,15,28,9,14,13,9,16,19,16,16,8,13,13,24,24,15,8,5,24,12,10,13,13,13,18,22,17,14,8,11,8,17,9,11,14,9,2,14,8,7,6,12,19
Trim37,3,3,4,3,2,3,3,2,2,2,3,6,1,3,5,2,1,2,2,6,1,4,4,3,3,4,3,5,8,5,1,2,4,4,5,7,4,2,2,3,3,4,6,3,5,5
Trim39,47,35,47,59,30,32,43,44,36,35,59,66,38,56,45,31,40,54,34,34,15,50,48,32,32,25,45,36,53,43,24,36,31,27,31,17,22,33,33,15,36,20,27,26,26,34
Trim41,96,52,107,163,109,113,109,111,138,91,150,166,120,114,111,129,112,146,98,98,70,133,156,75,132,136,99,109,122,145,105,77,101,65,109,92,82,87,114,61,151,118,95,90,99,68
Trim44,12,5,4,10,14,11,18,6,8,9,9,26,17,10,8,12,14,16,14,7,3,13,12,6,11,6,14,10,8,11,9,5,8,5,14,4,9,8,11,6,13,7,6,5,5,7
Trim46,2,1,3,3,5,3,4,1,0,3,5,5,3,2,1,0,4,10,1,4,0,3,0,6,4,1,0,5,3,1,2,2,4,3,0,1,2,2,5,2,4,2,2,1,2,2
Trim47,69,36,30,76,43,42,58,47,53,47,54,67,80,33,49,45,73,161,54,29,12,96,29,31,52,33,37,51,48,52,36,32,33,42,37,34,31,42,46,27,62,33,41,27,31,40
Trim56,93,38,46,76,52,40,51,55,48,39,81,85,52,29,40,67,75,75,43,39,15,64,62,22,26,22,52,35,44,34,69,21,23,29,27,23,21,29,21,12,34,20,24,24,26,21
Trim65,4,2,1,1,4,3,3,0,3,3,7,8,4,1,0,5,4,0,5,3,1,3,4,4,2,3,6,7,4,2,4,1,8,5,1,4,5,2,6,2,2,3,6,1,3,4
Trim68,5,2,5,9,10,4,3,6,5,7,5,21,3,7,7,5,13,9,12,7,3,11,11,5,7,6,9,8,9,3,3,3,5,7,3,5,5,9,4,1,5,3,3,3,5,4
Trim8,301,142,277,422,216,242,364,229,323,256,345,353,308,236,372,288,282,293,250,251,64,304,350,210,249,266,293,303,314,306,239,195,215,186,280,206,189,238,241,167,319,259,239,191,205,236
Trim80,14,7,21,22,7,11,21,12,31,23,13,25,29,33,31,17,28,15,9,12,5,29,10,23,14,14,14,17,41,10,17,7,13,22,14,12,14,10,14,8,14,12,15,19,19,15
Trio,42,28,32,75,57,40,50,55,87,52,59,51,44,23,29,67,84,73,60,27,16,92,58,21,37,36,36,43,48,37,36,29,49,45,41,42,35,34,45,20,54,36,40,34,44,31
Triobp,108,44,108,206,107,106,175,150,126,121,134,102,101,103,114,127,145,185,139,113,37,130,126,100,123,97,126,134,162,137,159,99,128,118,116,107,82,110,142,72,144,102,111,94,124,100
Trip10,47,39,59,83,48,43,79,50,70,59,80,74,62,43,54,65,86,91,54,45,11,105,55,44,62,34,48,57,51,58,49,24,46,43,53,54,32,43,67,21,55,54,57,39,35,43
Trip11,3,0,2,4,9,0,2,4,5,1,5,4,2,3,2,4,2,7,1,2,1,8,1,0,0,2,3,3,2,2,5,1,1,2,7,1,8,5,7,2,2,4,2,5,1,1
Trip12,12,7,11,17,20,18,18,22,33,14,20,19,21,24,31,19,26,33,18,24,4,23,27,12,20,16,16,19,30,17,13,7,15,9,18,11,16,15,7,16,24,20,15,14,18,19
Trip13,1,1,2,3,3,1,7,6,3,1,1,5,4,3,3,1,6,12,2,2,0,4,2,1,4,1,2,1,4,1,3,1,1,4,4,2,3,1,4,5,4,1,1,4,1,1
Trip4,43,20,44,51,30,42,34,27,46,50,57,56,47,41,33,53,49,23,51,29,13,54,44,27,39,67,49,45,47,42,22,24,56,26,46,37,32,30,47,24,54,56,21,37,30,36
Trip6,77,67,75,173,73,90,105,71,87,102,111,98,103,86,100,132,107,138,88,76,27,138,81,65,84,88,64,106,86,119,75,64,73,73,95,74,68,85,96,66,129,78,71,58,77,79
Trit1,62,12,29,71,29,41,55,47,37,42,58,45,50,52,64,107,70,63,44,43,6,59,50,30,49,27,36,53,56,64,41,30,42,37,45,43,38,46,53,36,48,42,57,34,48,52
Trmt1,137,97,143,218,118,135,191,148,151,132,237,227,144,152,181,218,227,249,144,138,52,291,176,106,142,124,132,135,204,171,125,95,144,98,176,103,94,134,116,89,191,164,126,106,157,127
Trmt10b,9,8,10,24,11,10,17,14,18,13,15,27,14,14,15,10,15,24,18,14,2,26,21,8,13,17,16,21,11,11,15,7,15,10,12,11,14,9,11,10,25,8,17,16,10,8
Trmt10c,50,31,53,94,51,61,62,55,51,45,68,87,78,76,70,69,52,86,57,47,24,88,66,37,42,66,41,49,61,71,43,43,57,29,47,51,59,47,67,25,60,43,52,36,52,54
Trmt11,10,5,8,11,3,5,7,5,11,3,13,12,13,9,14,8,12,11,15,6,0,15,7,6,5,5,7,6,7,5,5,3,4,3,13,7,5,6,12,6,8,9,7,9,4,10
Trmt112,65,16,50,88,40,64,33,42,63,58,60,78,33,51,40,102,86,94,78,79,10,102,29,32,56,53,50,73,35,41,41,25,49,31,21,64,41,40,55,23,72,35,39,32,28,18
Trmt13,8,2,13,15,17,10,18,9,15,17,15,22,22,11,15,7,18,17,18,9,3,20,10,9,5,4,9,9,19,15,5,7,10,7,8,11,6,6,12,3,8,14,5,10,7,8
Trmt1l,65,43,110,126,95,85,96,102,133,82,106,133,88,69,106,71,103,122,72,78,41,82,104,72,116,85,70,98,126,106,125,70,107,62,73,85,74,74,98,61,118,77,93,62,97,76
Trmt2b,56,15,41,43,45,42,58,36,75,46,47,49,46,27,40,49,40,47,69,39,26,45,55,27,44,45,38,53,64,63,35,34,43,20,49,39,31,35,38,28,44,35,43,21,30,46
Trmt44,3,3,6,9,2,6,1,2,13,3,6,5,6,1,7,6,5,8,1,3,0,8,6,2,5,5,5,4,2,4,2,4,8,6,10,4,4,6,5,2,5,2,1,6,2,6
Trmt5,17,1,11,15,14,14,8,22,24,6,19,19,13,9,24,17,22,26,14,17,9,21,27,12,12,24,20,20,19,21,26,13,17,10,16,19,14,12,14,9,17,15,22,15,11,21
Trmt6,25,12,19,17,23,13,20,30,37,22,31,51,28,14,32,29,25,55,19,30,9,37,26,15,18,29,14,28,33,34,35,16,23,17,28,28,21,18,17,17,33,20,20,16,25,20
Trmt61a,28,34,37,36,30,29,33,34,30,20,48,67,35,26,39,31,30,62,20,25,6,53,25,27,20,20,31,30,30,38,31,17,13,23,29,16,15,23,17,19,38,23,27,27,23,25
Trmt61b,10,16,10,9,5,8,6,7,12,11,13,26,16,14,7,14,7,13,6,6,5,11,8,12,12,6,9,6,7,9,8,6,15,8,16,9,10,15,11,8,17,14,13,6,17,14
Trmu,53,20,27,68,28,32,41,39,57,35,54,49,49,49,51,57,46,72,33,32,13,75,44,26,32,38,41,44,50,48,40,40,33,34,61,38,34,40,37,27,59,35,42,25,48,37
Trnau1ap,142,71,138,224,126,126,140,152,182,145,176,215,131,124,157,200,189,252,130,147,42,228,160,87,129,101,123,144,153,152,159,75,117,103,148,133,115,106,147,90,170,120,144,108,116,103
Trnt1,21,5,12,22,16,13,20,15,23,15,19,24,15,21,23,18,13,22,11,12,5,30,21,10,15,8,14,12,16,29,10,9,14,7,8,11,13,8,10,9,14,19,14,12,8,20
Trp53,28,20,11,33,29,16,33,25,27,19,36,56,20,9,28,30,20,26,24,26,3,42,24,22,8,16,27,35,22,22,14,21,15,11,19,11,18,24,15,14,17,24,24,22,19,16
Trp53bp1,9,3,2,5,6,3,7,9,6,3,9,5,5,6,8,5,6,5,5,5,0,10,0,5,9,3,2,3,8,5,5,8,7,2,4,3,4,1,9,1,8,1,3,1,0,6
Trp53bp2,70,47,61,124,97,79,100,91,111,57,115,109,109,82,93,87,112,98,79,63,30,117,65,62,89,82,64,79,85,78,87,81,93,64,59,58,76,71,81,52,132,77,63,66,53,76
Trp53i11,32,16,29,71,41,31,52,55,34,21,59,54,44,19,39,48,55,58,58,32,20,70,66,27,41,55,44,49,58,66,37,29,50,41,29,34,26,51,54,18,63,29,34,52,22,44
Trp53i13,19,10,17,40,26,22,25,33,25,22,35,31,16,26,32,43,33,45,22,18,3,30,27,13,18,27,22,29,39,30,18,25,11,8,21,19,15,23,22,19,40,28,24,11,24,18
Trp53inp1,1,5,8,7,4,4,4,2,8,15,11,6,4,5,13,5,8,13,3,6,0,2,1,3,6,2,6,9,8,6,1,1,8,2,7,4,3,6,6,2,2,4,4,6,3,2
Trp53inp2,773,352,521,835,737,976,684,774,1310,858,1173,1513,1037,908,1131,984,1008,865,910,772,337,640,1069,458,854,957,804,967,689,830,990,826,1022,547,902,704,578,951,1006,540,1403,942,641,513,642,648
Trp53rka,35,21,30,58,27,44,53,36,35,43,57,59,39,43,35,41,39,43,33,48,9,41,41,27,45,38,38,28,43,58,39,32,38,24,46,25,27,42,30,24,38,40,49,28,45,39
Trpc4ap,320,149,308,436,223,344,374,370,419,278,408,407,380,304,346,546,451,449,350,273,112,421,417,236,299,375,304,358,447,402,401,242,284,257,306,307,267,347,394,225,490,368,308,243,248,249
Trpm4,2,7,6,12,8,2,4,7,7,7,10,6,3,5,8,8,12,15,5,5,2,14,7,1,7,6,8,3,10,6,4,3,1,5,3,3,7,6,3,3,0,2,4,2,3,7
Trpm7,69,35,63,148,121,92,123,117,124,94,138,131,113,68,136,110,106,135,104,70,35,176,122,50,100,109,92,101,121,102,70,70,93,56,96,81,100,82,87,61,122,93,79,61,67,84
Trpt1,29,16,28,43,32,32,30,27,45,39,42,51,49,32,31,44,50,40,26,33,20,60,41,31,50,39,30,39,63,33,33,15,29,21,42,29,26,37,38,25,47,30,36,28,30,33
Trpv2,7,6,10,20,4,7,8,11,8,9,12,12,6,2,10,9,10,26,6,5,4,12,10,1,6,2,7,5,9,7,31,4,3,9,4,4,7,7,6,2,8,5,4,4,3,6
Trpv4,1,1,2,6,1,3,0,1,0,5,5,1,3,2,0,1,3,2,2,2,0,5,3,0,3,2,2,1,3,2,2,5,1,6,2,0,2,0,0,1,2,2,4,2,2,1
Trrap,95,44,92,136,86,73,117,90,80,70,123,114,80,60,91,124,90,120,78,84,34,100,83,54,80,78,75,72,98,88,101,64,79,67,84,91,67,91,70,55,108,69,76,71,74,56
Trub1,49,23,43,67,50,42,50,44,59,38,53,80,37,44,68,42,59,68,38,38,20,67,67,37,50,45,41,63,58,65,40,40,53,45,58,46,48,50,44,36,66,47,44,40,45,50
Tsacc,26,9,22,32,6,20,18,22,24,11,24,40,22,25,39,27,29,30,24,26,7,33,30,10,25,19,29,28,27,23,17,20,24,14,19,23,17,24,22,13,42,32,25,24,12,17
Tsc1,63,26,65,99,64,81,95,60,89,61,71,77,82,65,91,116,108,98,81,61,28,131,98,57,78,94,69,89,104,96,53,40,84,29,79,63,68,63,77,37,94,59,70,58,65,55
Tsc2,145,90,133,206,149,152,166,201,219,158,168,214,168,147,192,198,210,177,148,153,53,238,206,110,172,195,164,168,239,185,173,132,151,115,145,157,165,179,187,125,246,159,176,118,160,167
Tsc22d1,132,61,130,172,104,290,215,310,115,148,168,207,224,196,275,162,157,212,300,197,106,117,519,172,296,333,176,332,228,322,279,226,418,262,291,203,174,423,474,201,654,372,223,217,247,254
Tsc22d3,193,110,169,205,114,156,138,103,405,197,138,284,374,272,354,262,215,129,155,147,58,147,244,140,238,223,245,231,298,185,91,130,208,179,206,167,157,160,251,155,349,266,171,129,181,232
Tsc22d4,97,51,92,195,114,84,147,124,132,84,163,153,109,109,114,131,158,210,87,83,26,199,124,66,119,75,92,80,150,125,118,58,81,73,75,71,92,83,76,49,103,76,59,63,90,86
Tsen15,29,19,32,45,19,40,43,45,53,33,48,54,38,41,47,39,46,40,32,34,10,40,62,31,46,33,26,34,63,42,42,23,48,25,45,37,54,37,35,25,53,48,34,20,30,35
Tsen2,32,16,26,22,27,29,28,35,43,24,27,56,29,21,30,58,47,75,30,41,17,65,30,23,38,27,22,34,40,29,31,34,36,27,37,25,26,34,35,30,52,32,30,37,25,34
Tsen34,127,70,121,140,106,124,115,155,130,164,145,213,149,139,129,204,217,154,120,131,47,172,193,75,140,125,138,136,209,130,129,78,121,133,143,141,108,140,126,98,198,162,137,80,131,154
Tsen54,21,18,15,26,36,30,37,24,32,18,20,38,24,23,34,27,23,32,19,24,10,27,29,17,30,31,29,24,32,20,30,24,25,16,28,15,21,22,24,17,38,23,32,11,16,17
Tsfm,85,41,82,115,61,58,102,106,90,86,102,155,68,57,99,115,97,117,90,99,36,134,110,59,72,74,83,109,77,80,98,88,65,72,100,85,74,81,85,63,96,88,59,59,68,71
Tsg101,204,84,172,221,151,185,228,156,276,175,222,256,224,205,253,264,267,263,204,172,72,277,260,136,175,225,176,223,266,246,160,127,199,124,207,176,144,178,204,139,281,190,196,135,150,163
Tshz1,23,14,20,35,11,22,41,28,33,29,25,25,49,29,33,34,24,26,17,19,12,29,40,21,31,21,17,23,40,28,20,11,21,9,29,25,15,29,19,11,31,21,23,21,24,15
Tshz2,13,7,15,49,17,19,26,21,25,20,47,41,20,22,32,32,29,26,25,31,5,39,26,7,37,32,28,20,28,28,6,15,17,5,15,10,11,14,27,10,26,16,18,23,13,19
Tsku,153,224,218,204,117,78,225,195,145,157,185,235,325,463,299,177,131,271,364,240,103,307,359,224,247,232,263,203,118,173,436,156,328,225,202,142,137,225,340,166,406,247,185,239,231,271
Tsn,216,116,204,332,245,204,255,230,217,244,268,286,194,191,233,261,246,303,226,229,75,270,239,157,208,176,243,217,251,234,253,156,264,215,218,212,185,197,245,136,282,204,202,182,199,173
Tsnax,143,70,110,234,148,154,153,145,195,159,190,212,168,152,173,225,222,262,145,144,76,234,163,118,174,168,121,181,207,194,148,121,168,104,155,164,131,130,175,97,203,151,148,108,131,149
Tspan12,224,99,239,411,200,267,251,244,285,340,302,334,317,328,389,358,339,295,294,239,95,389,367,208,291,265,248,346,457,331,175,223,271,78,277,257,228,277,259,161,313,304,304,185,231,272
Tspan13,5,2,3,10,1,1,6,5,1,6,3,5,4,4,3,5,7,2,6,0,3,6,5,2,8,6,2,2,5,7,9,3,2,2,1,5,0,2,2,0,1,2,1,1,1,1
Tspan14,67,27,78,102,75,70,83,77,122,66,94,90,79,66,86,96,121,66,74,54,22,64,99,68,85,77,70,82,96,117,61,56,87,69,89,63,56,77,89,51,112,71,46,61,76,78
Tspan15,1,5,5,16,14,5,15,7,8,5,10,11,12,1,6,10,9,23,7,4,2,16,4,5,9,4,7,2,7,10,7,0,1,4,6,9,2,5,3,2,5,4,10,5,4,4
Tspan17,14,16,9,31,22,17,20,28,31,21,41,29,19,24,10,21,27,45,25,25,8,24,29,11,22,25,27,26,17,28,49,9,25,22,23,22,14,20,20,11,24,19,14,21,19,12
Tspan18,6,1,0,1,3,7,6,5,2,3,3,3,4,0,2,3,6,7,7,3,2,0,2,5,2,5,5,3,5,10,0,2,6,4,1,6,3,3,1,3,5,2,1,1,7,3
Tspan3,21,14,21,44,31,26,43,46,30,30,39,43,28,30,32,36,36,56,43,26,17,64,36,11,39,35,18,30,23,34,40,24,32,22,29,26,20,26,39,13,36,18,29,22,17,26
Tspan31,1109,468,1250,1924,980,1317,1486,1457,1857,1684,1798,2227,1202,1235,1788,1814,1796,2041,1507,1085,308,1303,1084,934,1464,1036,1442,1612,1861,1256,1556,1185,998,944,993,1072,1007,1494,1125,952,1647,1409,1392,790,1225,1193
Tspan32,1,2,0,5,1,2,4,4,1,2,4,0,0,0,3,0,1,5,0,1,2,3,0,0,1,1,3,2,2,4,8,1,2,0,1,1,5,2,0,0,0,2,0,1,0,2
Tspan33,65,33,61,103,68,78,69,57,101,92,104,129,78,88,94,102,94,43,65,79,22,57,88,57,79,81,115,82,60,105,52,46,94,42,81,58,65,59,63,41,126,88,64,66,72,58
Tspan4,697,424,860,1070,618,819,630,639,1329,697,1022,1246,694,624,810,1045,875,650,621,860,267,694,658,447,705,598,948,741,874,795,607,438,663,538,710,528,540,615,785,380,865,704,732,513,631,671
Tspan5,7,3,2,2,7,2,4,5,5,5,3,5,2,3,1,4,2,2,4,1,1,3,2,2,1,3,1,4,6,5,5,5,2,4,2,2,2,4,3,2,4,2,3,4,1,2
Tspan6,0,0,1,2,0,1,1,2,0,0,1,0,1,0,0,2,1,2,2,0,0,2,2,1,0,1,0,0,6,0,2,0,1,1,0,0,0,0,1,2,0,1,1,0,3,2
Tspan7,53,19,43,60,51,31,88,57,124,53,54,81,55,65,56,72,61,65,37,65,19,62,65,43,69,54,63,60,58,71,61,38,32,43,51,45,29,66,38,47,75,48,41,21,41,60
Tspan9,128,52,115,187,157,131,175,143,228,135,176,168,169,121,115,158,147,244,130,143,60,216,184,80,148,174,122,129,228,178,137,78,136,90,99,94,123,149,147,102,199,122,150,112,103,126
Tspo,801,425,842,1230,685,821,973,942,1268,794,1167,1158,1052,860,1042,1273,1195,1704,976,784,299,1395,1041,597,943,936,751,875,1086,1002,1411,731,923,799,1083,805,701,937,900,556,1304,870,981,626,842,806
Tspyl1,24,7,24,33,27,26,29,19,36,36,37,21,28,18,29,32,37,36,39,28,9,39,31,14,19,24,26,21,44,42,17,23,35,8,24,24,18,25,31,15,26,10,27,21,13,21
Tspyl2,43,21,43,68,32,42,39,34,54,31,56,120,31,43,29,50,47,54,47,44,9,45,39,22,20,35,29,41,42,32,30,33,27,26,22,28,18,35,20,16,45,18,24,21,31,23
Tspyl4,3,1,2,13,6,6,11,10,5,8,8,6,6,6,7,5,7,10,7,5,4,13,13,12,20,13,4,10,13,3,2,7,8,4,13,1,10,5,3,7,18,3,3,3,3,4
Tsr1,58,46,76,116,68,50,90,57,67,56,71,135,73,66,69,57,82,106,45,62,21,177,72,33,48,48,64,59,76,90,68,42,38,36,58,45,44,53,65,40,80,53,63,55,51,50
Tsr2,1,2,3,4,1,3,3,2,2,5,5,5,3,5,3,6,5,1,1,2,4,7,5,3,6,5,3,5,9,8,3,1,3,2,8,2,3,5,5,1,15,2,4,5,4,5
Tsr3,85,35,66,110,63,72,100,90,108,94,87,124,69,73,109,101,101,145,67,61,22,123,105,57,73,82,96,81,112,90,94,63,80,70,56,94,56,86,101,62,94,68,82,59,80,69
Tssc1,65,25,36,48,62,48,68,76,90,41,63,96,55,54,70,61,65,97,55,58,14,69,83,62,59,77,45,91,66,62,91,69,64,65,63,57,70,70,65,62,115,66,58,59,61,61
Tssc4,67,34,46,58,36,64,62,60,70,48,89,131,66,46,59,71,68,81,46,54,18,69,59,49,49,43,49,71,45,50,54,34,52,56,65,60,51,43,53,36,73,41,46,39,41,53
Tst,120,49,90,184,88,120,165,114,187,137,198,123,456,93,168,420,136,134,867,275,46,110,167,138,153,220,130,164,264,185,82,115,165,111,154,297,157,167,692,139,902,280,240,301,160,185
Tsta3,182,73,144,252,181,188,176,180,261,173,223,270,180,146,197,237,241,284,177,149,60,299,184,102,186,179,150,196,195,194,153,125,164,132,185,144,178,153,152,92,238,183,174,98,154,163
Tstd1,458,211,358,559,480,429,483,540,600,314,392,537,501,339,410,347,448,1064,433,350,142,706,655,358,498,573,446,480,984,477,356,327,573,381,453,360,571,526,465,321,650,395,445,299,434,459
Tstd2,37,15,30,64,45,29,53,55,45,35,63,53,37,37,50,41,58,54,43,30,17,59,46,24,38,42,36,55,62,55,65,32,33,36,40,38,33,42,37,19,60,44,41,32,38,40
Tstd3,74,38,65,116,99,90,137,136,139,111,86,159,98,103,125,97,102,129,75,103,46,156,157,77,128,112,114,119,179,95,115,83,97,83,119,100,88,116,87,81,161,113,126,93,115,117
Ttbk1,0,2,5,2,2,1,1,4,0,0,0,4,3,1,3,2,3,0,2,2,0,0,1,2,6,2,1,0,1,1,0,2,1,3,1,2,0,3,2,3,11,4,1,3,1,6
Ttc1,80,33,79,112,48,82,78,76,110,63,87,128,107,90,79,87,106,123,81,65,20,131,99,55,80,79,79,83,122,80,59,52,71,45,85,67,61,82,69,47,100,68,71,79,65,78
Ttc13,133,57,94,138,125,117,133,132,181,131,137,164,154,109,153,152,162,203,120,108,79,177,188,127,123,133,111,141,175,153,113,84,138,99,146,150,106,159,177,107,199,158,150,127,128,115
Ttc14,4,5,7,10,4,3,4,7,6,10,7,8,3,1,6,4,6,5,3,3,5,12,2,1,2,8,3,7,7,4,8,2,4,2,11,0,4,2,4,0,3,4,3,3,2,6
Ttc17,105,69,103,164,118,131,137,122,156,100,146,126,141,102,129,125,119,153,109,100,39,151,116,90,115,116,131,141,131,121,90,92,118,102,118,106,111,110,122,71,158,116,103,91,85,104
Ttc19,10,6,11,15,11,19,14,11,15,10,18,11,10,7,13,12,12,12,16,12,4,17,9,6,12,16,10,10,15,13,8,7,13,9,18,14,12,20,13,8,22,6,9,10,6,7
Ttc21b,5,2,5,11,10,10,11,13,12,7,15,14,13,14,6,8,12,13,6,10,2,4,12,6,6,10,13,14,18,8,5,9,7,7,3,5,7,8,13,5,9,5,7,10,9,6
Ttc23,322,150,293,583,244,201,521,439,423,290,389,289,344,354,337,405,426,388,320,318,123,460,543,408,415,394,319,337,533,442,278,269,315,315,350,417,269,373,404,305,528,448,464,276,313,389
Ttc27,24,22,17,38,19,17,27,31,32,33,32,41,30,22,27,38,31,55,30,29,8,48,30,22,32,23,23,39,37,29,26,23,30,17,26,19,21,30,27,21,44,25,26,25,23,32
Ttc28,4,5,4,11,3,7,10,5,8,3,10,12,7,2,2,8,12,12,7,2,0,9,10,3,2,6,5,3,10,10,5,4,4,6,7,2,9,5,9,1,6,3,6,4,4,5
Ttc3,50,30,42,82,51,30,53,34,42,43,64,52,47,36,39,77,90,79,50,47,25,80,57,24,38,44,30,38,51,75,35,35,47,20,61,46,49,41,52,23,67,32,50,45,43,44
Ttc30a1,3,0,2,2,3,1,5,3,5,8,1,9,2,3,4,2,0,2,3,4,2,3,7,2,3,2,2,3,3,2,2,5,3,2,1,1,3,3,0,1,2,0,4,0,1,2
Ttc30b,12,4,7,14,10,11,15,10,19,4,8,12,9,11,12,16,11,17,15,12,3,13,19,8,12,17,9,10,13,16,7,7,12,8,15,13,8,19,15,10,11,15,14,8,7,14
Ttc32,123,51,114,197,116,136,150,124,188,162,178,184,164,136,184,145,153,221,133,152,87,176,172,119,177,146,143,170,201,172,127,117,164,87,149,181,155,120,182,100,225,128,156,128,130,131
Ttc33,35,13,26,43,39,31,36,35,59,33,44,67,45,42,43,35,72,48,38,33,18,59,52,25,59,51,32,55,59,55,39,27,38,32,41,35,43,52,46,37,65,57,39,27,33,36
Ttc36,4975,2579,5070,7354,3571,5643,5951,5766,7772,5042,6084,7081,5020,5683,6475,5920,5934,5255,5529,5192,1612,8285,7511,4551,6364,5503,5496,6660,10445,6609,4865,4170,5398,4659,5796,4646,4628,5818,6333,3725,6714,5572,5270,4320,5667,5014
Ttc37,10,2,7,4,6,4,11,9,10,7,9,12,9,9,8,9,6,8,6,8,0,9,9,4,9,8,12,3,1,8,6,9,10,5,4,4,9,10,6,4,11,7,1,3,3,5
Ttc38,272,114,211,426,233,246,317,361,440,254,329,360,378,373,353,336,318,306,249,298,111,409,290,165,408,346,324,378,621,425,269,176,328,231,288,348,337,349,400,271,518,412,344,273,340,342
Ttc39a,10,2,24,32,23,15,20,24,45,18,16,46,15,5,17,17,11,58,14,17,9,36,20,12,27,27,24,26,46,22,33,10,10,21,22,12,25,10,14,12,36,18,18,12,12,16
Ttc39aos1,2,2,1,7,14,10,15,8,8,3,8,25,4,5,9,9,3,38,9,6,5,22,12,5,11,14,9,9,16,12,10,7,12,5,8,3,10,2,7,3,9,8,8,6,8,5
Ttc39b,13,7,4,7,9,13,13,11,7,11,11,15,8,6,10,6,2,13,15,6,8,8,16,4,9,7,4,4,9,11,3,4,7,5,2,5,4,4,3,4,4,3,3,5,3,3
Ttc39c,793,411,763,1683,1086,1163,2238,1733,850,938,1539,1199,1134,1117,1066,1829,1041,473,1545,1282,402,681,2412,1038,2117,1777,1474,1484,1145,1904,863,1056,1457,882,1361,1230,928,1566,1949,1284,2755,2011,1574,1063,1334,1431
Ttc4,66,39,50,117,78,74,92,81,103,76,106,92,83,87,77,93,96,114,82,71,29,131,96,58,73,96,76,77,88,94,84,56,73,54,66,77,62,60,75,43,104,68,73,65,65,61
Ttc41,7,3,2,6,4,5,5,3,9,4,6,8,8,3,3,4,12,2,1,6,2,6,6,4,9,7,6,3,13,5,7,4,14,6,8,10,5,4,4,1,11,5,9,4,7,7
Ttc5,5,3,5,16,8,3,6,7,8,2,6,7,5,3,16,5,5,10,5,4,2,8,4,6,6,3,6,7,3,9,5,5,4,6,2,7,4,3,7,0,4,7,5,7,1,6
Ttc7,139,57,134,175,210,198,195,196,333,200,226,242,181,186,202,252,285,242,180,212,76,202,267,131,227,205,170,204,281,247,221,132,209,144,199,161,168,230,214,153,321,192,191,170,176,171
Ttc7b,54,24,31,73,44,61,74,56,52,58,51,51,76,59,66,63,62,46,65,53,24,90,89,45,68,66,34,57,68,55,62,43,62,36,77,73,67,81,68,38,103,68,75,47,59,59
Ttc8,16,8,5,23,17,15,15,8,15,21,13,16,15,13,22,18,17,24,22,23,6,19,14,12,20,18,9,18,21,19,12,13,12,8,11,22,11,9,16,9,27,10,20,1,17,17
Ttc9c,5,4,8,14,14,4,18,9,17,14,13,11,7,8,18,12,15,10,19,5,4,9,15,4,9,9,13,11,23,9,5,8,11,8,7,11,9,12,14,3,13,11,8,3,7,10
Ttf1,74,51,50,95,69,68,84,79,79,59,111,135,58,47,79,71,87,86,57,50,31,86,88,47,58,73,54,67,89,65,61,58,53,54,64,40,38,52,69,32,85,51,66,52,58,48
Ttf2,7,5,12,20,12,13,18,10,19,9,13,15,7,13,11,7,14,19,13,18,3,17,19,13,10,10,10,8,12,15,14,6,15,6,14,17,15,13,6,10,11,15,19,8,7,7
Tti1,37,18,47,86,41,54,59,51,58,41,62,71,48,50,59,57,73,79,43,40,21,64,64,44,48,58,38,73,66,66,56,57,46,29,54,34,40,44,47,21,62,47,48,31,36,41
Tti2,47,21,37,61,46,50,60,53,69,48,78,87,55,58,72,50,66,62,50,41,15,75,56,26,32,35,48,56,59,49,47,50,41,38,48,34,43,50,34,35,56,33,43,35,34,53
Ttl,24,9,19,31,11,14,19,15,13,12,28,16,23,21,18,20,28,42,26,10,4,29,23,13,9,14,11,18,10,25,6,11,9,10,10,13,11,20,6,5,21,19,15,13,16,14
Ttll1,9,1,7,8,7,6,14,8,11,14,10,20,9,4,15,9,9,11,9,11,3,8,12,2,7,14,11,10,9,10,9,10,12,7,8,9,7,10,8,6,18,10,9,9,9,7
Ttll10,0,0,1,2,0,1,7,2,1,0,2,1,0,2,1,4,3,2,2,0,0,1,2,0,0,2,1,1,0,3,0,1,0,0,1,1,0,2,4,0,2,0,2,0,0,2
Ttll12,42,14,23,37,22,23,51,37,53,46,46,47,32,21,37,46,29,84,34,44,9,48,37,26,48,36,47,40,58,34,41,30,35,32,40,26,36,30,38,28,80,40,31,24,38,39
Ttll3,9,1,5,9,5,6,7,3,4,2,6,12,4,6,5,6,8,4,5,3,0,2,7,4,6,4,1,4,7,11,3,2,3,6,3,5,6,7,3,1,3,2,3,1,3,4
Ttll4,4,1,3,5,2,6,7,2,1,5,9,5,5,1,6,6,4,2,4,5,1,14,3,2,4,3,3,2,2,7,2,4,3,2,3,3,2,3,3,4,6,3,9,1,5,0
Ttll5,36,21,28,31,15,20,33,22,34,28,39,32,22,22,32,46,44,29,40,20,3,20,23,17,19,23,28,24,36,26,16,26,25,24,33,35,23,34,23,20,30,15,24,17,27,21
Ttpa,433,228,459,816,534,557,540,436,1101,671,717,826,655,629,772,638,708,621,551,526,225,1146,686,371,442,567,510,641,947,680,423,423,607,154,595,494,449,436,500,239,520,524,507,372,340,521
Ttpal,11,9,14,18,23,9,15,9,29,19,18,40,11,11,20,16,13,28,11,16,7,27,22,9,15,14,13,24,17,21,14,6,14,10,15,10,9,7,16,9,20,15,21,4,9,14
Ttr,55158,31021,51606,76939,58682,59958,77289,64707,65792,58470,63814,74553,72593,70683,85685,76148,68968,43393,70619,58134,35697,57263,88823,53289,71446,66990,67384,75788,88607,77286,49732,59164,79589,61773,69984,89185,74982,63405,90373,44372,80827,79351,70490,65536,69281,64912
Ttyh1,5,1,3,3,5,0,3,4,2,5,2,1,4,3,6,10,1,6,1,2,0,8,1,2,4,6,2,2,5,1,1,3,3,3,2,3,5,4,0,2,5,1,2,0,2,0
Ttyh2,195,79,129,198,115,152,133,143,209,151,182,229,153,143,208,193,163,172,129,161,45,191,156,127,159,173,158,139,231,186,110,145,160,134,139,142,132,146,175,144,223,203,175,119,154,155
Ttyh3,71,44,90,124,83,54,93,89,84,68,148,112,66,65,74,116,112,113,62,61,31,133,82,44,58,65,105,64,81,93,118,43,50,71,58,50,57,83,62,39,96,48,86,44,56,64
Tuba1a,18,15,17,32,12,20,37,42,21,21,27,30,47,14,12,26,32,47,35,20,9,31,53,13,28,24,19,24,51,32,42,16,22,20,24,17,20,38,29,12,25,17,31,19,15,36
Tuba1b,291,137,259,401,349,249,446,487,310,256,344,283,311,242,342,424,472,868,371,317,151,602,368,270,387,383,237,227,399,388,602,204,289,279,290,278,397,289,288,181,382,298,324,239,263,368
Tuba1c,327,229,373,351,402,341,491,651,753,397,308,989,413,473,402,290,363,808,510,563,184,568,713,534,500,672,530,540,711,525,859,559,515,543,488,560,405,462,493,577,843,586,504,411,510,456
Tuba4a,1355,636,997,1270,692,854,1208,1424,1091,1449,1115,1735,1213,1075,1182,1312,1346,1360,1360,1224,357,1776,1653,1176,1502,1398,1409,1494,1897,1165,1253,879,1213,943,1244,1217,1138,1372,1192,990,1758,1447,1059,1031,1231,1214
Tuba8,17,20,21,93,17,19,18,15,15,28,19,22,24,20,32,25,42,74,33,28,11,110,24,15,16,15,19,24,31,21,46,10,14,25,17,16,21,11,8,11,14,14,11,11,12,17
Tubb2a,406,277,385,496,363,347,572,645,441,400,341,783,615,480,580,359,526,2724,487,421,248,2109,964,623,441,473,429,580,698,340,1472,622,584,920,488,870,658,635,481,419,624,555,555,402,387,403
Tubb2b,1,1,1,3,1,2,1,2,0,2,0,0,1,1,0,1,1,14,2,0,1,8,0,0,0,0,1,1,1,1,1,2,2,1,1,0,0,1,0,1,0,0,1,0,0,1
Tubb4b,561,302,475,584,484,443,637,692,460,546,554,861,571,508,493,538,616,1413,650,603,239,913,1024,569,646,640,602,742,625,552,933,444,637,598,630,618,576,667,549,463,955,734,686,461,576,613
Tubb5,237,146,210,406,230,184,323,351,256,272,284,376,256,218,239,377,347,1050,294,227,105,719,365,174,317,287,246,269,358,298,430,151,192,220,200,220,311,254,214,188,386,254,294,194,209,259
Tubb6,18,15,15,51,71,25,47,95,61,26,44,84,32,24,31,31,30,271,37,43,17,126,45,36,49,44,31,44,44,32,59,33,25,33,17,29,40,47,14,26,37,24,24,32,27,32
Tubd1,12,6,16,21,14,19,20,27,18,12,18,31,5,11,14,24,19,19,14,26,6,17,24,6,16,10,26,14,11,3,22,22,27,13,25,18,22,14,16,13,17,17,13,13,8,13
Tube1,3,0,1,4,2,3,4,3,2,5,3,1,0,0,1,4,4,1,2,0,0,6,3,2,2,3,2,4,3,2,3,2,4,1,2,2,4,4,2,1,8,1,5,2,1,2
Tubg1,162,70,142,169,111,155,186,165,188,158,202,310,183,169,166,174,173,213,175,136,52,187,246,125,192,189,169,214,223,188,143,145,175,135,178,194,153,205,206,127,280,191,184,148,167,168
Tubgcp2,31,22,31,54,23,31,44,22,38,49,43,43,28,26,43,44,29,68,46,22,16,47,48,22,40,25,32,43,38,37,40,37,32,30,39,35,33,37,37,24,60,29,33,28,27,27
Tubgcp3,45,23,66,90,43,49,59,72,59,46,65,80,63,48,54,77,57,82,44,57,15,87,46,51,52,52,49,65,65,51,59,40,47,37,52,54,32,56,44,21,63,40,50,41,48,46
Tubgcp4,58,30,45,72,64,49,47,56,42,55,79,57,58,40,59,45,47,79,65,49,18,57,71,33,65,50,45,45,54,60,64,43,69,31,32,43,46,48,44,29,74,55,46,38,44,51
Tubgcp5,6,4,4,6,9,4,8,10,10,8,9,18,7,5,16,8,7,13,11,8,1,15,9,13,2,2,3,10,12,7,11,6,12,1,10,1,4,11,4,4,7,9,5,2,4,10
Tubgcp6,27,11,26,29,9,12,34,25,31,16,19,26,22,27,27,32,27,32,20,13,9,38,21,25,18,27,17,29,25,21,17,17,18,29,14,16,17,16,18,13,24,14,23,9,16,12
Tufm,222,109,163,242,127,189,313,111,191,207,251,311,266,244,239,331,245,412,234,218,51,320,344,173,242,154,213,341,377,205,271,161,156,214,287,239,174,263,231,162,416,271,263,146,213,228
Tuft1,21,13,12,38,38,13,37,27,30,19,22,41,27,23,15,25,29,62,17,23,7,32,21,18,25,25,20,43,16,41,20,17,13,8,11,7,18,31,21,13,24,24,21,6,19,23
Tulp2,1,0,0,0,0,0,1,0,4,0,2,2,2,0,2,2,2,0,1,3,1,2,3,3,2,3,0,2,5,2,0,4,1,2,6,3,3,2,4,1,3,0,1,0,3,2
Tulp3,3,1,5,8,6,7,7,5,12,6,15,8,11,1,8,3,11,8,8,0,0,9,9,3,8,8,4,4,10,6,10,9,4,4,7,4,7,4,6,1,3,4,7,4,3,5
Tulp4,5,2,3,3,4,5,1,3,11,1,4,4,3,7,1,9,0,5,0,3,4,5,4,5,5,7,7,5,5,2,5,2,5,2,0,2,0,8,7,3,3,5,4,4,5,3
Tusc1,27,22,20,53,17,28,29,22,41,26,35,27,37,38,44,46,40,47,33,21,11,56,22,22,27,26,32,32,54,42,24,17,36,18,38,24,31,35,31,15,43,25,30,20,35,41
Tusc2,147,73,160,183,107,145,155,133,185,156,200,201,145,159,186,201,163,233,143,150,68,203,187,143,139,124,161,189,182,181,138,109,150,101,158,170,116,157,169,84,235,155,154,117,160,133
Tut1,106,82,91,154,80,87,126,123,117,72,153,189,119,101,126,90,124,128,84,111,41,162,112,71,85,76,89,87,102,134,95,59,78,60,74,76,76,87,97,54,111,74,92,104,79,73
Tvp23b,116,65,101,172,142,135,154,113,187,139,144,253,151,134,166,163,148,247,139,126,57,193,164,80,129,136,127,147,163,184,103,90,122,74,136,161,108,124,109,74,177,113,93,72,86,105
Twf1,209,111,191,253,256,197,207,205,297,184,276,318,228,197,202,273,218,231,176,184,86,264,206,138,185,206,193,166,208,206,174,136,229,152,200,216,165,157,218,105,279,199,199,149,215,185
Twf2,26,13,30,61,25,25,42,45,28,18,39,37,36,15,37,30,28,51,21,30,7,34,29,26,40,23,23,31,52,35,87,14,23,29,24,31,30,17,35,16,43,17,30,21,18,28
Twistnb,13,6,5,18,9,10,11,10,15,5,14,21,12,8,15,8,7,12,6,6,6,17,11,7,8,9,2,7,11,12,4,8,9,1,13,5,16,5,14,5,11,8,5,7,5,11
Twsg1,151,68,117,207,209,151,158,171,251,187,195,213,168,151,208,181,192,212,199,155,72,238,225,106,159,163,168,172,178,190,169,114,200,118,156,161,144,166,179,105,258,177,169,126,146,166
Txlna,50,30,54,56,34,50,54,50,69,41,54,129,46,54,59,58,48,61,37,42,15,54,49,30,37,32,62,56,45,56,55,49,53,44,52,37,31,52,51,22,75,43,37,44,31,34
Txlng,3,7,10,12,8,10,13,8,4,11,12,13,9,12,14,13,11,8,5,12,6,10,6,4,8,14,9,7,15,11,8,7,8,11,11,5,6,2,10,9,11,6,7,4,6,5
Txn1,2248,1128,2078,3703,2311,2600,3261,2896,2878,2199,3205,2900,2982,2373,3191,2845,3275,3967,2290,2400,1199,3676,3156,1899,2740,2739,2162,2521,3087,3092,4606,2062,2793,2021,2502,2632,2168,2632,2610,1447,3742,2342,2571,1999,1939,1900
Txn2,1244,625,1136,1742,987,1272,1449,1431,1635,1465,1654,2040,1353,1408,1698,1686,1566,2177,1330,1381,499,2364,1601,986,1526,1235,1399,1617,2131,1559,1383,1014,1362,1107,1383,1387,1172,1371,1545,996,1873,1392,1341,1097,1360,1299
Txndc11,147,120,183,163,186,195,177,184,218,116,206,352,142,168,156,156,152,223,156,178,76,192,184,166,137,132,193,164,164,165,141,163,175,135,154,142,126,168,211,104,269,168,133,135,145,140
Txndc12,195,104,186,320,248,211,251,221,344,233,239,302,283,198,280,341,292,330,233,236,91,224,309,172,269,232,191,249,327,328,208,183,213,156,288,253,232,260,264,153,366,263,275,192,265,235
Txndc15,320,153,317,483,357,386,406,347,588,456,433,527,392,410,471,554,483,373,387,345,155,468,533,288,463,458,340,517,594,547,376,358,414,208,500,411,432,439,412,261,612,442,485,319,354,420
Txndc16,14,7,12,18,14,8,20,18,13,11,12,13,11,16,12,17,17,21,17,14,6,19,15,4,12,8,14,8,30,16,13,5,15,7,9,6,8,13,13,5,12,5,8,5,4,12
Txndc17,558,226,451,748,614,625,600,556,856,626,719,740,738,596,726,710,810,1099,596,605,336,1128,706,423,648,613,527,620,735,728,647,472,722,414,712,683,582,589,674,372,961,731,603,466,536,651
Txndc5,224,185,274,286,270,256,286,278,387,226,393,701,179,215,296,336,276,436,272,227,103,371,302,220,226,220,336,280,267,288,192,225,284,171,255,138,236,279,223,107,279,195,193,129,195,221
Txnip,187,95,139,583,169,277,306,215,199,190,499,154,289,399,222,875,1016,686,251,170,112,463,237,171,218,223,161,199,215,338,237,210,230,194,190,289,145,195,213,158,310,291,267,209,167,267
Txnl1,45,18,41,64,41,53,79,75,62,58,51,70,62,36,57,40,55,54,58,67,26,53,49,43,78,63,45,79,71,84,72,55,61,58,68,66,70,83,67,55,81,64,77,53,69,63
Txnl4a,411,214,364,552,317,340,487,328,544,356,509,496,465,471,449,578,520,434,365,364,148,565,581,335,370,436,365,407,509,564,357,316,418,281,405,420,367,364,454,254,636,375,432,352,336,453
Txnl4b,48,23,53,65,24,50,67,58,31,65,68,41,54,52,51,64,55,60,58,43,19,60,53,55,54,40,48,59,58,75,39,48,49,41,52,50,46,53,53,42,85,54,50,41,44,49
Txnrd1,629,279,488,835,711,537,712,607,661,547,757,664,574,474,609,689,911,1198,623,602,261,1300,673,466,544,557,536,617,625,678,1194,432,663,434,552,577,467,531,547,403,851,583,594,483,527,478
Txnrd2,227,97,183,315,136,189,224,193,203,226,288,264,243,221,245,305,306,306,267,191,79,323,296,147,199,187,158,239,298,232,170,132,233,170,236,226,172,215,251,146,349,189,218,175,188,184
Txnrd3,69,30,58,72,58,58,63,62,79,53,83,62,61,65,32,77,74,74,62,52,21,82,55,49,55,67,43,55,81,65,45,40,45,30,58,56,49,62,53,35,96,46,62,42,60,49
Tyk2,51,22,64,85,59,32,83,77,67,46,67,107,57,38,53,78,101,100,61,48,19,76,89,34,56,61,49,52,94,59,76,41,60,41,62,63,63,64,59,28,79,40,61,36,50,56
Tyms,4,3,7,13,7,6,6,10,5,6,11,8,6,2,6,10,10,14,3,4,3,7,5,4,3,7,6,6,8,5,4,6,7,1,6,8,2,6,4,2,6,5,9,3,3,4
Tyro3,5,3,2,4,1,1,1,4,2,0,2,1,2,2,2,4,3,5,1,0,0,1,2,2,0,6,1,2,3,0,2,1,0,1,1,3,0,2,6,0,2,1,2,1,1,3
Tyrobp,131,87,200,391,365,250,390,387,256,168,391,360,188,134,318,243,289,394,221,161,140,490,290,150,398,183,319,143,272,376,903,100,143,278,124,195,210,206,176,79,255,255,270,145,168,199
Tysnd1,223,136,237,278,156,240,282,279,298,256,305,435,260,278,345,321,294,244,253,279,91,243,411,224,244,270,286,374,342,371,261,243,270,200,302,274,225,314,345,176,452,315,326,247,308,300
Tyw1,56,28,54,95,50,54,76,59,78,63,81,78,63,57,72,79,83,90,50,53,26,95,60,48,61,66,59,61,61,85,62,47,77,64,67,60,48,61,47,43,89,73,48,41,48,56
Tyw3,2,1,1,1,2,2,0,3,2,2,4,5,0,3,0,2,3,9,5,2,1,3,4,0,1,1,4,1,3,4,2,0,0,0,1,2,2,0,1,1,3,1,2,0,0,3
Tyw5,15,10,13,29,23,18,16,17,17,23,21,22,21,15,32,19,16,16,22,23,12,36,33,11,20,15,15,23,24,29,13,17,16,9,20,14,13,18,9,13,29,13,15,12,8,10
U2af1,60,35,83,143,51,61,80,61,110,42,71,110,71,62,84,54,86,75,47,62,28,90,86,43,53,49,60,79,51,69,70,65,78,31,73,52,66,52,60,36,119,74,69,61,46,52
U2af1l4,105,60,108,141,111,122,136,148,179,119,167,149,139,134,134,157,151,173,122,136,64,144,147,100,142,147,132,178,194,160,179,109,122,83,141,113,98,158,133,89,189,154,130,111,134,122
U2af2,113,35,92,150,74,114,129,116,101,112,141,160,98,80,111,118,110,102,105,91,27,150,149,76,94,118,108,100,147,133,67,81,97,82,123,67,105,108,86,65,133,104,134,92,97,79
U2surp,24,10,9,26,16,10,21,20,30,9,25,24,17,17,21,28,14,18,16,17,3,22,23,3,21,14,23,11,20,13,18,10,14,9,15,6,6,14,13,11,14,11,13,11,9,12
Uaca,16,9,15,16,12,21,23,17,21,7,26,16,16,8,14,31,15,17,12,15,7,25,25,13,25,17,18,25,24,17,15,7,21,19,16,19,12,16,21,10,26,12,17,14,14,11
Uap1,121,53,98,120,103,101,74,106,179,98,109,216,151,111,110,117,116,123,102,122,53,127,164,79,93,99,113,98,140,135,114,77,99,61,87,90,84,90,100,66,157,105,91,64,75,83
Uap1l1,32,27,22,59,24,12,17,26,40,20,47,56,30,24,19,66,54,178,39,32,9,149,30,14,21,30,23,29,17,20,65,23,24,33,25,26,28,26,17,17,41,27,24,13,15,12
Uba1,557,263,474,755,442,513,684,560,668,543,673,768,536,588,649,649,674,795,632,546,205,687,731,395,524,535,487,620,653,596,578,416,585,479,595,518,437,561,624,332,799,603,581,410,557,497
Uba2,100,57,99,147,118,90,113,110,147,97,168,169,130,113,119,148,138,191,98,105,57,190,134,76,122,110,106,106,141,109,109,80,117,81,104,86,93,92,87,48,147,110,117,89,87,95
Uba3,31,20,27,40,31,30,36,32,38,32,42,52,43,29,32,36,38,47,42,24,17,60,47,20,32,39,31,36,54,35,36,27,32,13,31,34,40,33,27,22,38,37,41,25,29,30
Uba5,177,121,170,200,185,194,234,209,284,167,193,438,153,128,197,178,176,373,143,218,61,225,218,126,200,217,171,206,216,227,186,151,190,134,162,131,167,148,191,103,273,169,168,138,147,145
Uba52,1374,704,1251,2092,1119,1421,1562,1285,1774,1633,2043,2125,1495,1489,1711,1895,2020,1843,1892,1437,553,2405,1809,1027,1605,1608,1535,1619,2017,1985,1110,1128,1765,1082,1447,1351,1120,1364,1630,984,2103,1638,1413,1094,1577,1404
Uba7,50,28,88,129,85,66,98,106,118,89,115,77,102,56,96,61,91,76,63,80,27,74,100,71,88,65,68,60,83,91,300,57,74,88,83,61,63,90,96,32,99,74,90,75,65,55
Ubac2,161,84,168,221,175,174,210,188,261,172,225,264,186,158,189,276,229,230,159,158,73,279,203,130,188,226,164,185,219,212,173,124,154,155,184,183,162,161,185,109,267,170,166,137,144,146
Ubald1,174,84,123,283,89,141,153,170,239,147,176,177,148,141,185,253,225,271,167,129,48,333,125,110,126,133,120,171,161,166,172,126,112,116,144,98,132,144,109,88,162,167,129,91,145,148
Ubald2,2,1,2,2,0,3,4,2,8,4,4,3,1,1,1,2,1,2,4,1,1,4,3,1,5,2,3,3,3,0,3,6,4,2,4,3,1,0,2,0,4,0,1,6,1,3
Ubap1,172,99,184,231,111,136,217,163,201,144,226,194,214,158,204,234,202,215,193,145,53,279,185,117,166,140,146,145,177,173,239,113,170,116,183,164,124,157,162,96,254,167,153,103,116,116
Ubap2,83,55,67,121,110,72,97,95,112,89,113,111,90,94,96,85,127,144,86,80,27,146,118,58,77,84,99,98,112,107,93,81,76,62,84,89,83,89,101,60,145,99,104,63,91,75
Ubap2l,119,93,115,181,118,141,149,149,177,140,182,232,127,127,162,150,194,231,154,111,52,219,161,80,150,141,142,175,177,144,154,106,125,83,86,122,95,132,130,83,178,122,131,88,131,132
Ubash3b,7,2,8,14,15,11,9,10,6,4,6,10,12,2,5,9,9,10,4,6,2,13,11,3,7,5,7,6,11,4,20,3,8,10,1,4,6,6,7,3,5,5,4,4,3,4
Ubb,4,2,4,7,6,7,2,1,4,2,8,7,5,6,7,11,4,8,3,5,1,10,5,1,3,25,30,6,1,3,10,5,3,4,5,2,8,1,4,3,10,7,3,2,6,5
Ubc,3534,1778,4350,2469,5710,4100,3398,5034,7679,3190,3558,5364,3070,2857,3297,7522,7418,4765,5848,5628,2413,6735,5488,4403,3124,3977,4813,3508,4850,3643,7449,6004,4498,5528,4024,7672,4058,4827,5365,3502,5596,6712,3455,4630,2977,4235
Ubd,9,2,15,80,45,17,39,71,18,9,64,15,36,8,49,25,61,323,17,28,48,174,33,18,27,18,21,33,33,31,2062,26,28,72,15,25,32,39,17,11,28,19,33,27,19,18
Ube2a,43,23,36,82,63,64,65,53,87,68,69,71,60,53,69,56,87,97,60,43,36,108,66,36,70,60,54,74,80,73,52,56,68,38,64,60,46,62,58,29,85,64,44,47,39,53
Ube2b,75,48,90,163,108,129,137,124,173,132,134,132,146,131,132,123,135,146,102,90,51,92,176,101,146,139,111,145,223,200,120,115,114,50,149,132,111,129,125,90,174,148,150,83,119,129
Ube2c,4,6,5,13,17,7,39,64,5,6,8,13,9,5,15,5,4,72,3,5,6,15,11,1,8,4,12,4,14,14,57,13,5,28,15,7,19,5,11,3,12,8,24,8,8,4
Ube2cbp,15,6,9,8,10,12,14,10,15,3,13,8,9,12,11,12,13,23,12,9,5,26,8,4,9,13,7,13,18,14,3,12,9,1,12,3,9,6,5,4,16,13,7,3,7,7
Ube2d1,21,10,19,41,20,17,24,19,38,32,26,40,20,16,32,30,27,43,27,15,9,37,25,16,17,24,19,23,32,26,23,8,23,16,21,13,23,21,20,13,27,20,25,14,12,22
Ube2d2a,62,15,42,66,65,57,81,54,80,70,62,82,72,63,71,69,86,93,68,61,37,131,88,58,68,67,66,76,105,93,65,41,70,26,60,53,62,82,70,38,82,65,60,48,49,69
Ube2d3,143,59,138,242,124,167,146,135,218,185,178,212,186,182,258,192,219,203,175,148,66,265,251,142,178,151,151,202,270,223,134,143,188,45,177,166,204,166,153,100,237,198,190,117,157,205
Ube2e1,104,69,104,189,143,144,168,118,227,148,144,220,175,140,168,131,153,177,141,129,75,204,226,100,171,162,121,157,219,196,107,119,152,50,147,140,132,129,113,101,202,128,144,84,125,146
Ube2e2,52,41,44,69,40,53,53,47,91,70,71,71,73,77,60,92,113,100,67,71,34,108,92,42,48,53,52,64,74,82,60,44,58,32,70,79,41,57,75,40,90,65,81,47,49,50
Ube2e3,97,52,115,184,140,141,118,109,173,148,162,141,155,127,136,160,177,164,129,125,53,204,170,91,122,147,122,149,182,176,94,60,104,55,170,126,116,136,104,57,174,140,146,96,115,121
Ube2f,109,50,82,119,92,126,141,100,173,118,115,174,112,140,129,136,127,193,101,108,44,136,189,92,143,130,102,143,146,145,147,109,128,76,113,106,128,123,142,86,188,157,132,88,106,108
Ube2g1,3,0,0,4,2,1,3,3,1,3,3,1,3,1,6,2,1,2,2,4,1,2,3,2,3,2,3,5,2,5,2,3,6,0,1,1,4,2,1,2,2,3,1,3,4,3
Ube2g2,163,98,134,178,160,171,176,123,281,153,191,322,206,174,216,189,187,240,141,151,73,246,199,114,170,178,178,182,171,184,169,128,199,131,159,142,133,148,202,111,279,173,151,157,138,134
Ube2h,280,101,223,400,178,291,398,334,242,274,331,190,241,181,340,409,319,159,266,183,89,171,244,219,285,307,201,315,375,402,218,251,265,216,278,247,255,306,261,228,397,345,298,226,264,257
Ube2i,29,7,11,27,30,26,29,26,22,24,34,19,19,11,48,13,26,26,27,28,11,48,18,15,24,18,24,28,25,43,25,24,33,24,19,16,29,17,23,14,41,24,19,16,28,15
Ube2j1,80,42,88,146,83,91,106,78,157,86,124,176,87,104,114,114,79,129,118,70,45,158,135,75,109,96,83,113,103,88,62,71,85,68,80,67,60,92,82,62,129,93,98,63,78,90
Ube2k,10,8,9,10,7,9,12,4,10,16,15,11,9,9,18,11,8,11,16,12,5,14,16,9,13,6,11,13,10,16,5,12,9,6,7,8,6,11,11,5,3,8,8,6,5,11
Ube2l3,232,92,219,268,223,280,294,267,318,214,288,302,207,216,252,307,285,225,238,201,90,249,314,229,274,254,258,294,319,365,265,190,242,195,283,240,180,263,313,169,373,265,276,217,229,236
Ube2l6,243,214,372,880,276,419,597,432,624,290,635,640,182,182,423,218,623,432,252,213,244,398,538,256,412,417,288,524,426,682,1069,372,276,293,462,98,165,563,113,160,214,279,299,93,354,350
Ube2m,449,244,355,474,265,347,467,419,482,401,461,557,400,419,514,463,476,702,431,411,100,530,473,244,319,380,443,440,490,375,473,294,338,315,457,359,276,416,484,231,499,417,369,269,327,320
Ube2n,26,5,19,25,15,26,21,31,24,21,27,30,20,19,35,25,33,32,29,27,10,12,29,11,27,19,24,20,29,21,12,16,23,10,21,25,22,21,26,10,33,23,18,13,24,18
Ube2o,55,39,37,70,44,57,64,57,49,38,66,101,55,51,59,75,61,86,44,50,19,85,77,42,67,51,55,56,74,81,62,52,66,47,52,45,41,52,50,33,79,41,38,44,43,31
Ube2q1,36,25,39,63,50,49,52,38,33,37,41,49,61,48,44,48,40,57,41,38,16,81,41,32,51,61,36,38,66,62,30,17,38,23,41,43,34,38,40,22,58,37,43,37,45,43
Ube2q2,1,2,4,7,3,4,0,3,1,5,8,5,5,6,3,4,3,4,4,3,0,6,5,2,3,2,4,3,4,6,2,2,2,2,3,3,4,1,3,1,6,4,4,0,5,5
Ube2r2,30,10,25,48,25,34,31,27,47,42,56,43,46,38,37,48,39,38,41,19,9,67,22,15,23,33,26,46,43,33,27,25,25,20,30,24,27,26,28,15,48,28,36,30,30,31
Ube2t,2,2,0,4,2,1,3,4,1,4,0,2,2,4,3,2,4,14,1,0,0,5,1,0,2,3,1,3,3,1,2,0,1,0,4,2,7,5,1,0,1,0,6,3,2,1
Ube2u,1,1,4,7,5,3,5,6,5,2,2,5,5,2,4,2,1,3,3,0,2,4,5,3,7,5,2,1,13,9,0,3,1,0,1,4,5,9,4,4,6,8,4,1,2,1
Ube2v1,0,0,1,1,0,1,1,1,4,0,0,0,2,1,1,0,2,4,0,1,0,1,1,0,2,2,2,1,2,2,1,2,4,0,0,1,0,1,1,1,1,0,0,0,6,3
Ube2z,4,2,9,11,8,5,3,8,15,7,3,17,5,3,6,7,10,10,8,5,1,5,7,2,6,7,7,8,13,9,11,4,7,6,3,5,8,5,7,4,8,4,13,4,8,8
Ube3b,112,43,110,143,70,102,116,86,118,118,134,147,113,93,119,154,110,170,104,110,32,164,152,75,113,96,122,133,146,121,87,87,76,98,121,115,75,87,135,70,138,120,131,71,109,115
Ube3c,92,43,95,122,93,80,134,109,136,79,112,150,110,102,110,129,111,160,108,83,33,128,133,77,112,88,114,128,134,98,102,69,101,81,114,92,68,101,113,95,168,114,113,72,109,96
Ube4a,59,26,42,64,49,57,64,70,79,79,76,102,64,64,73,79,65,65,81,59,17,70,78,41,54,68,58,82,68,72,39,45,69,27,48,38,51,55,64,34,70,52,48,40,49,45
Ube4b,175,87,191,334,162,186,240,166,220,154,224,172,160,132,189,220,208,278,108,154,51,219,204,114,190,151,151,165,245,283,152,122,139,130,185,154,129,184,132,129,255,167,158,119,150,163
Ubfd1,29,4,10,23,12,9,21,25,22,14,21,58,13,12,21,21,12,23,26,15,7,28,14,11,12,9,23,30,12,20,23,12,7,11,21,13,13,17,14,3,20,23,13,10,12,17
Ubiad1,34,32,35,49,36,41,49,51,48,31,52,82,56,35,58,58,47,85,43,43,16,58,63,43,41,41,40,43,50,52,45,37,44,35,57,39,27,40,36,38,75,41,52,46,52,53
Ubl3,234,119,206,359,127,257,253,148,318,219,249,269,254,216,276,323,322,185,190,199,65,228,282,151,238,222,163,250,316,283,107,178,197,118,242,204,173,209,223,136,245,199,235,163,169,181
Ubl4a,45,18,30,67,43,48,58,41,63,48,62,81,36,46,60,45,48,77,48,42,19,87,57,22,41,31,39,46,76,72,27,33,43,18,43,47,39,55,46,29,57,40,46,33,39,41
Ubl5,195,118,221,322,215,222,279,223,315,229,287,305,235,250,291,273,296,305,258,236,92,291,305,163,256,241,225,232,310,304,234,211,237,144,243,239,215,222,235,194,330,237,251,193,263,258
Ubl7,20,6,6,25,12,6,19,17,12,24,26,31,20,12,19,18,15,11,9,21,2,21,20,8,10,18,15,30,18,20,11,7,14,20,16,12,10,18,18,9,11,13,18,6,5,9
Ublcp1,19,4,14,19,21,20,10,17,19,11,8,30,17,17,21,15,18,26,26,11,4,21,28,9,17,16,15,22,12,15,6,6,6,6,13,10,12,13,13,10,16,10,8,8,14,21
Ubn1,116,58,91,154,98,102,113,112,126,90,142,152,134,131,122,159,114,155,100,99,40,149,123,73,105,104,110,108,131,140,128,76,110,84,113,128,101,87,118,70,180,111,111,88,100,101
Ubn2,2,5,3,6,3,4,4,5,6,8,4,12,4,2,5,4,5,3,2,4,0,5,3,3,5,9,3,3,8,3,4,1,2,2,3,2,4,2,0,1,1,7,5,1,1,3
Ubox5,6,2,3,8,6,3,5,6,19,2,8,6,9,11,11,6,13,11,8,9,5,9,11,7,5,6,5,7,3,6,6,10,9,2,14,6,6,7,8,7,14,3,3,3,8,7
Ubp1,97,60,124,190,103,109,156,130,147,135,190,146,112,113,131,215,160,129,147,102,41,187,131,117,117,117,104,142,136,140,103,125,133,86,135,95,117,126,111,87,204,127,115,88,102,112
Ubqln1,354,132,263,358,216,272,341,262,360,279,372,393,372,282,352,407,385,294,307,294,110,301,382,210,292,343,290,361,380,375,292,242,317,223,319,295,243,269,334,199,462,299,260,222,221,259
Ubqln2,65,35,66,107,41,78,106,31,109,63,82,121,86,65,89,85,115,67,73,75,26,78,99,43,67,89,72,82,74,69,60,61,58,36,71,78,85,85,79,42,105,63,64,50,62,59
Ubqln4,94,55,85,111,53,84,88,73,92,110,98,150,72,67,86,106,129,113,103,73,21,101,97,65,51,68,81,99,109,82,67,40,86,60,77,71,70,72,99,43,114,58,70,58,57,57
Ubr1,6,5,10,22,12,16,18,3,13,13,20,18,11,11,15,18,14,15,25,16,5,18,11,13,10,8,8,16,14,7,7,6,12,2,15,15,11,6,8,5,10,14,9,4,5,10
Ubr2,246,119,189,314,233,182,220,194,298,184,282,246,183,190,238,320,379,232,276,194,83,249,258,166,202,193,235,182,229,239,153,141,182,135,209,195,176,185,174,137,291,199,184,167,171,192
Ubr3,65,18,43,84,48,70,68,41,76,61,71,63,75,59,78,64,92,72,66,47,27,97,69,32,64,72,38,64,73,74,56,51,64,32,66,46,62,47,70,38,73,64,58,28,47,51
Ubr4,238,122,200,290,128,170,217,198,244,214,279,263,233,219,276,314,246,279,206,196,64,313,270,155,171,238,221,236,306,238,218,155,158,153,222,182,166,203,212,121,298,232,223,146,133,199
Ubr5,125,72,90,201,112,91,144,113,173,112,174,142,141,118,139,195,160,137,138,111,57,211,148,69,116,128,95,139,141,136,119,99,135,71,122,95,97,109,109,63,148,112,121,78,79,91
Ubr7,55,26,76,105,57,73,84,67,98,51,96,108,72,82,86,89,81,82,83,52,33,115,71,59,57,68,71,72,91,98,43,54,72,46,88,66,48,54,66,43,89,75,69,46,48,53
Ubtd1,45,36,61,101,33,54,88,70,88,63,68,61,73,60,76,74,48,41,68,56,15,46,62,49,58,61,56,66,81,62,56,55,47,49,71,60,42,60,58,39,92,58,68,41,44,66
Ubtd2,1,2,1,9,4,4,2,2,4,2,4,6,5,1,6,2,5,6,3,1,1,7,3,1,2,2,0,3,5,0,2,3,3,1,2,4,1,2,0,3,4,3,1,5,1,4
Ubtf,6,1,0,5,3,0,3,3,1,12,4,5,1,4,3,8,3,5,7,2,0,7,2,3,1,1,1,2,2,3,2,1,5,2,4,1,0,0,2,2,1,2,3,0,1,4
Ubxn1,693,299,573,938,616,754,733,676,1033,775,983,805,818,707,827,1006,1050,1061,701,648,271,1182,759,523,724,863,677,817,905,914,636,506,589,555,700,591,598,704,812,438,936,780,624,564,700,634
Ubxn2a,167,81,98,161,128,99,117,108,87,108,173,164,141,114,121,175,155,231,99,93,45,201,141,68,107,70,103,118,111,96,107,93,108,87,102,79,64,99,79,49,130,81,83,58,66,47
Ubxn2b,16,7,5,5,8,12,6,7,3,2,5,7,5,4,6,7,4,12,8,6,1,10,4,3,5,6,4,5,3,4,7,6,6,3,3,2,5,4,2,1,2,2,5,2,3,4
Ubxn4,131,76,114,160,156,150,163,152,213,144,142,282,136,119,171,168,196,195,162,152,61,175,197,112,160,127,138,191,173,196,163,120,183,105,134,143,132,131,164,88,249,123,128,110,115,116
Ubxn6,396,203,305,490,282,342,382,352,432,353,484,506,463,330,402,576,560,627,395,363,141,705,415,240,306,417,319,374,476,430,316,284,376,261,374,300,320,354,327,216,494,341,346,276,313,352
Ubxn7,11,7,13,20,7,4,5,10,9,7,13,4,18,7,10,15,17,12,7,7,6,11,7,6,7,9,7,4,10,18,3,9,4,6,6,10,10,7,2,3,20,8,11,7,10,15
Ubxn8,9,6,11,15,8,10,9,12,18,11,16,11,18,8,13,8,11,20,10,14,5,22,9,3,7,19,8,14,14,24,7,10,10,6,12,7,13,5,6,3,16,10,13,13,11,14
Uchl3,95,48,71,118,69,79,106,80,104,99,97,110,86,81,87,85,105,166,69,79,23,173,141,70,97,97,69,115,125,110,80,80,95,56,104,123,99,106,84,66,134,93,117,72,86,94
Uchl4,0,0,2,2,0,0,4,1,0,1,1,2,2,1,3,0,2,4,0,7,0,6,4,0,4,3,1,1,4,5,2,2,6,0,3,0,0,1,0,0,2,2,1,1,0,2
Uchl5,64,39,51,104,58,60,75,97,115,91,89,144,97,74,109,85,102,119,70,84,37,150,89,54,84,92,72,97,125,102,68,69,91,53,94,82,87,83,109,62,91,124,114,48,81,87
Uck1,100,36,108,141,74,122,173,139,115,84,173,103,128,122,183,145,150,89,130,105,58,80,218,153,117,145,66,172,141,204,121,180,201,150,180,232,110,172,191,105,248,153,202,144,147,126
Uck2,28,23,24,31,31,34,58,28,44,36,40,51,33,29,39,55,47,49,39,25,13,77,38,20,33,39,27,27,48,40,26,26,26,30,39,26,35,31,45,16,48,23,38,26,24,17
Uckl1,68,42,85,111,47,79,107,79,99,74,105,112,87,60,111,89,107,101,67,64,12,108,96,46,79,71,56,70,88,88,59,57,63,57,51,56,44,59,86,43,88,63,68,49,62,59
Ucp2,110,49,81,171,84,125,190,127,109,86,213,141,109,82,158,142,169,84,100,123,29,105,162,91,144,85,133,130,95,144,310,117,99,143,133,182,64,171,102,88,98,117,81,69,59,84
Uevld,13,4,12,16,13,5,20,11,7,8,9,7,12,9,11,10,5,11,14,12,7,17,10,8,11,5,8,18,7,14,13,4,14,13,9,8,6,5,8,5,23,14,6,9,3,11
Ufc1,519,282,519,845,669,674,652,627,830,558,724,773,626,491,707,693,694,1137,486,533,246,1068,761,428,654,691,545,612,771,756,577,467,741,481,677,633,680,558,652,383,953,598,630,494,586,600
Ufd1l,134,66,103,159,138,135,164,132,145,114,128,222,129,133,178,158,180,248,129,126,47,263,188,82,140,148,127,163,168,159,129,84,133,70,145,142,113,134,130,87,198,136,152,122,109,113
Ufl1,45,27,47,42,50,50,44,44,72,34,51,99,40,43,61,53,63,70,48,43,18,69,61,30,28,36,50,64,54,57,31,37,63,37,33,43,39,53,40,31,63,44,39,40,36,37
Ufm1,9,3,6,7,4,5,2,2,9,12,5,18,2,2,6,11,7,7,5,5,5,6,8,2,4,6,3,10,6,3,5,4,6,3,6,1,6,2,1,4,3,3,4,2,3,3
Ufsp1,18,19,26,27,8,18,21,25,30,30,30,53,44,27,35,22,23,42,21,32,11,39,33,27,28,23,29,21,35,20,27,24,29,20,32,18,27,31,42,18,37,31,28,21,23,29
Ufsp2,153,75,149,217,169,149,208,176,226,172,204,293,172,182,168,189,196,261,136,137,79,221,208,126,205,192,146,182,217,200,171,148,166,115,164,181,133,155,183,115,237,165,162,124,136,140
Ugcg,23,9,18,53,18,26,21,20,24,28,33,28,17,25,18,30,43,36,24,28,11,45,23,15,15,17,20,22,37,28,12,17,18,5,19,17,29,18,15,10,9,14,26,10,12,19
Ugdh,422,246,315,612,330,270,450,457,241,415,485,392,368,370,428,729,558,1021,596,441,193,1549,633,328,360,391,270,535,646,413,826,297,443,275,485,418,468,477,408,273,589,459,502,285,325,352
Uggt1,47,15,43,74,57,52,57,49,77,53,64,70,47,26,58,59,52,58,44,32,16,50,53,35,64,50,52,48,35,60,37,46,45,29,45,47,34,50,63,23,81,44,31,30,34,33
Ugp2,97,50,70,134,77,79,136,106,141,113,121,118,106,124,143,121,92,147,128,89,34,160,131,73,93,89,87,118,160,123,97,88,110,43,88,114,72,119,115,52,123,90,84,56,77,109
Ugt1a6b,5325,2869,4932,7821,4376,5100,5969,5516,6578,5989,6743,6530,5962,5900,7120,7765,7941,4570,6541,5619,2676,7021,7977,4135,5240,6082,4842,7158,8801,6917,5398,4470,6414,4133,6354,6105,4678,6201,5857,3293,7704,5787,6064,4286,5128,5584
Ugt2a3,653,316,697,1043,623,730,996,799,760,854,1054,948,1050,910,931,1038,1070,474,988,722,329,987,1271,706,953,1004,673,933,1210,1020,485,626,1040,494,756,1004,903,907,935,603,1345,983,845,676,841,831
Ugt2b1,261,108,220,268,200,284,489,345,216,279,287,276,339,322,326,317,227,160,495,272,149,226,570,179,368,396,217,230,330,441,171,252,255,103,263,233,199,318,259,198,498,241,135,158,171,176
Ugt2b34,568,284,462,720,410,510,538,443,621,780,746,761,635,481,792,785,709,439,827,535,265,736,778,369,522,610,462,804,696,694,603,442,645,249,606,486,483,566,473,317,734,604,600,332,466,523
Ugt2b35,530,254,367,749,446,262,619,459,377,529,617,460,444,375,466,848,932,795,750,521,245,974,546,261,451,522,372,521,437,516,902,337,491,219,430,419,329,430,359,230,687,427,410,301,387,352
Ugt2b36,61,36,90,112,44,85,100,69,43,71,85,70,60,68,96,92,81,42,89,49,29,65,76,49,63,54,54,65,68,65,45,44,81,50,56,49,52,65,66,34,87,64,28,39,35,50
Ugt2b38,1,0,0,1,0,0,15,1,0,1,2,0,0,1,2,1,1,0,11,0,0,0,2,1,0,2,0,0,2,1,0,0,1,0,0,0,0,0,2,2,8,0,0,1,1,0
Ugt2b5,129,97,125,235,29,124,182,42,88,191,250,182,181,132,174,302,239,22,274,128,19,43,225,119,133,162,138,135,183,148,50,144,236,115,215,133,140,170,198,66,242,191,179,119,141,144
Ugt3a2,843,403,715,1004,566,706,777,631,993,926,1116,1035,804,785,995,1135,1199,430,1029,849,413,612,1058,565,681,691,850,849,1023,1172,595,569,798,443,726,585,582,735,651,476,977,864,644,487,644,693
Uhmk1,0,2,2,3,4,3,2,0,4,2,0,0,2,1,0,8,0,1,1,2,1,0,0,0,2,2,8,3,0,0,1,0,1,0,0,0,0,1,2,1,2,0,1,2,2,3
Uhrf1,2,1,2,2,6,2,5,9,0,2,2,3,2,0,0,0,0,17,0,1,0,1,3,1,3,1,3,1,3,5,18,1,3,9,5,1,4,2,1,3,3,1,4,2,1,1
Uhrf1bp1,43,29,46,87,62,44,77,75,73,53,67,85,65,58,71,78,83,96,62,69,25,92,83,49,61,71,53,79,90,97,92,53,57,51,72,52,52,80,59,35,95,71,77,56,63,57
Uhrf1bp1l,53,24,42,61,47,59,67,38,91,72,50,62,66,54,59,70,74,64,60,35,14,98,58,34,53,57,41,67,73,75,29,31,60,37,57,56,52,64,54,33,66,48,61,35,54,42
Uhrf2,64,38,58,82,59,57,79,74,85,70,56,102,54,46,58,82,65,67,74,48,12,88,59,38,55,37,59,60,77,57,46,49,36,37,46,41,36,48,55,38,79,58,47,39,30,57
Uimc1,70,28,53,101,83,70,83,64,89,61,86,93,64,64,67,115,108,115,82,50,30,136,78,49,66,67,58,77,82,71,66,49,58,48,70,44,58,69,70,24,99,48,67,58,51,44
Ulk1,218,107,233,438,193,220,369,244,386,228,358,184,267,249,263,347,310,203,258,139,70,207,270,144,299,271,253,223,271,287,154,161,200,164,275,218,173,236,222,128,383,228,268,220,170,208
Ulk2,10,3,9,17,11,9,15,18,14,13,15,21,11,16,12,18,9,23,7,10,5,20,18,8,17,29,5,26,24,26,15,14,15,3,18,8,16,12,17,14,15,10,16,11,14,16
Ulk3,10,12,23,32,22,12,22,17,25,20,28,37,16,23,21,18,26,30,30,12,7,34,22,8,17,22,20,20,19,14,17,13,20,6,15,8,10,20,11,10,30,16,15,8,15,14
Umad1,44,12,38,59,33,41,40,42,62,64,41,61,51,36,58,48,49,51,45,39,16,46,66,42,40,36,47,58,72,60,40,30,49,16,38,44,47,45,65,42,54,62,42,27,44,50
Umps,5,3,6,5,12,10,15,12,21,9,10,18,9,5,17,8,8,10,10,11,4,14,13,10,5,7,4,10,18,16,8,6,7,2,6,6,8,8,11,6,7,9,13,10,8,8
Unc119,83,28,68,130,70,54,93,100,59,73,106,80,65,57,82,144,139,89,116,75,33,89,78,46,70,73,61,120,89,69,110,80,96,75,103,107,76,108,72,54,92,53,79,60,59,84
Unc119b,101,54,95,164,114,104,130,112,157,102,140,166,127,109,142,169,142,126,110,114,47,188,139,70,107,137,105,133,144,129,100,103,122,102,98,111,99,110,131,60,200,108,100,81,89,90
Unc13b,28,8,22,23,31,32,19,17,26,15,36,33,15,18,18,31,31,58,39,23,11,29,32,11,25,33,18,23,8,19,15,17,22,13,20,17,27,32,24,18,36,19,16,11,11,12
Unc13d,5,1,1,11,2,3,3,8,5,3,8,9,2,4,4,5,1,4,1,6,1,5,4,3,6,3,4,3,5,8,13,1,0,4,0,2,2,3,1,1,2,4,3,1,1,4
Unc45a,63,31,72,94,76,64,96,93,90,62,93,133,72,65,78,90,65,148,74,54,28,109,89,50,77,64,57,83,59,82,52,56,64,45,67,60,53,72,56,39,88,67,61,62,59,52
Unc45b,14,7,8,13,6,14,12,9,13,9,8,13,10,7,10,10,23,12,6,9,3,19,14,6,10,9,9,12,16,11,9,8,18,7,10,13,8,8,13,4,19,7,8,4,4,13
Unc50,133,64,107,184,79,111,135,104,212,145,166,187,160,142,153,204,140,234,153,109,51,244,217,81,109,124,111,160,172,168,115,85,120,89,156,115,118,114,130,78,183,128,145,70,86,124
Unc5a,2,6,8,6,3,1,6,4,7,7,9,6,10,6,9,17,7,9,6,3,1,9,3,5,7,4,3,2,8,5,6,5,4,4,3,3,3,6,4,2,7,3,3,1,5,11
Unc5b,23,10,14,29,14,9,26,19,22,12,21,22,26,13,21,25,33,77,25,12,10,48,19,12,11,22,9,24,31,16,24,17,22,27,10,19,15,23,15,8,28,7,9,18,15,12
Unc79,1,1,3,9,1,1,1,0,1,0,1,0,1,3,3,3,2,3,0,0,0,5,0,0,2,0,0,0,2,4,1,0,1,0,3,2,1,0,0,1,1,3,0,1,0,1
Unc93b1,133,72,121,181,98,124,189,177,125,118,183,158,153,100,161,163,154,136,139,125,37,131,144,102,132,101,151,128,145,142,262,76,69,93,81,148,90,120,127,74,139,144,146,88,101,132
Ung,48,28,45,56,41,44,34,22,84,34,67,114,38,36,34,83,71,91,27,30,14,104,30,6,20,36,47,41,35,40,31,21,27,26,42,22,24,29,31,15,39,22,36,20,20,20
Unk,43,22,37,77,43,47,54,53,54,47,51,65,53,46,54,50,71,76,51,50,15,77,57,33,44,38,36,55,54,53,47,34,37,41,41,40,38,46,48,21,54,41,42,45,49,39
Unkl,22,12,34,28,25,32,40,26,31,21,29,51,30,27,30,39,37,35,25,28,11,35,41,30,28,25,27,34,33,26,48,25,24,23,27,25,20,36,28,15,40,24,40,30,22,19
Uox,4632,2434,4390,6522,4877,4940,6549,4911,7177,4331,4191,4446,5868,6706,5796,6516,4729,2351,4252,4551,2135,4291,7875,4375,6279,5346,4024,5850,9627,6368,2469,3976,4796,3174,5476,6229,5896,4872,5738,3698,7596,5640,5565,3954,4886,5440
Upf1,184,98,164,218,136,167,214,161,217,159,254,266,143,157,191,197,200,196,167,175,61,168,193,139,168,151,203,212,196,194,170,133,195,117,155,139,137,175,183,108,204,181,144,106,125,147
Upf2,19,15,13,31,24,27,18,16,27,19,25,36,22,24,26,32,29,20,12,16,8,15,18,18,17,26,19,21,25,17,20,14,16,3,16,18,24,18,16,15,32,13,21,21,16,17
Upf3a,87,34,84,121,63,99,95,67,113,84,112,105,104,79,79,125,124,139,69,90,30,157,94,59,95,80,75,79,105,77,66,43,66,58,76,68,58,70,83,37,100,62,72,53,63,64
Upf3b,67,27,39,118,59,61,76,55,67,48,87,83,51,39,60,97,81,90,52,61,19,89,56,44,49,71,62,66,66,42,38,21,47,38,49,40,31,52,38,28,54,48,39,36,37,31
Upk1b,2,1,0,3,2,3,3,1,6,4,0,2,2,5,0,5,3,6,6,1,0,6,7,3,1,4,0,13,6,9,1,0,2,1,2,0,0,0,2,0,6,0,2,1,0,5
Upk3b,3,2,0,3,4,5,6,3,2,4,2,4,3,5,5,9,4,4,2,1,2,6,6,1,2,5,4,3,12,5,4,1,3,7,5,6,1,2,4,2,8,1,2,3,3,7
Upp1,15,11,22,25,29,26,41,36,32,25,28,23,31,28,30,18,22,29,21,31,12,19,36,19,17,24,14,37,44,38,84,22,33,23,20,39,31,27,41,16,30,25,28,27,30,40
Upp2,135,80,176,281,257,213,465,281,434,300,200,178,539,415,397,198,134,190,244,186,110,504,525,292,517,369,342,327,1053,440,119,194,273,144,316,312,466,369,398,205,534,412,492,302,410,480
Uqcc1,111,59,84,136,106,105,126,112,130,113,139,133,115,93,108,141,163,128,101,104,51,144,156,107,115,102,108,124,163,115,115,98,107,102,116,123,98,112,134,76,172,124,125,98,104,85
Uqcc2,212,123,245,367,173,287,314,290,344,259,296,349,302,287,329,286,298,385,308,298,102,323,336,217,266,261,276,328,333,333,334,230,313,234,336,264,310,301,350,200,395,333,308,254,308,305
Uqcc3,244,123,220,359,194,303,280,289,343,279,352,378,273,279,310,408,371,346,277,260,77,340,327,173,297,253,276,333,377,321,256,201,275,201,299,235,208,266,250,183,356,268,265,207,251,210
Uqcr10,1417,816,1321,2206,1138,1475,1837,1692,1944,1751,2013,1922,1904,1845,2037,2144,2042,2278,1831,1473,635,2641,2347,1397,1788,1790,1766,1905,2428,2164,1520,1561,2047,1573,1851,2116,1894,1969,2010,1176,2596,1943,1814,1569,1939,2074
Uqcr11,2342,1270,2239,3554,2278,2736,3219,3129,3334,2616,3197,3299,3070,3015,3209,3363,3187,2606,2990,2544,1072,3465,3952,2180,3352,2734,2542,3182,4170,3290,2395,2681,3376,2731,3091,3889,3037,3266,3659,2251,4290,3403,3337,2742,3460,3075
Uqcrb,7,1,12,14,13,19,15,5,13,13,9,21,9,16,11,17,7,14,18,9,6,4,9,12,12,9,13,16,17,16,9,10,14,5,19,7,11,8,18,11,18,20,14,13,13,8
Uqcrc1,844,428,681,1151,554,834,1117,851,969,848,1140,969,794,889,1023,991,993,1070,1064,871,236,1096,1180,681,871,747,884,1045,1153,980,622,750,988,894,970,870,687,950,1019,609,1209,944,892,695,868,844
Uqcrc2,528,261,421,636,385,507,612,501,590,526,570,603,584,540,634,609,527,661,662,508,201,821,754,348,496,535,383,564,729,659,327,407,496,240,469,506,471,519,458,314,616,465,473,255,398,443
Uqcrfs1,1534,766,1232,2567,1352,1563,1931,1568,2062,1605,1940,1985,1980,1753,2013,2148,2333,2136,1699,1476,750,2975,2192,1253,1852,1744,1470,1802,2361,2065,1401,1345,1786,1242,1810,1829,1639,1600,1861,997,2472,1758,1710,1433,1520,1587
Uqcrh,1703,640,845,1982,911,1619,1680,1551,2646,1648,1787,2183,1845,1544,1997,2160,2140,2162,1826,1511,459,2676,2279,1077,1824,1835,1454,1861,2664,2080,872,1037,1521,1170,1793,1418,1433,1774,1657,1170,2257,1833,1432,1226,1558,1664
Uqcrq,6244,3047,5973,8741,5315,6975,7486,7177,9005,6627,8387,8272,6913,6803,7747,8578,9201,8610,7542,6696,2733,10495,8381,5328,8007,6925,6502,7454,9386,8326,6347,5551,7898,5241,7548,7639,6466,7421,8427,5077,9647,7907,7161,6088,7317,6860
Urad,32,28,53,83,66,62,84,78,143,42,75,112,69,95,66,41,45,56,48,68,28,77,99,56,82,72,71,74,121,98,33,33,62,43,72,49,62,85,89,45,87,63,86,64,68,79
Urah,2430,1170,2422,3531,3114,3289,2929,2888,4313,2393,3241,3121,3281,2973,3303,3779,3769,2916,2496,2590,1606,4137,3668,2119,3754,3274,2614,3079,4471,4361,2857,2148,3178,1852,3632,3219,3155,2746,3749,1842,4614,3420,3273,2571,2970,3043
Urb1,20,12,26,25,11,8,23,22,15,15,27,35,20,12,35,17,27,27,20,15,5,36,25,15,21,12,21,15,31,26,25,16,17,9,17,10,21,8,15,11,18,18,19,16,20,22
Urb2,17,14,28,43,30,29,34,26,25,24,46,41,36,32,20,22,32,54,29,27,14,56,34,19,24,25,21,24,36,25,26,15,24,19,19,34,29,23,31,15,41,30,22,18,19,28
Urgcp,12,8,14,14,10,10,7,16,17,13,22,41,13,11,14,19,6,15,11,13,3,8,19,8,21,11,13,14,21,13,11,13,14,10,13,6,3,15,8,6,18,16,17,12,11,11
Uri1,54,32,33,86,37,55,71,32,44,40,54,40,39,47,56,58,49,66,35,46,24,113,46,34,30,41,36,56,47,56,29,23,30,16,45,18,28,35,29,27,51,33,33,23,34,39
Urm1,65,18,68,79,42,52,68,54,62,42,78,85,56,45,73,64,71,92,51,57,20,89,80,35,47,54,46,70,93,70,69,45,39,42,65,52,18,73,46,31,73,53,45,48,39,57
Uroc1,452,306,612,724,577,571,611,467,922,568,550,801,786,713,691,616,540,431,585,543,215,615,791,775,800,652,694,648,880,694,410,566,791,463,746,798,739,551,749,459,937,806,651,697,717,693
Urod,407,195,371,501,357,374,382,396,489,422,509,478,487,402,447,580,544,489,382,376,156,538,474,292,448,474,319,417,487,454,297,284,388,290,484,376,346,396,449,255,674,437,388,285,358,347
Uros,104,41,85,107,85,101,98,78,99,113,106,126,76,88,99,87,88,82,98,73,34,74,143,84,128,82,77,119,128,128,86,71,108,87,108,89,95,97,119,72,166,92,109,94,99,76
Usb1,56,32,65,76,54,39,71,46,62,49,71,86,42,52,68,59,59,56,49,45,14,53,50,42,49,44,64,54,59,61,42,29,39,33,59,43,45,46,41,42,80,50,48,44,43,35
Use1,545,233,529,841,444,517,559,536,796,532,805,687,640,539,641,654,864,1124,615,535,243,1196,722,410,681,613,472,633,714,707,596,397,595,352,568,472,457,549,618,384,757,616,579,462,573,535
Usf1,22,13,19,25,12,17,21,19,22,8,26,27,19,16,17,21,19,14,18,14,3,14,19,3,9,11,20,19,22,19,22,13,15,24,22,13,11,14,13,7,15,18,25,9,12,7
Usf2,515,314,517,831,383,538,593,500,661,553,728,577,599,582,583,726,719,534,554,459,165,776,582,374,551,480,465,597,732,599,474,418,487,350,536,615,508,546,596,308,672,486,586,416,531,529
Ushbp1,11,1,7,3,3,5,6,9,6,7,9,12,10,9,10,9,3,5,4,11,0,11,5,8,6,8,6,5,11,3,7,8,3,4,7,12,5,4,2,3,5,6,6,5,5,5
Usmg5,214,146,262,445,146,277,348,309,363,323,385,363,226,375,412,312,327,277,353,322,98,366,416,306,412,293,325,324,415,413,203,248,401,219,324,391,333,381,372,228,496,484,343,291,411,375
Uso1,353,181,248,419,338,409,422,357,536,325,482,671,373,317,468,506,487,574,367,389,209,492,480,295,366,386,352,459,354,434,369,363,475,314,403,342,285,324,463,197,595,380,315,301,312,299
Usp1,38,16,22,58,37,31,42,40,60,45,39,64,37,43,70,31,46,90,29,32,23,60,57,24,41,34,32,46,45,65,33,32,43,26,36,22,25,33,40,21,53,38,43,21,33,26
Usp10,303,150,295,456,212,306,347,262,352,254,394,328,238,287,308,322,354,224,302,272,100,262,300,229,312,312,249,276,331,358,219,246,274,251,293,226,252,323,232,212,522,286,242,198,221,287
Usp11,1,2,3,7,1,4,9,3,2,4,5,3,6,6,4,6,8,5,5,0,2,3,5,1,6,5,1,7,3,6,4,0,2,2,3,5,2,7,2,4,5,3,8,1,3,3
Usp14,0,5,2,6,0,2,1,0,3,1,4,5,1,1,3,0,3,3,3,0,0,3,2,1,4,0,5,3,3,3,2,1,2,0,4,0,2,0,0,2,0,2,3,1,1,2
Usp15,8,2,11,18,25,15,14,15,21,13,20,16,13,15,18,10,17,9,21,19,2,16,12,12,10,11,17,16,19,19,11,14,12,9,10,9,11,6,20,5,19,9,8,12,11,9
Usp16,53,32,70,112,43,65,77,71,102,72,87,110,89,66,74,93,79,115,72,42,29,126,76,43,70,62,50,63,78,93,76,44,64,25,65,52,53,42,49,21,74,55,55,33,48,70
Usp18,22,13,15,55,9,13,22,24,7,26,20,29,20,31,48,32,40,47,24,24,3,44,33,12,36,22,23,30,28,29,77,10,20,16,6,10,13,23,25,17,20,22,22,14,12,23
Usp19,220,127,167,319,221,255,252,269,335,239,311,297,256,229,246,323,335,300,239,228,103,332,286,172,242,255,201,228,295,279,238,162,224,153,196,195,195,229,250,152,326,240,220,206,222,242
Usp2,276,173,286,414,240,227,329,208,289,271,326,243,342,374,346,315,234,241,255,221,70,314,319,198,281,266,221,264,347,262,175,108,253,146,266,161,218,235,301,154,375,229,286,198,223,302
Usp20,36,9,20,35,29,13,22,29,49,28,31,51,31,23,20,43,40,68,27,17,12,54,25,21,28,33,19,24,35,32,57,27,34,20,33,22,19,33,25,23,35,23,27,29,31,23
Usp21,53,32,48,84,52,55,74,54,61,51,69,57,48,52,62,50,46,52,59,52,17,68,67,33,43,48,63,63,56,63,59,30,57,34,52,52,32,64,50,24,68,47,61,35,53,35
Usp22,53,29,56,102,56,55,75,63,76,67,64,97,87,52,55,98,80,153,84,70,31,124,93,40,57,75,42,85,94,99,94,54,71,43,76,64,60,62,92,38,86,49,64,42,64,54
Usp24,152,84,139,247,148,167,189,157,213,142,241,185,174,172,175,207,190,237,184,125,62,318,219,118,154,171,149,194,191,205,159,117,166,130,161,127,123,148,189,85,229,162,156,151,142,129
Usp25,56,31,59,114,76,54,67,84,90,77,84,88,61,60,67,81,80,121,62,59,21,124,74,36,57,60,48,74,82,89,75,44,82,23,46,57,49,68,49,41,89,70,58,36,60,60
Usp28,26,9,34,50,27,20,46,19,38,28,37,21,23,25,19,36,42,31,35,17,10,45,26,18,31,26,32,24,35,33,15,15,31,18,24,34,20,23,31,15,38,16,34,23,20,27
Usp30,43,29,52,102,48,42,48,65,53,47,82,56,62,51,58,90,83,63,63,51,22,63,47,25,50,40,44,51,80,58,49,37,50,40,60,39,49,67,72,33,79,59,77,37,46,54
Usp31,16,4,20,22,20,17,12,17,16,27,22,28,31,14,19,19,27,32,13,17,7,24,18,10,17,22,19,25,16,18,19,18,15,10,14,20,13,15,18,8,21,12,19,16,15,16
Usp32,48,21,29,87,65,54,55,72,70,66,68,70,60,51,69,60,67,70,52,43,19,92,53,32,50,61,41,61,78,74,56,41,59,33,63,55,38,42,46,43,77,54,41,35,47,55
Usp33,37,17,24,42,46,32,31,33,43,36,32,61,26,29,34,37,42,19,50,33,21,59,58,22,32,27,22,29,46,37,30,26,36,11,35,20,25,28,26,19,27,24,28,14,16,18
Usp34,13,7,18,29,15,21,26,17,21,17,17,20,18,19,28,21,20,34,31,16,8,28,22,7,24,23,13,10,20,23,11,10,8,7,21,6,11,21,16,6,19,13,11,9,12,13
Usp35,2,1,3,9,4,3,3,6,7,10,3,6,7,4,4,4,8,5,4,5,1,8,2,2,2,4,5,2,3,4,1,3,4,2,6,6,5,1,3,3,4,2,4,3,3,2
Usp36,13,9,9,10,8,13,17,11,9,9,20,30,12,11,10,21,18,21,5,10,0,21,8,11,9,9,9,10,10,12,8,2,4,4,6,0,4,5,6,5,12,1,6,0,6,8
Usp37,11,7,15,11,14,17,21,13,16,18,19,17,17,12,10,11,24,23,15,12,5,21,19,11,13,8,12,10,18,15,12,17,18,9,20,10,13,12,14,8,15,20,16,10,15,14
Usp38,73,54,78,122,66,66,100,87,128,82,113,121,118,103,115,79,104,99,57,84,38,109,96,68,139,72,66,101,106,105,96,80,66,50,81,79,69,81,97,53,115,96,84,54,60,73
Usp39,53,27,39,59,39,39,50,45,92,45,44,100,62,54,52,61,56,48,38,46,14,51,72,34,55,57,33,64,56,69,42,34,45,44,45,25,35,64,26,31,73,49,47,18,37,34
Usp4,300,151,203,351,242,231,253,244,301,241,340,325,292,225,251,361,317,288,267,245,108,378,237,186,248,263,254,270,311,260,277,202,239,234,269,266,210,208,270,149,372,263,264,218,242,220
Usp40,28,9,16,19,12,25,24,21,30,20,22,30,21,33,25,28,22,30,12,20,7,23,29,13,14,17,20,28,32,23,14,10,18,4,22,15,16,18,18,4,28,20,15,9,11,19
Usp42,18,8,8,23,9,17,16,14,13,9,11,23,11,10,9,9,11,15,12,16,3,14,11,6,13,9,13,7,18,8,11,9,13,6,15,6,6,13,10,4,17,7,10,6,13,8
Usp45,27,17,24,32,22,20,40,27,43,28,30,31,28,28,34,30,31,45,30,21,10,47,31,23,25,23,19,32,30,27,28,20,28,15,23,23,23,39,25,18,25,26,20,19,16,25
Usp46,22,14,26,37,25,18,27,35,28,29,23,22,29,25,20,32,28,39,22,31,16,44,39,24,24,32,26,39,40,17,18,20,21,11,30,20,15,26,25,13,41,20,20,7,19,18
Usp47,143,61,103,175,112,135,167,147,167,127,173,153,156,154,184,178,148,182,155,159,59,184,183,100,129,127,112,141,159,181,131,100,121,76,106,113,122,152,133,79,179,131,116,98,95,103
Usp48,46,13,39,61,36,35,44,51,42,47,49,47,33,39,39,53,57,59,43,45,13,71,37,37,23,30,43,38,50,33,44,32,30,35,35,22,26,40,38,26,32,38,35,25,36,26
Usp49,5,1,4,4,1,2,3,4,3,0,5,4,1,2,1,3,5,4,0,2,0,5,3,1,5,2,2,2,6,1,1,0,4,1,3,2,1,3,1,3,5,2,1,1,2,2
Usp5,227,77,164,267,140,184,204,182,267,171,294,286,185,170,222,251,233,240,206,165,66,247,192,113,186,200,175,219,254,222,193,146,190,133,186,204,152,188,202,112,282,185,196,130,182,168
Usp53,2,0,0,4,1,2,2,0,3,0,1,0,0,2,6,0,0,3,0,1,1,3,0,1,1,1,2,2,0,4,1,0,2,0,1,0,0,1,0,2,0,2,0,0,0,1
Usp54,10,1,6,5,9,7,9,8,4,5,10,9,4,8,12,9,7,17,12,8,1,14,9,7,8,6,4,7,16,9,8,2,8,4,10,1,3,14,13,5,10,6,9,10,8,8
Usp6nl,26,10,38,41,22,31,33,18,34,21,41,42,30,29,45,40,39,26,17,29,8,34,31,9,20,29,29,27,36,32,13,20,27,20,21,24,26,19,30,16,29,33,30,18,34,26
Usp7,74,30,58,98,47,74,74,53,127,62,82,98,71,64,82,74,102,86,69,65,39,117,81,58,39,95,48,63,88,89,65,54,61,44,58,61,56,62,59,32,85,57,63,43,69,61
Usp8,85,36,58,122,72,77,95,83,96,81,98,125,71,88,96,119,96,109,76,85,26,105,105,80,74,79,62,91,134,105,64,74,62,64,87,84,62,92,90,47,111,115,96,57,75,76
Uspl1,50,31,60,63,64,53,59,62,84,70,62,97,58,46,66,70,67,72,41,69,18,94,55,40,43,47,57,47,64,53,61,35,51,42,39,40,47,44,47,19,88,59,63,44,42,40
Ust,3,3,0,8,4,2,5,3,3,3,4,4,2,1,2,2,3,5,1,2,0,5,5,1,3,2,2,2,3,3,4,4,3,3,1,2,8,2,3,1,1,0,1,3,0,1
Utp11l,144,84,127,205,148,167,155,155,192,114,191,195,153,105,168,201,208,182,144,139,67,217,150,106,130,134,153,149,165,162,111,126,153,78,135,134,119,117,137,82,173,112,135,136,103,121
Utp14a,34,16,36,51,34,36,44,33,38,27,43,59,42,40,39,45,52,61,33,25,11,59,34,26,36,33,37,44,31,24,32,26,31,16,25,20,30,39,28,21,47,28,24,27,28,28
Utp14b,1,1,3,4,3,3,1,5,7,4,0,9,5,6,3,1,1,4,4,3,0,5,7,4,5,3,5,7,6,4,1,3,1,3,6,3,4,3,4,2,7,2,2,3,2,0
Utp15,6,6,10,11,7,3,10,13,10,3,11,15,16,6,9,8,8,16,6,7,6,14,12,6,16,9,13,8,9,5,6,10,6,2,9,4,9,7,6,2,8,10,12,4,9,7
Utp18,15,9,5,16,11,8,5,8,20,17,5,25,11,20,14,17,17,15,21,9,6,25,11,15,6,8,14,22,9,20,17,12,12,9,7,6,9,26,14,4,16,14,10,7,8,11
Utp20,33,43,39,65,45,49,64,57,69,46,60,86,58,59,67,69,97,88,44,41,21,115,68,42,41,44,69,48,51,62,54,35,53,31,44,41,36,50,55,36,84,52,50,38,47,55
Utp23,6,0,6,12,9,3,11,7,7,6,8,14,8,11,13,12,7,12,8,4,4,5,7,9,11,9,11,7,11,8,9,5,7,7,9,5,4,7,8,4,6,13,8,12,2,13
Utp3,87,57,108,199,101,104,126,107,163,110,149,140,161,109,140,149,169,119,107,111,42,180,159,85,134,107,102,120,154,139,95,86,119,54,120,104,109,112,107,68,171,113,109,84,120,115
Utp6,37,12,31,49,23,32,26,25,54,35,45,61,38,31,30,40,38,33,39,41,8,38,44,36,37,37,36,37,52,41,25,35,31,25,50,28,21,26,38,19,61,28,49,34,33,39
Utrn,16,5,11,23,29,10,15,23,19,27,26,21,23,20,22,23,18,37,17,17,7,31,21,8,15,19,22,11,22,19,12,8,21,9,17,16,15,15,17,8,17,16,14,12,9,13
Uty,5,0,2,4,5,5,3,4,3,1,4,7,2,3,7,5,2,4,5,2,0,3,3,2,1,1,2,2,4,2,3,1,2,0,0,2,2,4,1,2,1,3,4,3,4,1
Uvrag,93,45,73,149,94,90,116,97,106,83,115,112,96,98,107,153,149,96,120,98,45,135,120,82,106,102,97,135,100,119,89,68,97,66,107,112,85,122,116,74,161,125,120,86,99,99
Uvssa,9,5,9,8,8,7,4,9,10,18,17,19,8,6,7,10,7,14,5,6,1,15,8,3,9,15,4,8,12,5,4,5,11,3,3,2,8,4,2,2,6,9,7,8,3,4
Uxt,81,44,82,141,105,104,111,118,142,114,109,145,119,126,140,141,137,194,110,139,33,192,89,95,147,119,103,129,165,175,123,78,113,59,152,80,118,120,120,88,169,155,164,74,137,138
Vac14,160,84,154,197,107,121,219,217,145,123,134,153,144,110,162,198,201,148,97,114,33,137,214,144,152,140,124,173,176,180,127,155,156,131,196,185,165,196,164,83,212,144,176,105,121,141
Vamp1,9,8,17,33,7,15,13,18,20,11,23,29,14,20,30,14,14,18,15,10,5,21,15,13,13,14,11,16,11,16,11,12,7,9,16,12,7,9,15,3,13,9,11,10,8,11
Vamp2,102,49,80,110,49,64,108,70,98,95,103,139,84,95,118,129,101,140,72,102,31,170,95,54,87,108,54,105,101,101,62,70,85,61,59,56,66,83,79,62,117,80,53,60,69,89
Vamp3,38,8,26,27,21,23,39,23,48,30,31,40,25,23,33,25,36,51,43,25,7,52,26,12,31,35,24,26,39,27,25,11,30,15,27,22,14,26,19,19,23,12,25,14,18,17
Vamp4,3,0,0,3,2,0,4,3,2,3,2,1,0,6,2,0,0,4,6,3,0,1,0,2,0,2,1,2,1,3,1,1,2,0,0,5,2,0,2,0,1,3,0,0,1,1
Vamp5,13,6,10,19,18,7,23,7,11,10,19,14,15,8,9,10,10,13,17,12,4,21,19,7,15,12,11,17,18,13,9,8,13,9,13,16,9,11,16,7,15,7,14,8,5,7
Vamp8,837,454,804,1275,794,922,937,963,1178,857,1194,1182,891,910,1035,1152,1146,1308,862,764,384,1673,1087,622,919,937,784,943,1296,1009,936,656,812,660,878,815,795,870,841,565,1220,929,833,650,866,854
Vangl1,11,6,13,24,23,7,19,28,28,14,19,19,27,15,16,24,22,33,13,15,10,27,18,7,21,27,12,18,23,22,20,11,13,11,13,10,14,16,14,10,27,10,25,10,6,21
Vapa,149,70,165,198,108,119,161,120,187,172,158,232,152,166,193,192,187,273,174,146,52,209,164,128,143,159,159,201,236,170,115,124,140,89,151,85,89,155,140,100,179,155,165,73,128,172
Vapb,7,2,9,5,13,3,2,10,9,10,8,15,7,16,9,8,10,9,8,8,2,11,9,5,4,5,11,15,11,12,7,7,9,6,5,6,2,4,8,4,6,9,7,4,8,9
Vars,127,83,119,188,127,129,119,135,169,123,194,231,156,99,147,173,150,242,144,113,36,219,114,91,103,108,136,134,119,133,155,105,118,95,111,103,97,99,102,79,158,130,94,108,71,83
Vars2,61,35,67,117,49,46,95,81,66,66,106,119,66,62,81,94,95,106,71,74,18,87,69,53,77,63,59,80,75,68,74,59,65,48,79,76,51,63,66,45,86,82,57,69,50,56
Vash1,9,2,4,4,6,8,9,9,21,12,6,6,7,7,12,11,13,16,13,6,2,7,7,3,11,7,6,5,18,9,16,10,6,7,8,10,9,13,6,4,10,3,11,5,4,6
Vasn,61,50,60,66,34,49,52,49,72,55,52,150,43,52,50,39,55,57,44,64,14,61,62,25,40,43,49,47,42,26,37,32,31,28,42,29,27,44,49,31,63,28,30,34,27,41
Vasp,90,54,69,148,60,38,112,100,98,61,113,121,108,65,92,80,119,143,55,59,38,130,94,63,83,65,102,72,82,88,193,57,78,81,63,71,48,86,64,45,89,76,61,55,67,69
Vat1,32,17,24,45,28,30,37,28,44,25,39,41,27,16,42,43,39,56,34,31,12,56,41,23,31,33,20,41,24,36,41,34,37,39,45,35,33,38,26,16,44,22,29,31,33,32
Vbp1,17,11,25,35,28,25,28,28,23,36,26,41,23,27,26,37,20,40,30,16,21,51,50,14,28,25,29,28,43,37,24,14,25,12,20,17,32,36,20,18,21,30,23,21,20,27
Vcam1,11,7,13,34,21,9,21,15,17,5,15,32,13,11,13,15,9,47,12,11,10,65,16,4,10,9,12,20,16,8,34,5,8,10,10,7,11,7,11,3,9,7,16,5,7,15
Vcl,32,18,33,43,47,36,32,45,44,42,32,62,34,29,38,33,37,81,38,37,17,72,54,29,38,33,32,47,44,45,40,32,35,12,36,35,38,39,29,23,59,33,35,24,24,37
Vcp,1473,638,1100,1669,1264,1371,1494,1478,1638,1110,1657,1637,1357,1184,1422,1844,1759,2174,1246,1343,570,2091,1714,922,1329,1352,1224,1497,1720,1533,1786,1140,1195,1005,1528,1438,1233,1422,1574,862,1910,1374,1430,1131,1216,1130
Vcpip1,4,1,3,5,2,3,1,1,5,8,2,3,5,0,3,3,8,5,3,3,1,5,8,1,6,6,1,4,6,8,3,2,6,1,4,5,8,4,2,2,10,11,3,3,4,1
Vcpkmt,6,1,7,10,10,5,7,12,16,6,5,13,9,3,9,4,7,18,8,9,2,19,17,8,11,11,8,5,19,8,14,9,9,11,4,8,11,3,10,2,12,13,9,8,6,8
Vdac1,466,234,430,676,498,387,539,522,649,528,484,506,526,514,586,665,535,666,564,467,192,792,731,405,474,554,424,571,700,580,492,331,483,314,532,498,423,489,454,341,650,538,520,434,428,489
Vdac2,266,141,257,392,296,279,406,350,429,346,342,423,353,351,426,354,432,594,360,341,161,661,516,249,392,342,284,412,501,427,365,248,353,163,345,307,298,343,314,224,439,348,349,209,304,317
Vdac3,99,35,67,111,95,75,118,94,156,97,86,159,106,109,110,89,125,202,119,94,45,198,153,39,117,129,101,129,172,132,92,68,105,50,106,87,109,114,110,65,141,101,110,56,78,115
Vdr,0,0,0,0,1,0,0,1,0,0,2,0,2,0,1,0,0,1,1,0,1,3,0,0,0,1,0,0,2,0,8,1,0,0,0,0,0,0,1,0,0,0,0,1,0,0
Vegfa,494,237,401,739,356,397,553,494,635,553,545,767,356,403,498,486,560,483,527,381,145,575,572,389,464,412,423,528,653,418,299,357,476,332,377,424,357,432,408,259,574,412,475,296,366,366
Vegfb,359,151,255,409,267,275,339,344,382,316,353,340,306,288,360,542,462,304,383,294,164,380,444,264,284,349,274,369,495,376,272,248,342,233,405,356,268,366,347,196,403,269,372,266,297,296
Vegfc,6,4,6,14,13,7,8,6,12,13,14,3,16,8,14,15,16,18,7,6,5,16,11,8,4,10,6,6,15,4,9,12,10,14,9,10,9,4,9,4,10,12,7,5,0,5
Veph1,4,0,0,0,2,3,6,3,3,2,1,2,1,1,0,3,0,2,1,1,1,0,1,1,1,1,2,1,0,2,1,0,1,1,0,0,0,3,1,0,2,1,1,1,0,1
Vezf1,33,17,25,51,24,25,36,25,38,28,34,37,34,32,41,49,28,25,26,15,12,36,37,25,36,30,29,23,29,37,33,21,24,23,25,28,21,27,12,16,40,36,26,17,12,20
Vgll4,75,28,65,54,51,59,93,55,70,42,77,63,49,32,45,71,72,51,34,48,24,48,58,32,36,41,58,64,48,58,39,33,27,27,30,34,16,32,20,12,36,21,51,24,29,28
Vhl,22,29,33,53,39,48,39,36,61,39,46,46,42,46,61,45,36,29,45,26,13,34,57,33,37,34,41,37,48,40,31,34,30,23,50,29,39,47,47,22,49,50,33,32,36,38
Vil1,9,7,9,28,7,5,16,17,7,3,12,14,2,9,0,6,5,4,6,6,3,3,10,3,4,12,7,7,13,9,4,1,8,5,7,1,1,7,2,1,10,1,4,1,2,5
Vill,6,8,13,27,21,6,13,11,24,7,8,29,13,8,7,6,10,32,6,8,1,7,10,5,7,10,7,11,7,7,21,5,12,14,6,9,3,14,10,9,10,10,10,3,2,6
Vim,108,48,86,235,131,98,195,156,113,116,169,117,197,76,139,93,151,243,125,72,59,167,177,74,96,127,88,202,167,143,370,89,84,96,91,84,104,134,97,57,132,81,108,61,72,144
Vimp,484,247,342,574,485,448,405,390,750,398,489,899,407,357,443,710,612,950,354,417,207,889,507,251,347,456,449,460,511,453,405,286,356,265,404,304,385,348,376,183,619,302,328,247,274,308
Vipas39,28,11,23,35,36,35,35,44,42,38,39,45,42,37,46,38,35,53,23,35,7,55,33,23,33,31,28,30,42,42,33,21,29,20,43,31,32,38,39,19,38,39,36,24,31,38
Vipr1,108,46,91,157,77,89,142,96,111,117,157,141,133,107,142,137,163,127,107,63,42,197,128,64,119,81,86,79,105,78,33,58,81,61,64,79,69,123,78,40,128,67,76,68,62,61
Vkorc1,1103,496,923,1520,603,1073,1069,948,1691,1226,1292,1567,1179,1095,1306,1734,1717,1280,1187,1093,380,1729,1272,733,1197,999,1109,1470,1598,1408,777,771,995,650,1154,1042,994,1147,1274,704,1532,1162,1164,760,842,1052
Vkorc1l1,23,9,23,49,41,28,42,33,51,28,39,44,31,21,36,40,40,71,32,33,23,43,34,21,31,30,27,40,47,46,29,25,32,13,33,32,37,22,24,19,54,26,32,27,19,26
Vma21,88,31,83,90,70,66,92,82,95,74,89,107,91,75,81,85,93,64,72,72,37,94,112,69,82,92,57,81,96,86,84,66,96,76,86,80,80,69,83,46,113,84,85,91,70,61
Vmac,82,46,73,106,60,70,70,87,119,86,125,112,91,77,109,120,123,147,78,80,35,135,83,53,75,74,65,97,103,84,78,63,101,78,90,78,72,67,113,56,93,62,78,65,75,66
Vmn2r29,3,5,5,2,5,1,4,6,6,3,4,4,3,3,8,8,4,7,5,8,3,4,5,4,4,4,5,7,2,3,2,5,1,3,6,2,0,4,7,2,8,2,2,2,2,0
Vmo1,57,22,45,48,23,33,37,45,55,34,64,79,49,36,62,54,41,33,44,61,13,22,62,21,42,36,46,54,54,49,26,36,44,34,60,48,36,39,44,23,43,39,46,36,40,37
Vmp1,340,169,352,486,575,320,477,436,874,398,510,719,451,480,497,479,456,718,646,349,209,724,645,275,567,470,482,492,433,470,435,325,614,274,489,446,341,504,401,286,834,467,408,298,352,369
Vnn1,137,61,141,232,74,126,101,94,62,127,290,113,109,102,221,316,453,154,164,178,105,82,143,85,72,75,58,213,121,248,180,184,247,101,204,243,115,116,182,73,180,129,204,168,191,151
Vnn3,605,355,565,1045,1316,583,949,880,1616,664,957,1205,749,650,861,732,1031,937,698,722,296,959,895,553,644,698,689,784,1014,779,914,598,800,627,711,845,631,737,831,437,710,596,668,678,744,695
Vopp1,7,4,7,12,15,8,15,12,10,4,10,20,10,11,11,11,10,20,13,12,3,18,11,2,11,13,15,10,4,13,11,5,7,7,8,6,7,6,9,7,6,6,5,9,9,8
Vprbp,99,54,96,136,90,95,127,80,137,81,137,133,82,69,94,106,120,120,108,80,25,128,84,63,102,87,74,99,107,84,75,72,84,45,77,73,61,76,68,43,104,77,82,63,73,90
Vpreb1,2,0,5,1,2,1,2,1,2,1,2,1,6,0,2,4,1,0,4,3,0,1,2,1,6,0,0,3,2,3,2,4,5,1,2,1,0,2,1,2,3,2,3,2,4,1
Vpreb3,14,3,9,9,5,8,7,9,6,18,20,6,4,8,14,17,29,5,21,2,6,15,7,6,4,6,15,11,22,9,5,5,5,4,9,3,5,15,3,3,6,6,9,7,11,10
Vps11,136,56,111,175,92,106,132,131,150,85,137,161,134,120,129,167,141,177,139,104,28,240,137,91,102,117,108,98,137,123,127,77,102,84,127,112,94,105,131,67,143,109,130,86,118,117
Vps13a,30,20,27,54,31,28,43,30,46,41,40,44,27,39,46,49,50,55,34,28,21,90,41,25,25,47,25,28,42,43,25,18,28,10,28,28,30,26,33,18,38,38,26,9,20,24
Vps13b,26,14,19,46,43,30,29,41,65,37,44,52,44,34,26,37,40,73,37,32,14,62,47,25,35,44,24,34,42,48,29,22,28,15,30,35,35,37,47,27,61,33,34,24,18,35
Vps13c,13,7,6,12,10,7,12,9,8,8,9,15,8,8,10,7,7,13,13,8,3,10,8,4,8,4,15,10,21,8,6,2,7,17,6,7,7,9,9,4,11,9,5,6,7,6
Vps13d,129,63,107,178,84,95,134,104,148,95,150,122,101,99,134,167,177,157,116,84,46,148,143,71,99,122,110,117,128,112,98,93,122,89,121,105,93,96,121,81,166,136,94,90,85,116
Vps16,147,80,175,238,139,150,213,187,182,138,215,213,175,148,147,194,205,233,147,117,64,271,173,115,161,157,138,152,189,168,149,98,158,132,164,147,141,150,141,81,201,140,146,143,128,119
Vps18,66,26,45,96,37,70,94,54,58,58,84,77,79,56,82,91,69,65,40,53,18,57,99,53,85,86,43,71,79,82,52,59,69,59,71,102,78,75,73,41,105,68,89,58,63,63
Vps25,405,185,345,532,219,346,466,380,487,399,452,540,370,359,433,441,445,545,380,375,112,502,505,282,414,319,363,472,485,411,405,321,356,298,412,354,288,375,421,238,472,420,339,267,322,336
Vps26a,145,87,151,256,141,171,191,194,203,195,255,246,223,180,193,232,226,243,154,144,62,255,185,142,169,163,166,187,229,216,143,143,178,140,198,184,136,187,189,123,243,183,191,157,181,187
Vps26b,23,12,15,38,16,25,32,15,20,22,39,35,27,17,36,35,24,23,30,20,6,39,25,12,13,24,21,22,21,20,15,21,14,16,19,18,16,18,18,14,33,23,27,12,15,16
Vps28,509,257,530,721,663,575,733,682,731,654,794,929,623,556,637,652,691,664,598,605,218,850,595,421,602,684,704,624,886,734,682,378,485,453,619,495,449,647,527,398,789,546,656,438,505,474
Vps29,126,56,110,193,162,138,187,151,227,147,162,229,153,178,170,171,205,241,141,119,65,251,233,130,180,160,137,153,209,181,136,125,158,102,164,144,141,143,164,93,231,165,171,116,146,165
Vps33a,13,7,13,22,4,18,10,13,21,13,16,17,9,12,17,20,17,22,13,10,7,30,14,9,17,11,17,17,14,9,14,9,14,6,16,6,12,18,14,12,23,3,15,9,17,17
Vps33b,16,7,10,21,11,10,21,16,15,12,21,24,16,19,19,15,19,23,13,16,7,24,9,14,18,14,13,20,17,25,22,13,22,13,14,15,20,10,15,8,24,14,20,14,15,9
Vps35,43,21,38,67,36,34,51,31,59,47,59,66,30,34,58,52,49,62,46,34,9,62,71,24,45,54,42,67,63,47,33,31,51,8,42,44,33,48,33,21,34,33,59,29,28,57
Vps36,90,38,75,130,125,105,137,122,129,89,115,137,112,94,105,127,124,230,102,100,61,135,157,88,118,106,104,88,110,129,109,77,109,65,82,100,76,98,96,54,132,102,88,66,69,94
Vps37a,28,11,23,46,21,26,41,29,50,41,42,50,37,32,38,60,40,27,48,33,9,42,47,22,53,34,24,36,60,43,19,32,31,17,39,30,27,33,37,26,36,47,36,21,22,28
Vps37b,113,73,127,193,84,133,116,118,162,101,174,167,147,121,163,135,120,150,110,107,45,172,124,78,112,98,114,81,153,111,119,75,91,86,77,76,82,109,87,54,109,119,86,61,87,96
Vps37c,72,48,45,74,37,46,74,76,88,49,71,132,59,55,58,84,82,109,60,53,20,133,77,26,49,49,47,62,51,57,62,60,53,49,58,50,44,70,63,43,74,71,48,41,54,60
Vps37d,2,2,8,12,4,3,6,7,5,5,7,1,2,3,2,9,5,10,13,3,1,5,8,4,8,8,4,7,6,8,2,4,2,3,7,5,6,8,3,3,10,7,9,7,5,6
Vps39,47,24,28,75,43,32,51,53,55,41,67,71,50,40,49,65,54,64,44,43,11,67,51,31,45,59,47,45,38,66,62,32,55,37,32,32,40,46,36,27,56,30,52,30,40,41
Vps41,139,67,145,208,122,150,203,162,164,125,194,173,169,140,181,189,215,236,164,137,69,222,185,92,147,164,136,171,218,221,134,118,174,126,177,137,174,157,158,100,217,160,150,130,153,150
Vps45,29,6,19,27,25,30,42,28,42,30,50,28,13,20,37,33,28,39,30,33,6,29,42,23,30,21,34,29,46,38,36,21,24,37,33,23,18,30,21,18,42,30,26,23,35,25
Vps4a,89,39,99,111,81,106,94,86,112,94,128,133,109,88,86,95,110,135,71,67,38,163,107,65,80,100,89,98,136,97,87,79,78,57,77,67,65,99,100,52,127,63,73,59,80,72
Vps4b,72,39,61,105,94,87,74,69,96,80,96,109,74,82,104,85,94,132,72,84,30,119,112,66,72,80,79,88,108,108,77,60,86,38,49,89,60,55,80,52,111,55,63,56,65,68
Vps51,68,41,52,89,58,57,68,87,86,56,95,81,64,71,43,74,68,74,56,62,16,78,61,54,64,73,69,63,78,79,77,47,55,59,58,55,56,53,62,35,82,60,52,60,72,58
Vps52,59,32,48,79,48,59,62,66,69,63,78,89,41,54,53,85,84,67,85,71,16,53,71,44,63,63,62,67,70,75,66,41,77,46,67,79,54,60,72,45,101,59,71,55,73,63
Vps53,147,71,140,208,131,138,175,190,205,161,220,226,193,140,177,236,223,217,168,123,65,244,188,140,198,211,170,156,228,174,196,120,184,133,170,171,154,178,168,106,222,170,130,150,120,149
Vps54,62,37,37,74,59,47,76,63,56,72,63,61,77,40,55,78,58,85,78,66,23,91,85,34,53,42,62,59,79,52,56,36,64,27,50,57,49,46,62,24,68,55,52,36,55,60
Vps72,84,44,71,129,46,65,96,77,83,79,103,93,67,71,78,123,96,62,83,78,17,87,74,45,69,93,83,81,96,100,52,56,74,64,66,79,48,85,78,46,81,69,60,57,65,63
Vps8,34,12,22,51,25,25,30,34,41,33,32,45,31,28,22,42,54,63,30,33,9,44,37,29,32,32,26,36,40,42,38,22,28,17,33,25,21,38,23,20,57,37,24,24,35,25
Vps9d1,71,36,95,110,81,69,117,90,106,83,111,88,96,105,82,94,94,100,68,69,26,130,89,66,82,94,70,107,110,94,81,64,82,60,60,82,64,98,92,61,101,64,89,89,92,89
Vrk1,1,1,4,3,1,1,2,6,6,4,3,6,6,1,2,7,4,10,1,4,1,3,4,3,8,2,5,3,6,2,5,4,2,3,2,1,3,6,1,3,8,2,5,2,6,5
Vrk2,13,12,16,21,16,17,25,26,16,17,16,20,23,10,17,24,22,26,18,15,13,30,23,16,24,11,12,13,28,19,18,11,17,15,24,14,19,24,18,10,15,17,20,14,13,14
Vrk3,147,81,153,224,165,172,220,186,197,150,196,194,155,153,185,240,248,294,141,140,64,265,218,101,156,153,146,158,193,168,165,123,179,136,187,165,138,155,158,112,236,134,153,137,152,149
Vsig10,2,0,1,3,5,2,9,2,7,4,3,5,5,3,5,3,7,10,7,1,1,3,7,2,3,3,5,0,4,4,4,3,3,5,1,0,0,3,1,2,5,1,1,2,2,2
Vsig10l,1,1,2,2,1,5,3,6,4,1,6,5,5,3,6,1,5,3,2,4,0,5,3,1,4,5,1,4,1,2,0,2,5,7,1,0,2,1,2,2,6,2,1,2,0,4
Vsig2,1,2,2,4,2,1,1,6,6,5,5,9,3,1,5,2,7,3,2,1,1,9,3,2,2,2,3,5,7,1,2,4,1,1,0,1,4,1,3,2,3,1,3,5,1,4
Vsig4,26,21,34,67,53,42,86,100,62,26,80,68,31,53,63,35,44,50,34,37,32,69,72,28,46,39,55,20,47,60,42,23,29,25,21,38,25,42,25,15,33,33,31,36,17,31
Vstm4,3,4,6,12,6,10,9,7,8,8,14,14,9,9,11,16,17,13,12,6,5,14,3,6,7,7,7,5,20,10,3,4,6,5,6,5,8,6,5,4,7,8,6,4,3,10
Vta1,88,49,72,131,82,88,127,98,131,80,93,137,110,103,106,80,121,167,107,94,34,153,128,76,103,87,92,96,139,106,121,75,86,56,103,93,80,116,114,78,131,88,104,87,85,93
Vtcn1,0,0,1,1,6,0,2,0,1,1,1,0,2,0,1,0,2,1,1,0,0,0,1,1,1,2,0,1,1,0,1,0,2,0,0,0,0,1,0,1,0,0,0,2,0,5
Vti1a,12,7,24,17,17,19,14,12,22,26,19,22,23,12,25,17,29,40,17,23,11,23,16,19,20,37,24,20,32,20,18,10,18,13,19,15,18,19,18,16,32,23,16,14,12,21
Vti1b,141,73,132,193,157,187,141,168,261,169,165,180,192,179,202,214,219,233,155,165,74,293,256,126,194,186,133,236,265,202,196,127,156,128,213,161,185,170,188,123,229,178,186,135,145,129
Vtn,13429,6945,16175,20477,18241,14861,15452,13288,31282,13184,19292,26428,12670,14704,16657,17833,17938,7683,13176,15788,5260,11104,15888,10588,18321,17733,20364,15550,19813,18649,10060,9561,13749,8812,15110,11722,11622,13525,14084,9627,20200,14899,14000,11953,12958,13023
Vwa1,5,2,0,2,4,7,3,4,2,3,9,10,8,5,3,3,6,5,2,3,1,6,2,5,4,3,2,6,3,7,1,1,2,1,2,7,3,6,3,2,2,7,3,2,0,1
Vwa5a,58,26,54,96,70,67,51,58,105,49,77,91,81,50,78,55,81,92,53,61,29,57,58,38,69,56,44,60,83,66,84,34,64,30,61,51,49,59,63,40,69,52,80,46,57,39
Vwa8,218,106,240,354,164,297,236,212,223,258,372,226,258,241,364,329,401,388,237,252,118,407,290,175,237,249,217,294,383,367,274,196,285,160,308,318,194,282,304,178,380,216,277,229,220,240
Vwa9,42,17,28,44,33,32,46,33,44,40,40,48,48,32,53,52,53,49,45,42,14,42,46,34,48,31,30,46,42,32,32,22,42,37,37,32,40,31,40,25,59,42,50,31,23,36
Vwce,140,80,147,240,148,133,186,171,184,133,182,169,155,164,176,210,189,157,170,107,50,243,203,102,146,160,134,129,179,150,111,120,151,67,140,147,94,145,151,90,190,111,127,90,117,141
Vwf,15,8,12,29,13,23,32,30,20,26,24,31,24,24,20,28,28,17,21,11,10,32,29,13,31,26,23,34,17,30,20,19,17,18,18,9,10,23,28,9,40,24,18,20,27,21
Wapal,18,15,17,48,20,22,36,11,27,39,29,46,31,30,31,34,37,18,30,40,6,15,41,30,31,28,30,37,38,33,6,22,30,16,36,22,32,32,30,13,41,39,26,19,31,24
Wars,105,53,83,110,95,86,139,127,189,117,131,212,77,95,120,118,89,175,97,120,37,130,111,72,98,89,118,113,124,132,351,77,109,80,100,93,86,122,97,65,146,104,114,70,93,71
Was,9,10,15,33,15,18,15,29,17,5,19,16,12,7,22,7,18,27,15,15,9,21,5,12,12,15,14,10,22,25,55,12,15,18,8,7,8,11,9,9,5,15,13,8,5,9
Wasf1,1,3,1,5,0,1,1,3,3,9,7,8,2,3,1,6,2,2,7,4,2,5,7,1,2,1,3,4,1,2,0,6,2,4,2,1,3,1,4,1,3,4,3,2,3,1
Wasf2,3,2,7,6,5,2,2,2,3,3,8,2,1,3,5,5,9,7,4,5,1,2,0,4,3,2,5,2,4,3,6,2,2,4,1,1,2,2,2,3,5,0,1,0,1,3
Wash1,10,3,0,14,6,5,11,5,8,3,10,9,6,2,6,8,4,10,3,3,2,9,8,4,10,8,4,9,8,7,5,2,6,12,5,4,2,4,6,5,9,3,3,4,4,4
Wasl,182,55,103,185,188,135,126,125,162,144,174,207,137,134,135,196,193,258,132,150,67,270,165,92,85,102,154,123,161,166,95,87,121,61,98,78,97,105,112,64,186,119,124,58,84,95
Wbp1,291,146,290,449,317,331,397,433,408,341,385,414,366,310,382,308,365,291,343,340,160,368,446,267,434,401,365,437,456,429,379,310,451,299,426,363,292,426,451,243,585,437,372,312,407,342
Wbp11,136,90,147,263,143,152,160,184,246,176,190,221,202,159,188,179,183,225,185,150,72,266,197,106,190,193,169,193,195,203,146,135,144,111,177,155,158,171,140,97,249,163,167,119,132,137
Wbp1l,841,396,712,1238,643,823,784,732,1237,784,1101,971,1198,1031,1032,1199,991,1211,740,618,267,1425,929,613,724,804,754,793,1037,820,743,635,830,648,871,767,663,701,822,511,1121,786,765,578,695,729
Wbp2,701,355,580,945,554,752,698,734,859,750,785,894,797,678,701,959,809,805,671,673,255,940,891,486,727,709,670,822,1010,817,503,594,670,528,828,696,590,800,686,572,1049,893,770,488,748,748
Wbp4,9,3,3,12,4,10,8,8,11,9,10,7,7,9,15,7,6,15,10,6,4,8,12,8,11,12,12,12,10,9,6,3,7,0,11,11,13,6,8,6,6,14,7,7,4,9
Wbp5,132,76,107,265,206,154,218,168,189,176,225,265,148,101,170,256,243,442,141,139,67,336,186,59,119,123,113,144,157,136,120,67,114,81,135,94,112,116,107,53,170,100,96,81,82,92
Wbscr16,89,44,92,107,72,91,87,92,107,107,120,123,94,82,113,133,137,176,100,85,26,179,101,58,90,85,93,79,104,101,94,66,93,81,103,87,68,86,102,46,143,83,101,73,81,75
Wbscr22,220,90,190,270,156,211,267,218,330,241,284,390,233,191,226,230,253,330,194,188,96,311,266,142,233,172,203,231,248,228,181,158,232,165,227,198,195,214,215,128,311,243,221,186,174,178
Wbscr27,34,7,10,48,25,27,30,28,34,29,37,19,16,19,16,58,49,42,32,22,9,69,26,11,26,27,22,41,33,28,25,20,26,20,27,40,19,29,23,26,47,22,21,21,15,24
Wdfy1,16,12,25,33,22,31,33,15,31,25,29,32,39,35,35,25,29,41,34,21,13,40,21,15,27,22,25,23,44,28,16,24,21,7,31,22,28,36,28,18,37,20,19,15,30,23
Wdfy3,70,36,55,117,86,53,84,70,103,66,97,88,95,58,91,86,101,138,93,56,48,148,102,58,65,92,53,84,92,106,74,56,75,51,69,77,61,73,85,39,109,69,58,71,62,63
Wdfy4,6,5,5,15,7,10,15,19,9,5,19,6,9,3,13,13,9,18,8,7,4,22,9,5,10,3,10,7,5,12,30,6,6,9,7,14,7,16,7,6,10,11,8,4,9,5
Wdhd1,2,4,1,5,6,2,8,5,2,2,5,9,4,5,5,5,5,16,3,4,1,12,5,6,7,1,6,1,5,3,7,3,4,5,7,3,4,7,3,3,9,2,7,2,4,1
Wdpcp,10,6,3,7,6,8,5,4,8,12,12,8,15,5,12,6,6,8,6,9,3,7,8,4,13,7,5,14,11,6,13,10,8,9,7,3,5,11,5,4,12,5,11,4,2,6
Wdr1,154,68,120,201,157,118,161,170,186,178,150,206,138,139,144,151,176,355,119,147,75,283,168,89,149,121,129,147,183,140,234,92,130,114,137,130,110,137,126,101,196,164,148,96,148,149
Wdr11,88,32,96,125,106,73,110,105,161,99,105,136,114,92,100,136,131,137,93,78,61,164,129,68,103,101,100,100,152,126,106,81,104,59,103,96,106,89,112,71,158,114,106,88,103,83
Wdr12,9,2,0,7,8,5,5,12,8,7,6,10,4,6,6,10,7,7,3,6,3,15,11,4,9,10,10,14,5,5,6,4,5,2,4,5,4,4,6,4,6,7,4,2,4,2
Wdr13,48,15,28,54,46,50,55,48,60,40,41,63,34,29,44,58,59,54,40,45,21,60,59,31,42,43,43,52,52,48,29,38,42,29,43,34,33,34,30,22,67,36,40,26,31,29
Wdr18,35,17,36,39,14,39,32,41,48,30,41,50,25,39,32,37,48,36,25,38,14,35,42,19,43,25,26,49,34,44,47,47,36,38,29,47,33,39,41,30,58,42,41,36,24,37
Wdr19,7,0,7,14,9,6,13,11,12,8,14,16,5,11,6,5,11,9,14,4,2,14,6,5,12,11,9,9,9,7,5,3,4,3,12,6,4,5,5,6,11,4,7,6,7,6
Wdr20,24,12,14,29,23,22,20,17,22,26,21,38,22,22,32,20,23,23,16,31,11,47,20,8,19,19,24,18,25,18,13,19,19,13,26,19,17,20,13,14,27,20,24,14,13,13
Wdr24,91,36,78,102,75,80,113,105,124,90,107,126,111,77,108,115,115,131,91,72,29,100,105,77,83,79,80,96,100,97,84,58,102,62,112,81,57,113,94,65,122,77,100,79,86,74
Wdr25,13,5,7,22,15,13,24,14,17,13,19,26,18,5,18,21,19,14,15,12,3,17,18,12,16,18,8,15,23,22,5,11,14,11,19,12,19,17,19,13,20,23,14,15,8,14
Wdr26,20,14,24,53,36,28,43,18,48,35,57,47,34,37,29,54,32,39,40,27,12,48,34,28,25,23,28,28,44,36,12,22,31,8,20,26,20,20,17,22,37,35,22,16,24,34
Wdr3,45,28,42,65,44,25,39,39,40,28,48,64,52,25,43,46,50,55,22,24,20,76,55,22,37,32,30,24,33,51,28,23,27,21,27,33,38,26,29,23,37,32,37,44,31,24
Wdr33,20,5,5,12,4,7,5,8,9,7,8,10,4,9,4,12,6,9,6,6,0,5,10,9,4,7,5,8,8,7,4,3,5,7,4,8,7,5,5,2,9,4,6,10,3,7
Wdr34,22,10,21,30,20,23,32,18,36,23,25,46,18,20,39,24,21,47,28,14,7,50,19,12,27,20,12,25,32,23,16,16,20,7,24,20,17,18,20,11,36,11,19,19,10,27
Wdr35,11,5,14,27,11,16,16,19,24,18,20,15,17,11,14,15,20,28,12,17,8,18,19,7,13,25,12,13,16,13,18,12,14,13,15,8,14,12,14,6,15,18,22,12,14,16
Wdr36,53,23,50,85,56,54,64,52,87,58,45,75,57,54,51,45,75,109,61,46,25,88,70,37,52,50,42,51,69,58,45,38,54,30,38,46,55,47,42,31,66,29,37,41,37,32
Wdr37,31,12,28,59,29,18,36,26,38,26,41,40,43,28,44,27,35,42,28,29,11,37,53,22,37,41,21,43,35,38,28,23,33,23,27,31,26,33,32,16,38,31,45,22,30,26
Wdr4,14,7,14,17,11,15,18,10,12,11,18,21,14,17,15,24,18,26,5,15,2,23,12,13,6,11,15,10,12,18,9,4,15,14,12,9,9,9,10,11,27,9,5,5,10,13
Wdr41,46,20,60,83,36,46,61,66,62,26,56,59,45,36,57,57,80,79,65,56,25,86,73,47,56,54,51,49,53,76,76,47,60,42,46,43,55,49,50,27,79,46,50,47,50,33
Wdr43,60,53,78,111,54,60,77,55,70,48,95,121,67,64,86,78,93,123,96,50,20,154,69,45,46,59,70,49,77,88,71,52,60,56,51,59,57,50,57,38,67,78,60,55,57,57
Wdr44,2,4,5,3,3,4,5,4,3,2,7,9,6,5,9,9,4,1,4,5,1,4,5,2,3,5,4,6,4,6,3,1,7,0,1,6,4,6,4,3,6,6,5,2,6,5
Wdr45,183,89,170,246,138,197,183,145,195,183,252,179,202,184,193,326,211,242,196,166,80,256,182,103,176,183,151,185,239,248,200,150,178,118,178,185,155,190,189,110,262,203,192,144,154,167
Wdr45b,142,50,134,210,168,154,180,127,266,125,219,208,156,119,163,204,172,167,124,131,59,197,151,107,172,126,140,178,183,221,99,94,147,91,126,136,113,134,175,66,186,146,197,136,166,149
Wdr46,56,22,49,87,65,66,69,56,124,69,103,92,71,61,61,64,105,129,57,47,24,132,70,36,87,75,57,83,76,78,49,52,54,44,75,52,43,73,66,53,85,86,51,51,60,48
Wdr47,7,1,4,4,5,4,10,9,9,7,5,10,9,5,4,8,11,12,2,7,3,11,4,2,3,5,3,6,4,7,7,2,6,3,9,4,6,6,4,2,10,5,6,4,4,0
Wdr48,74,27,66,109,68,80,86,68,93,68,105,87,87,71,67,106,90,113,99,84,26,106,81,52,95,68,70,83,99,84,76,65,63,66,83,98,72,74,79,43,110,70,87,65,58,61
Wdr5,106,72,137,167,101,118,125,99,140,86,132,169,109,111,120,145,136,129,90,96,38,176,110,96,112,118,111,103,163,135,103,65,109,83,126,103,103,103,126,82,169,119,99,104,108,108
Wdr53,68,36,66,113,80,84,93,86,97,67,116,114,92,76,93,97,78,88,72,60,33,127,115,62,93,84,62,67,97,80,88,51,71,75,84,68,81,64,79,62,112,72,71,78,65,65
Wdr54,2,2,4,1,2,3,5,5,7,1,0,13,3,3,2,5,3,4,3,3,1,4,2,0,1,5,0,7,2,3,3,1,3,2,3,2,1,3,3,1,0,3,0,1,1,2
Wdr55,109,48,93,198,88,100,115,113,141,118,149,186,113,92,138,154,154,204,80,121,45,186,121,68,118,110,109,128,116,120,95,65,128,61,133,85,105,116,118,58,141,113,102,80,101,79
Wdr59,3,1,2,8,1,4,10,3,14,8,7,8,8,4,5,8,8,7,5,8,6,6,12,4,8,8,5,5,10,7,6,3,2,6,8,3,1,5,4,3,8,4,5,4,2,2
Wdr5b,4,1,6,10,7,7,10,6,10,8,8,9,4,3,7,4,4,9,6,9,5,7,5,4,8,6,6,8,6,5,7,4,6,6,2,6,12,3,2,5,7,8,8,8,6,7
Wdr6,93,44,93,122,89,77,106,102,78,83,105,69,76,75,95,133,94,112,109,102,26,120,115,66,118,92,92,85,91,73,73,67,101,76,109,107,90,101,104,60,152,78,106,67,86,82
Wdr60,9,2,9,13,10,10,11,9,11,11,12,13,9,13,13,9,8,18,9,7,3,12,10,8,10,10,2,13,8,11,9,4,9,5,7,6,7,5,9,4,10,5,7,11,10,12
Wdr61,192,65,134,232,195,166,220,189,256,201,202,243,206,205,223,232,244,257,147,180,79,299,275,125,219,215,178,234,279,254,161,126,233,111,184,169,223,170,195,114,289,178,189,135,196,197
Wdr62,10,3,12,6,8,4,8,8,7,5,13,5,7,8,12,9,10,17,8,10,2,16,6,4,6,10,8,3,11,9,24,7,5,8,6,7,6,10,8,11,16,8,11,9,6,7
Wdr7,21,10,18,20,21,27,24,25,27,16,33,34,17,16,32,28,29,21,42,23,8,26,49,17,34,21,19,28,24,32,10,26,35,15,19,21,25,29,21,15,31,24,25,17,16,15
Wdr70,23,10,14,31,16,21,22,37,33,23,26,36,25,25,32,53,29,60,38,34,12,52,22,16,27,20,30,27,25,14,28,20,20,13,25,25,14,21,21,10,21,15,22,12,12,13
Wdr73,88,42,94,161,80,117,85,111,95,63,112,120,131,102,136,133,122,252,84,86,29,193,119,72,88,100,79,105,126,132,92,88,93,96,128,122,90,120,114,48,130,112,110,79,98,124
Wdr74,146,80,130,206,97,120,149,150,172,123,177,239,154,150,166,154,179,221,166,130,43,225,150,106,118,147,144,149,170,178,111,94,153,98,136,99,113,151,147,95,219,123,121,112,147,129
Wdr75,11,7,18,25,26,21,32,20,29,12,22,43,21,21,32,19,18,26,20,17,5,30,18,15,17,16,15,23,28,29,17,10,26,9,22,13,23,17,18,9,13,12,23,18,19,24
Wdr77,2,5,6,9,4,2,9,9,11,10,9,20,9,11,12,8,6,6,8,7,4,22,6,3,8,8,10,9,11,12,6,6,9,1,9,6,5,8,6,1,8,10,5,6,2,10
Wdr8,72,33,64,113,76,65,81,87,100,89,80,96,63,82,68,84,94,94,64,81,26,120,72,49,59,101,74,74,92,84,95,56,88,59,70,94,58,62,77,63,116,65,63,53,67,73
Wdr81,133,60,137,200,129,138,168,137,220,147,187,165,152,160,149,262,241,171,148,131,60,218,132,94,138,153,143,139,219,155,134,119,118,105,160,136,126,125,132,75,230,136,149,104,136,166
Wdr82,75,51,70,95,48,60,74,60,115,85,95,102,104,81,82,79,89,99,75,53,31,93,86,54,84,56,60,70,104,82,72,42,67,45,74,62,65,54,66,39,91,61,63,54,57,57
Wdr83,100,63,100,165,103,89,133,130,121,102,135,154,113,88,117,127,102,175,104,114,42,164,125,65,127,104,114,131,155,97,139,66,134,98,115,92,82,108,126,80,144,117,118,88,93,79
Wdr83os,105,39,102,126,104,103,129,103,139,97,126,117,73,101,116,118,155,159,132,124,39,144,141,75,116,114,102,106,152,146,113,52,107,63,137,117,93,112,107,63,151,121,97,93,93,109
Wdr86,4,0,1,0,2,0,2,1,1,2,6,2,1,3,3,1,3,3,0,0,1,0,1,0,2,2,0,1,3,1,4,1,1,0,0,1,0,1,2,0,1,0,1,2,0,1
Wdr90,20,9,15,25,8,18,13,26,12,17,30,38,12,21,18,20,20,34,18,13,4,21,22,4,15,12,17,18,15,8,14,3,6,16,17,13,17,16,14,5,17,6,9,10,13,11
Wdr91,30,17,21,48,29,15,37,29,26,27,34,27,31,22,19,36,28,29,34,29,7,48,30,16,18,42,27,36,41,38,33,26,19,23,43,28,26,29,42,20,58,35,27,23,25,26
Wdr93,3,1,3,12,0,1,4,5,3,3,4,2,1,0,5,0,3,20,4,4,3,9,4,6,3,2,1,1,7,2,3,3,4,6,6,9,4,7,5,2,6,7,3,2,6,0
Wdsub1,24,14,23,43,31,18,32,35,21,32,48,42,31,11,28,36,43,56,25,19,13,39,30,20,24,28,29,27,30,29,38,24,22,16,22,16,8,24,22,6,33,24,27,21,25,20
Wdtc1,421,207,343,650,166,390,429,344,312,395,517,398,377,398,414,635,458,317,339,327,70,574,357,203,346,264,357,481,432,368,199,265,277,288,372,336,187,370,396,231,482,324,331,254,272,304
Wdyhv1,26,11,15,43,23,23,41,21,25,28,23,37,20,13,23,40,27,23,27,25,5,20,36,15,27,20,29,20,37,22,16,12,16,19,18,31,15,27,21,18,35,25,29,11,13,23
Wee1,28,13,29,56,44,23,31,18,26,40,25,27,39,27,27,35,45,37,31,27,14,56,28,18,24,33,19,43,35,38,27,15,31,8,22,22,21,30,16,13,41,22,23,13,15,21
Wfdc1,24,9,27,26,14,16,37,29,14,33,26,29,29,26,20,38,35,51,25,20,9,43,24,13,21,15,21,29,26,26,8,17,10,12,17,22,17,25,18,7,27,27,23,10,19,24
Wfdc15b,2,3,4,1,2,3,7,1,2,3,5,3,4,3,1,1,1,5,6,0,1,5,5,2,1,5,3,2,4,1,2,1,2,2,0,0,3,4,1,7,3,3,0,0,2,0
Wfdc17,1,4,12,7,3,14,6,7,6,5,3,7,7,5,3,2,10,7,6,2,2,19,8,3,12,4,16,4,4,13,7,0,3,12,4,3,4,2,11,2,9,5,8,7,1,3
Wfdc2,82,72,134,129,141,109,139,126,246,82,202,134,158,123,180,153,135,171,152,104,43,112,227,163,217,218,48,148,73,95,409,169,166,183,171,287,95,132,129,137,245,150,153,116,97,140
Wfdc21,4731,3064,7485,7064,9229,8525,7370,5150,18116,5070,10104,11746,9152,8096,8337,8415,7302,2239,6816,8127,4317,3987,8485,6245,10016,8978,8502,7062,7290,11905,8125,5369,8847,4989,8691,9994,5436,5989,7457,4617,12636,8283,8783,7268,6784,5692
Wfdc3,1,0,0,3,7,3,1,5,1,0,2,3,4,3,2,1,2,289,1,2,2,72,3,0,1,0,0,0,3,0,6,3,0,1,1,0,0,5,1,1,4,1,0,1,2,1
Wfs1,46,29,32,27,37,32,49,33,82,33,28,98,41,32,43,48,58,64,31,44,13,46,54,40,19,42,43,54,32,41,31,19,47,31,40,39,24,46,32,22,55,28,31,27,36,44
Whamm,205,157,219,324,196,211,285,264,266,232,339,420,271,230,281,402,268,327,319,231,67,450,287,195,280,292,246,258,315,257,295,180,232,219,287,230,280,282,263,167,394,252,224,182,202,270
Whrn,3,2,6,5,2,6,2,4,3,3,8,15,2,4,3,5,8,6,7,4,1,9,3,1,3,3,4,9,0,5,1,3,2,3,3,3,1,7,9,1,12,4,2,5,1,1
Whsc1,29,19,42,58,39,32,48,41,36,39,58,56,24,28,36,57,51,54,41,36,22,60,43,19,33,26,40,34,44,39,36,32,47,28,42,28,30,34,50,12,51,36,34,34,26,32
Whsc1l1,73,53,91,136,93,114,119,84,104,81,149,118,97,81,119,124,105,86,85,68,43,125,94,55,110,106,86,108,104,134,62,66,98,54,77,81,90,88,113,56,138,101,102,61,72,81
Wipf1,3,3,3,5,3,4,9,4,5,3,9,11,3,1,9,3,5,11,5,8,3,9,6,2,3,5,7,4,9,4,11,2,7,2,4,2,3,3,2,1,5,2,6,3,7,2
Wipf2,7,6,7,10,6,7,6,9,6,10,10,8,5,9,9,10,15,14,3,5,2,13,9,5,8,8,4,9,10,10,6,6,6,1,6,1,4,2,3,2,14,9,8,3,10,9
Wipf3,15,12,11,51,20,14,20,14,27,23,26,19,21,19,32,18,23,47,12,12,4,64,16,12,21,29,22,26,33,21,16,13,21,21,16,13,18,24,13,7,39,26,14,17,16,16
Wipi1,107,65,92,178,126,119,182,108,202,91,166,153,115,91,117,164,155,151,120,99,44,139,135,71,137,128,78,124,82,136,96,99,123,79,108,132,83,129,94,78,182,102,100,88,105,87
Wipi2,209,115,150,256,129,169,205,183,153,183,282,241,162,142,161,231,196,238,180,159,55,195,208,120,143,136,170,175,171,149,164,162,177,117,135,160,115,145,141,91,224,162,153,118,143,117
Wisp2,0,0,1,1,2,0,1,1,0,2,1,0,3,0,0,2,0,1,0,0,0,0,0,2,0,1,0,1,0,0,11,0,0,2,0,0,0,3,1,0,2,1,3,0,1,2
Wiz,64,23,64,84,35,65,69,59,64,76,58,112,60,69,93,82,93,67,61,53,13,78,79,50,48,58,41,66,62,65,38,57,51,36,68,45,31,56,69,30,80,78,64,40,46,57
Wls,4,2,3,1,5,3,5,3,7,4,6,4,3,6,7,5,1,7,8,1,1,4,4,0,2,3,4,2,5,6,7,2,2,4,2,4,3,0,4,4,0,2,3,1,3,3
Wnk1,30,8,19,33,27,25,34,29,43,24,40,38,14,22,40,23,32,52,40,35,5,51,29,14,24,18,29,26,39,30,18,16,20,10,16,10,16,23,20,12,23,24,15,13,19,17
Wnk2,2,4,3,8,3,4,10,3,4,2,4,3,4,1,3,3,5,4,3,5,0,3,5,2,2,12,0,5,7,3,1,1,2,3,1,3,1,5,6,4,6,2,2,2,4,6
Wnk4,15,10,10,21,6,8,9,16,11,20,16,13,17,17,9,24,20,12,15,11,5,6,7,1,7,17,13,13,5,6,2,2,8,3,9,3,4,12,12,3,14,9,6,4,9,4
Wnt2,5,2,7,10,4,7,3,11,15,11,4,20,17,7,16,22,19,5,12,11,6,6,11,11,10,17,22,12,6,22,5,7,6,11,12,4,5,4,18,5,20,5,9,12,9,21
Wnt4,4,6,2,4,5,2,5,5,7,4,2,5,5,1,5,8,8,12,6,1,0,12,6,2,1,4,1,8,5,5,4,3,10,3,4,2,2,3,3,0,10,2,2,2,2,1
Wnt5a,1,4,1,3,7,4,4,6,3,4,2,9,3,2,0,7,7,8,3,5,0,7,10,4,3,4,1,2,6,1,4,4,5,3,1,6,2,2,9,1,6,1,2,3,2,4
Wnt5b,45,16,41,45,54,38,49,57,112,52,73,149,33,37,44,82,84,50,37,61,19,60,51,25,69,38,57,52,59,52,41,45,47,31,45,48,38,49,44,25,61,29,52,38,44,36
Wnt9a,8,5,5,6,2,6,8,0,5,5,6,5,2,2,2,9,6,9,2,3,1,10,4,1,4,5,2,4,4,2,1,0,6,0,8,2,2,3,2,3,8,5,4,2,3,5
Wnt9b,6,2,2,4,1,5,7,5,5,4,2,2,5,4,5,8,4,3,2,4,2,1,3,3,5,3,4,3,1,3,4,1,2,5,5,4,0,3,2,0,6,5,1,4,1,1
Wrap53,27,17,33,37,22,29,32,35,25,34,38,51,24,33,24,42,41,55,28,36,6,46,34,27,31,28,22,31,45,32,26,28,32,33,35,39,26,32,30,19,46,35,27,30,26,30
Wrb,16,11,13,27,28,22,22,15,21,12,20,33,19,19,21,21,19,46,14,21,10,41,23,17,16,21,17,22,25,22,17,11,21,17,22,19,24,24,17,6,28,14,16,26,23,20
Wrn,8,6,3,21,11,6,13,14,17,11,7,21,17,10,16,13,10,22,16,9,2,14,14,8,6,10,16,8,15,12,11,10,11,8,8,9,10,7,12,7,9,11,10,6,9,9
Wrnip1,268,133,271,494,194,283,263,192,300,317,342,263,301,317,367,590,594,250,303,258,107,345,246,170,227,264,194,248,331,284,178,184,214,165,295,219,212,192,243,98,327,218,237,214,212,212
Wsb1,19,7,19,40,25,11,28,14,69,33,35,31,9,8,14,48,38,49,34,22,6,42,20,15,21,13,18,30,22,9,17,11,17,7,19,23,22,16,19,14,18,14,11,8,11,13
Wsb2,72,46,70,117,67,86,90,63,127,86,90,126,92,103,117,135,133,122,76,98,26,116,126,68,93,87,91,116,142,111,48,66,68,50,108,94,90,108,98,64,142,101,94,78,101,93
Wt1,1,3,2,10,5,0,1,3,2,4,3,2,2,0,3,1,11,7,3,2,2,4,4,1,2,2,1,6,4,2,2,1,2,3,0,0,1,4,2,0,1,2,4,2,1,5
Wtap,12,2,7,7,3,4,6,1,6,2,8,7,8,7,4,7,5,3,3,3,1,3,4,3,1,4,10,6,5,3,3,4,7,3,6,3,6,3,6,2,9,7,2,3,9,5
Wtip,15,11,14,25,16,16,22,17,21,12,17,31,20,10,18,21,18,17,20,8,7,16,15,12,12,18,14,22,16,25,15,16,13,9,8,10,5,9,11,9,21,15,12,8,10,11
Wwc1,23,15,11,11,11,13,11,13,12,13,6,11,19,9,12,15,15,12,15,14,9,19,11,2,11,9,8,12,9,6,13,12,10,9,8,7,8,9,9,7,8,7,6,3,4,2
Wwc2,67,28,31,74,60,51,42,48,49,31,63,47,49,34,39,69,65,65,31,36,30,59,44,26,33,27,34,21,38,47,42,24,28,26,32,25,16,24,30,15,31,31,29,30,24,22
Wwox,7,6,16,34,8,12,16,15,8,13,17,18,10,17,24,16,15,14,9,12,2,12,13,10,14,22,8,14,15,14,10,11,15,6,12,12,7,9,19,4,18,11,11,15,7,10
Wwp1,8,3,4,4,2,3,14,2,7,15,16,12,8,7,12,7,10,1,5,3,2,2,5,5,6,9,8,9,9,5,2,2,10,4,10,4,9,4,9,3,15,5,5,10,6,4
Wwp2,16,12,20,33,21,13,35,32,28,23,25,24,25,17,25,27,27,54,17,18,4,24,23,21,18,20,30,25,33,13,43,15,31,24,20,29,13,19,27,25,40,28,33,17,16,30
Wwtr1,17,8,27,51,31,24,34,40,31,29,47,24,33,16,35,17,30,45,33,24,13,38,51,19,36,28,25,28,29,54,39,29,41,21,32,41,20,32,37,25,40,27,32,22,31,21
Xab2,58,35,48,87,39,55,74,65,61,53,89,102,58,43,78,59,77,68,66,57,13,61,50,43,53,47,55,72,88,64,72,48,68,65,57,37,45,57,56,31,62,58,51,50,58,50
Xaf1,27,9,23,27,34,25,30,31,31,17,37,39,34,18,48,28,27,33,18,36,3,35,32,17,43,22,20,30,44,32,85,17,24,20,19,18,12,31,31,12,27,37,20,16,18,15
Xbp1,1217,767,1265,1462,1961,1333,1981,1118,2250,867,2169,1904,1005,978,1191,1531,1785,1465,1437,1182,615,1450,1551,879,1515,1022,1533,1564,1295,1942,948,1008,1501,693,1286,1034,974,1107,1321,734,1859,1276,1371,1129,1170,1129
Xcl1,1,0,4,4,3,3,7,4,3,3,2,5,1,2,6,4,1,5,1,1,0,4,6,1,3,2,2,1,8,4,27,0,0,2,1,0,4,2,3,2,0,1,1,1,1,3
Xdh,318,170,237,462,289,290,374,340,505,336,409,549,480,325,423,365,339,316,289,286,138,427,387,213,321,351,325,360,505,343,419,262,310,220,253,253,237,354,276,205,458,327,308,234,244,300
Xiap,48,14,28,20,34,25,40,22,37,34,31,33,33,24,36,24,30,35,47,31,18,21,30,8,22,27,17,19,20,35,14,12,29,5,8,12,9,23,15,11,26,14,1,10,4,4
Xirp1,2,1,0,0,3,6,3,3,4,2,5,5,1,0,3,0,3,0,2,4,4,1,4,0,3,4,4,2,2,2,0,2,2,0,3,2,1,4,0,2,2,2,3,0,1,1
Xk,7,8,4,11,8,7,13,14,23,16,11,13,9,12,10,5,7,5,9,6,4,14,14,6,15,11,5,8,11,17,12,16,9,10,4,14,8,6,12,10,12,25,15,13,13,10
Xkr8,14,7,16,23,28,13,15,18,28,23,26,29,16,21,21,17,21,25,15,20,10,28,34,10,23,19,17,20,18,28,13,6,10,15,25,17,16,15,19,15,24,20,24,15,14,11
Xkr9,12,4,8,5,7,2,17,7,7,6,8,8,2,8,6,4,5,11,23,4,5,7,12,5,10,7,5,4,7,8,9,6,9,3,1,4,2,5,8,3,12,1,2,2,7,2
Xlr3a,8,5,4,1,2,3,1,2,11,2,7,7,7,0,14,10,33,12,10,10,1,22,41,1,3,1,4,12,8,18,22,3,33,2,4,0,2,5,1,1,3,7,9,15,10,1
Xndc1,23,10,11,20,17,12,20,13,19,12,23,24,16,18,21,18,22,21,14,13,3,20,22,5,19,12,16,21,26,19,20,18,15,10,19,17,25,12,15,15,19,18,13,21,9,11
Xpa,164,79,149,288,104,132,167,152,190,142,173,195,201,173,157,213,221,215,158,122,45,255,166,111,153,131,139,145,213,153,119,93,153,79,168,115,99,127,132,110,172,127,125,117,118,139
Xpc,47,33,56,83,55,51,47,63,75,45,73,59,47,53,61,83,76,83,68,56,25,119,77,45,41,68,48,59,71,70,59,40,47,40,49,53,60,50,52,33,77,58,64,38,40,50
Xpnpep1,152,54,125,165,155,144,168,192,218,120,170,244,176,126,143,201,183,274,161,173,54,248,200,131,167,155,128,185,216,190,192,137,195,131,172,162,154,162,189,100,255,165,139,112,142,140
Xpnpep3,13,12,17,18,13,10,16,6,12,7,9,25,16,11,7,15,12,14,11,13,8,24,8,9,10,5,8,7,13,15,4,6,5,9,7,8,11,6,4,5,5,9,8,8,7,8
Xpo1,3,0,7,5,2,0,5,3,5,2,3,4,1,3,9,4,2,5,5,5,1,4,4,4,1,1,3,2,5,2,3,5,7,0,3,1,3,4,3,1,4,2,0,0,3,0
Xpo5,26,17,26,40,18,26,27,35,35,28,28,47,38,21,39,30,30,74,17,23,16,60,34,15,32,38,20,27,38,34,24,22,38,25,31,31,25,28,24,24,43,38,22,22,26,25
Xpo6,141,67,160,175,116,137,157,128,174,113,164,148,116,114,131,190,196,191,171,124,44,208,164,105,151,145,120,130,143,164,139,91,133,117,141,123,116,119,147,95,179,129,131,93,94,124
Xpot,58,30,51,105,63,58,85,75,85,65,88,95,94,60,72,120,95,139,67,77,21,132,108,50,52,59,62,72,91,76,56,56,96,56,74,63,56,71,84,45,120,62,84,64,45,51
Xpr1,60,36,51,76,87,72,59,59,84,63,73,94,72,76,79,84,87,97,59,54,22,98,105,48,66,73,62,77,87,80,74,46,75,37,84,59,39,68,70,33,87,76,76,60,57,60
Xrcc1,45,21,40,66,25,38,48,52,53,47,56,67,55,44,49,71,54,73,40,43,10,67,65,41,47,57,46,50,64,49,46,33,48,47,56,40,49,58,57,30,62,35,39,32,34,44
Xrcc2,2,2,3,8,2,0,8,7,0,3,6,7,6,6,3,3,4,12,4,4,4,6,6,8,5,1,5,8,7,4,1,3,3,8,6,8,3,5,7,3,5,5,6,2,3,5
Xrcc3,12,6,12,13,4,4,20,19,9,14,22,23,13,14,23,27,22,11,14,20,5,7,17,13,15,12,10,15,14,10,16,11,14,27,20,24,19,16,18,6,15,16,15,19,13,11
Xrcc4,23,9,21,24,19,21,38,28,42,26,35,25,15,21,23,17,30,58,29,26,13,41,29,21,24,30,13,21,32,29,34,22,25,17,23,28,15,26,25,13,32,24,29,13,23,19
Xrcc5,65,34,67,94,80,81,88,77,108,72,80,106,80,54,91,88,93,109,64,70,24,113,90,77,84,76,71,85,103,108,49,50,92,62,67,75,82,62,83,53,85,85,80,61,70,79
Xrcc6,51,23,47,76,59,50,59,63,76,47,64,90,57,54,83,83,67,74,50,61,33,87,75,39,59,66,48,68,84,58,48,36,57,44,71,43,49,66,54,41,93,50,70,44,45,55
Xrcc6bp1,39,18,40,63,53,31,50,37,56,46,50,61,49,54,57,62,55,50,45,42,19,58,63,45,50,32,55,60,69,66,27,38,53,35,45,54,46,46,59,29,65,52,38,36,46,45
Xrn1,7,3,4,8,3,11,4,7,7,5,4,7,8,2,4,15,7,5,6,5,4,13,2,3,3,3,6,0,7,3,2,2,2,2,2,3,1,4,6,4,6,4,1,5,1,6
Xrn2,140,68,117,216,115,122,128,152,165,111,185,153,147,113,136,170,185,236,129,130,48,303,168,89,109,139,113,114,155,163,143,80,132,91,140,106,110,120,107,69,184,131,109,96,89,103
Xxylt1,3,2,0,4,3,2,5,1,1,2,4,2,4,1,6,2,4,9,6,7,0,5,5,3,4,4,4,3,7,4,3,4,6,5,3,2,3,4,3,3,6,3,3,1,3,4
Xylb,536,297,566,931,470,558,673,575,619,543,779,639,389,523,619,826,699,718,576,504,213,899,578,329,605,517,488,556,678,547,431,379,510,333,566,456,417,501,394,328,669,557,498,442,436,468
Xylt2,114,51,94,160,103,97,102,111,136,111,147,144,99,90,113,140,120,132,106,104,38,118,95,63,119,99,101,109,139,121,110,70,91,61,105,94,63,98,114,63,118,90,99,75,77,87
Yae1d1,12,4,13,19,12,17,18,13,12,18,15,27,24,11,22,18,24,13,11,15,7,16,19,7,13,11,22,31,19,13,11,12,18,9,11,16,17,22,22,6,19,21,18,8,12,13
Yaf2,62,24,68,126,39,78,75,58,73,71,82,95,80,89,101,107,97,65,92,75,18,112,98,70,64,81,60,85,97,116,65,75,87,46,79,74,71,96,75,35,106,78,70,45,66,66
Yap1,155,77,154,206,168,182,164,163,235,160,213,263,204,150,176,233,225,234,191,131,72,286,205,118,144,154,148,159,210,160,156,106,173,128,157,142,120,142,157,83,245,154,124,105,115,127
Yars,107,52,79,160,124,105,113,89,143,101,156,159,121,90,128,167,191,108,130,111,51,147,137,82,101,97,99,119,101,123,109,72,106,89,107,112,88,107,102,67,176,113,103,104,115,96
Yars2,52,33,45,87,42,48,56,46,91,59,57,54,70,50,64,68,55,77,69,37,21,115,91,44,64,65,53,91,90,76,46,43,73,45,56,68,58,62,51,37,91,57,72,39,55,64
Ybey,5,3,6,8,9,11,8,9,6,5,11,14,6,5,14,6,7,5,4,2,0,7,7,8,8,5,8,8,8,8,3,2,6,3,7,4,8,4,5,9,8,8,6,5,2,6
Ybx1,807,403,708,1050,698,793,819,733,1023,745,920,1062,869,721,852,1123,1034,986,701,718,284,989,976,531,844,701,751,778,996,874,593,558,754,543,837,769,691,714,794,506,1116,756,720,527,644,696
Ybx3,103,61,95,141,101,106,113,93,131,137,125,156,128,112,130,136,142,358,107,91,25,261,123,73,110,111,100,153,135,124,121,63,109,67,104,78,109,120,104,69,127,113,93,66,83,117
Ydjc,1,2,2,4,2,0,2,2,2,1,0,5,2,0,1,1,5,14,3,1,1,3,1,1,2,0,3,3,3,1,5,4,1,1,0,3,0,3,0,0,3,2,1,2,1,0
Yeats2,54,25,47,66,53,60,56,50,46,48,64,63,40,50,53,60,78,77,47,36,20,76,46,32,36,28,44,51,51,50,51,46,51,40,40,35,31,33,43,18,62,30,31,32,32,31
Yeats4,116,78,138,220,152,152,176,145,206,122,182,173,128,111,161,210,173,237,163,108,51,303,166,111,153,154,119,162,202,179,134,89,121,94,154,116,130,122,113,87,199,147,134,109,132,138
Yes1,4,4,5,14,6,5,13,4,9,6,10,10,6,10,9,7,7,8,12,0,2,12,5,2,7,10,6,5,9,6,4,3,6,1,8,7,8,6,6,3,2,12,9,6,3,11
Yif1a,353,161,305,488,272,390,425,359,433,359,448,518,340,334,340,414,507,665,325,356,130,498,401,266,346,351,295,393,475,405,348,224,325,252,394,279,286,365,335,208,476,352,376,239,270,284
Yif1b,156,63,130,263,151,190,258,252,306,211,182,236,157,182,248,195,210,287,225,189,56,233,214,130,211,189,192,227,370,271,137,102,163,104,164,138,177,225,235,130,273,254,210,126,170,190
Yipf1,173,60,179,242,158,222,219,203,286,191,231,244,212,179,237,199,255,274,180,175,81,240,265,125,174,204,157,200,276,242,191,141,163,129,170,211,164,219,219,117,242,227,204,125,189,177
Yipf2,160,84,174,202,112,157,157,153,158,145,233,289,155,127,164,220,196,260,165,164,66,172,188,79,151,154,156,195,208,175,165,133,169,125,199,185,128,155,208,111,225,154,177,138,142,141
Yipf3,369,177,320,526,293,408,395,337,657,331,462,481,475,401,393,523,594,588,357,343,92,539,468,258,424,441,387,408,549,502,320,248,343,237,405,297,308,405,392,248,577,388,400,281,292,361
Yipf4,57,35,68,103,74,65,76,69,76,104,88,86,76,103,91,99,89,105,78,69,43,128,117,54,80,71,73,99,110,77,54,57,86,27,82,84,70,60,73,48,97,84,92,44,53,94
Yipf5,110,68,91,130,158,133,139,117,203,128,121,234,104,105,169,158,155,306,110,112,66,226,151,67,118,135,125,167,132,203,108,96,122,52,131,78,92,116,120,61,147,115,126,67,82,97
Yipf6,21,9,19,23,21,23,19,24,33,26,20,32,27,26,26,19,29,35,29,19,12,28,40,9,17,20,20,18,28,18,22,15,20,7,21,10,17,21,22,12,21,14,22,12,19,15
Ykt6,249,117,247,244,230,274,329,295,373,221,318,337,231,275,361,264,318,418,261,238,110,426,340,188,283,259,244,298,276,371,257,197,302,203,254,210,200,260,308,167,374,318,252,203,232,239
Ylpm1,37,25,39,67,35,31,48,57,49,40,48,56,50,40,42,46,41,58,38,36,15,70,58,22,43,49,37,45,83,45,37,35,46,30,37,46,40,46,49,26,55,36,42,24,39,38
Yme1l1,7,6,4,13,7,5,7,8,10,9,8,10,8,10,5,3,9,3,4,4,1,6,14,7,3,11,8,6,5,14,3,4,9,2,9,8,7,8,5,6,7,10,5,7,9,10
Yod1,1,2,7,10,3,10,5,3,9,11,2,9,3,2,6,7,5,7,6,5,2,6,6,5,5,4,6,11,2,4,2,3,4,0,6,5,4,1,4,2,1,3,6,5,3,4
Ypel2,61,16,45,80,77,64,65,39,130,71,62,49,41,34,46,128,104,70,52,36,25,88,55,47,54,81,56,75,65,56,42,44,59,65,60,86,54,55,44,48,111,87,46,33,44,48
Ypel3,378,120,190,458,237,281,347,295,302,348,400,244,274,254,291,457,529,275,313,271,67,270,273,167,298,329,246,270,394,450,184,174,206,189,218,258,218,276,320,185,404,288,266,229,249,190
Ypel5,20,7,10,27,19,13,16,10,17,17,19,10,12,10,21,19,19,16,17,12,6,23,21,5,16,17,15,19,14,24,4,5,19,3,18,17,13,11,10,7,15,14,13,8,9,15
Yrdc,81,92,103,154,82,92,128,119,120,76,124,197,129,104,113,120,109,176,106,110,47,193,94,66,81,101,100,83,95,91,91,78,91,68,102,77,70,98,119,68,131,94,98,86,92,99
Ythdc1,97,50,81,137,89,71,98,76,120,89,99,141,96,92,87,106,107,136,85,82,45,139,93,62,79,87,101,97,77,108,109,56,70,51,84,54,73,76,82,39,106,62,83,57,75,69
Ythdc2,6,3,5,7,5,4,16,3,6,5,17,2,3,4,5,7,6,8,6,1,4,9,10,1,7,3,2,2,6,4,4,3,5,4,4,9,5,1,4,2,11,7,3,2,2,4
Ythdf1,125,59,119,174,102,102,135,106,127,99,136,197,122,124,148,170,128,132,100,120,53,136,124,86,97,116,145,123,128,133,111,76,101,69,100,90,107,92,116,78,166,134,107,81,107,119
Ythdf2,1,1,4,0,1,4,3,6,3,3,2,5,5,2,3,2,1,4,1,3,1,0,8,1,2,4,3,2,4,5,1,0,2,3,2,1,2,1,4,1,4,2,2,2,3,1
Ythdf3,15,6,11,27,12,17,18,20,26,24,22,28,18,16,25,14,19,12,27,12,6,25,26,11,21,18,24,15,29,23,9,13,19,0,17,8,17,10,13,8,7,17,12,6,10,15
Ywhab,408,208,302,539,408,415,473,474,514,500,482,559,474,318,453,466,459,763,496,470,180,580,500,302,424,465,414,472,504,539,445,319,445,190,384,282,338,450,408,182,523,433,322,248,317,378
Ywhae,720,304,563,841,590,589,791,631,749,764,761,847,638,713,696,736,755,986,767,659,236,959,909,325,563,710,561,620,795,701,583,398,583,346,588,401,404,565,571,318,736,521,480,328,421,490
Ywhag,206,120,217,317,260,209,257,244,323,282,268,332,244,254,290,299,316,443,254,277,97,344,330,214,181,229,282,293,287,291,329,237,267,165,250,250,225,248,264,190,364,286,247,167,220,250
Ywhah,110,49,108,138,134,92,154,152,172,133,115,190,91,94,121,153,146,288,107,106,55,160,161,92,113,112,123,142,159,106,152,119,112,76,124,104,111,119,107,74,155,102,118,78,87,121
Ywhaq,131,52,98,157,139,110,126,126,189,158,157,196,142,115,123,127,148,188,124,129,65,196,174,92,138,131,124,147,166,164,114,94,135,62,128,132,116,124,133,72,179,109,108,77,94,120
Ywhaz,73,39,35,89,57,45,84,76,84,95,100,91,59,58,88,83,77,121,77,86,19,86,115,41,68,62,66,90,93,66,71,62,79,32,70,50,60,78,75,47,80,83,77,43,69,82
Yy1,77,43,77,145,72,107,98,77,131,103,100,130,118,95,106,84,76,95,92,66,30,141,100,66,81,83,87,98,123,118,62,64,82,48,96,74,66,89,74,49,101,73,91,56,72,86
Zadh2,237,123,235,363,230,208,330,282,340,236,307,345,277,262,284,304,307,309,222,214,102,368,348,220,289,263,209,262,350,278,193,200,270,176,269,257,242,203,239,161,357,273,258,179,186,236
Zak,24,4,22,43,35,22,29,29,41,28,30,34,31,25,27,33,33,59,31,18,22,45,43,25,24,32,23,26,46,37,20,27,32,23,32,31,34,42,27,17,32,32,31,22,36,22
Zap70,27,13,41,46,32,127,48,52,47,55,76,85,47,52,97,72,37,69,34,60,16,102,65,70,103,55,65,47,203,106,59,42,38,49,56,64,64,50,102,66,122,88,63,69,49,42
Zbed3,15,9,6,23,8,14,14,13,25,14,26,26,10,13,11,14,21,33,10,12,1,21,19,13,21,14,11,12,14,4,15,12,12,7,17,13,9,8,21,4,22,12,13,12,15,11
Zbed4,7,3,3,6,3,7,11,6,5,5,4,9,4,10,4,2,5,6,3,3,4,5,8,3,4,7,1,6,2,9,3,5,6,3,5,8,4,8,5,7,4,3,4,4,2,0
Zbed5,0,1,1,10,1,6,4,2,2,3,6,1,3,4,5,4,12,13,3,4,2,19,8,2,4,1,1,4,5,7,3,6,4,1,3,5,6,1,2,3,3,8,6,3,3,5
Zbp1,64,42,84,177,110,100,95,97,147,66,143,101,109,43,124,73,142,79,69,90,55,58,79,45,84,75,106,76,122,92,674,67,109,118,80,65,73,110,91,34,84,70,127,77,81,69
Zbtb1,10,8,9,31,13,6,21,11,3,13,24,20,15,15,23,13,14,12,13,7,2,18,18,7,13,16,11,14,20,10,7,8,20,2,13,11,16,10,13,8,11,6,10,5,10,7
Zbtb10,9,5,1,12,7,6,3,1,6,6,3,8,7,8,3,12,6,9,6,5,2,16,5,5,5,9,6,13,6,8,4,5,4,0,2,7,6,6,5,4,10,1,11,5,4,7
Zbtb11,14,12,27,58,24,17,36,22,16,32,34,34,31,28,30,26,20,41,22,13,13,42,26,19,21,19,27,23,26,39,20,19,25,10,20,27,27,21,24,7,32,27,34,26,25,30
Zbtb11os1,35,12,28,47,11,32,30,25,47,36,39,32,50,20,39,63,51,47,30,35,9,69,40,19,32,21,27,33,50,30,22,25,35,23,35,26,16,33,33,20,49,17,33,14,30,21
Zbtb12,19,2,13,8,7,2,9,6,5,3,7,6,4,7,5,11,14,9,8,10,5,10,8,3,5,5,7,2,3,5,4,5,0,3,3,6,2,3,7,3,6,0,5,8,3,4
Zbtb16,17,7,10,22,11,9,10,10,36,16,12,5,34,16,10,17,9,38,5,8,2,21,3,5,5,9,18,13,16,5,2,6,15,4,5,3,5,7,11,8,10,2,2,5,7,2
Zbtb17,28,17,37,48,24,23,48,25,35,32,37,45,35,28,32,44,44,38,34,23,15,37,38,14,22,32,24,26,35,30,29,17,13,21,23,25,25,17,26,21,19,15,25,18,14,22
Zbtb18,62,31,51,97,66,64,56,51,85,70,80,81,64,75,50,89,86,98,78,58,20,101,65,38,48,50,65,52,64,52,62,34,60,43,71,44,54,51,55,34,85,77,71,41,69,76
Zbtb2,29,12,28,48,18,19,34,23,46,25,45,26,32,31,20,40,46,38,19,17,15,47,24,20,21,22,21,23,35,25,20,12,22,11,21,27,34,16,18,16,38,29,28,14,26,22
Zbtb20,486,363,442,836,471,403,424,352,330,344,465,585,450,204,329,618,417,410,285,359,160,453,332,283,366,433,411,340,334,259,294,409,378,319,495,389,307,235,299,244,613,388,413,286,269,311
Zbtb22,55,28,65,115,62,69,80,65,105,94,77,71,84,87,82,109,135,109,80,73,20,123,86,64,98,71,61,96,100,115,74,46,58,37,77,65,65,66,77,42,126,67,73,48,59,77
Zbtb24,36,31,36,46,32,37,51,35,45,60,51,59,39,41,35,52,32,42,51,43,16,41,56,36,39,51,35,44,54,41,31,21,36,18,42,33,30,42,47,27,73,28,36,29,33,33
Zbtb25,7,4,7,16,12,9,11,7,9,10,11,21,13,7,13,7,13,12,14,7,7,20,15,11,6,11,13,13,18,7,11,9,6,6,10,11,8,10,5,8,13,12,7,6,6,9
Zbtb3,0,1,1,5,3,2,3,1,0,3,2,6,0,1,1,0,2,3,1,2,2,0,0,0,3,2,1,2,3,2,3,0,1,0,3,0,1,4,0,1,2,0,3,1,1,4
Zbtb32,0,0,4,3,3,2,5,3,0,3,7,6,3,0,2,0,1,2,3,3,1,1,6,7,2,3,1,5,8,2,2,2,5,2,4,8,1,7,10,2,6,5,3,3,3,2
Zbtb33,10,3,1,10,14,11,11,11,7,13,3,7,5,8,7,11,10,8,9,7,3,14,7,5,12,8,7,6,15,8,8,3,7,2,8,4,7,6,7,5,16,5,8,3,6,9
Zbtb34,19,4,15,24,11,11,16,19,12,13,23,12,21,6,12,22,18,17,13,7,7,24,15,18,18,21,14,12,10,14,16,11,20,12,17,7,10,10,17,5,20,6,15,6,17,12
Zbtb38,24,12,12,19,21,15,12,9,9,15,14,15,8,4,5,19,9,9,14,6,8,17,7,6,7,11,16,6,7,5,5,4,9,8,7,8,4,6,5,2,5,3,13,6,3,5
Zbtb39,32,23,20,51,39,20,32,29,35,40,34,40,31,26,34,51,51,42,31,24,14,51,34,24,32,33,29,20,39,31,12,22,21,17,29,25,21,28,17,15,30,23,24,31,22,26
Zbtb4,6,8,7,6,5,7,3,4,4,8,3,8,2,5,4,2,5,5,7,2,4,7,9,3,7,5,9,5,8,8,1,2,1,5,0,4,3,2,3,4,5,5,3,4,4,3
Zbtb40,60,23,45,46,26,31,49,33,42,41,60,63,38,31,41,54,43,35,40,38,16,47,34,32,25,27,43,29,50,40,19,18,28,20,30,35,31,34,33,24,43,35,35,24,20,29
Zbtb42,27,18,32,39,19,20,33,23,40,35,45,24,16,21,16,50,45,50,29,30,5,36,30,7,16,27,31,23,27,27,25,10,16,18,23,18,16,16,16,13,15,20,16,25,13,24
Zbtb43,57,40,39,113,71,56,62,62,89,56,77,96,60,47,66,82,89,80,52,42,27,81,65,42,50,65,40,68,72,73,47,36,41,32,42,52,42,48,65,32,88,56,51,42,35,46
Zbtb44,112,38,70,153,56,102,92,59,78,84,116,72,76,110,124,142,134,86,105,76,36,132,114,58,76,91,72,120,117,106,63,80,124,56,111,93,76,85,136,59,163,101,97,85,82,87
Zbtb45,14,8,19,5,12,8,15,26,19,12,16,44,18,13,17,7,7,40,13,19,7,30,14,6,11,15,16,14,15,13,29,13,8,13,16,9,14,15,6,7,19,4,14,10,13,18
Zbtb46,3,2,3,9,6,3,7,2,3,2,3,3,8,4,6,8,5,9,4,5,3,10,6,4,10,5,2,8,7,12,2,2,3,5,6,6,1,8,0,3,11,3,7,3,4,10
Zbtb48,61,34,53,90,55,46,77,76,111,70,80,117,61,71,70,74,71,48,60,41,16,64,65,39,82,62,67,66,96,91,49,48,68,40,64,46,54,61,57,42,92,53,65,39,54,47
Zbtb49,8,2,9,21,4,6,11,11,7,4,5,9,12,6,5,5,9,5,6,7,2,15,5,4,4,9,2,7,5,7,7,7,10,4,8,2,2,8,8,7,8,3,5,4,6,4
Zbtb5,33,18,34,45,31,31,36,26,46,33,39,68,41,23,31,40,57,25,34,41,18,40,46,21,33,46,28,37,40,34,38,19,26,21,31,30,18,37,41,22,37,27,33,36,33,36
Zbtb6,10,11,10,16,13,13,13,5,18,15,15,25,13,15,17,14,10,13,17,6,5,22,15,9,10,21,13,22,19,21,14,5,20,6,6,6,10,11,15,6,20,13,11,10,11,8
Zbtb7a,582,245,429,640,404,385,544,379,336,411,575,566,515,374,489,479,434,412,393,385,139,448,463,277,348,356,416,451,459,473,416,283,438,338,383,323,289,358,418,181,513,355,369,331,323,314
Zbtb7b,292,187,277,433,218,287,347,318,367,266,375,459,350,288,377,288,254,274,325,258,78,275,369,218,306,266,347,349,402,334,208,237,287,257,319,251,218,246,344,185,378,286,281,201,235,229
Zbtb7c,4,9,2,3,7,7,6,9,11,4,4,20,2,4,6,4,3,7,3,9,4,9,7,2,5,6,5,13,5,7,6,4,4,8,3,2,4,5,7,10,19,6,7,9,8,6
Zbtb8a,5,5,5,4,8,2,8,6,6,8,5,11,4,8,2,4,9,5,1,6,1,13,8,7,2,6,5,5,7,3,8,10,2,4,6,4,7,3,4,3,9,5,7,5,6,5
Zbtb8os,113,47,84,119,124,120,129,120,134,94,129,154,131,108,128,148,137,152,85,127,51,134,138,83,138,117,106,115,164,155,121,72,129,60,124,124,122,142,121,57,178,138,122,114,117,116
Zbtb9,22,8,25,38,28,18,33,33,30,23,30,36,24,16,31,24,26,31,22,30,11,41,28,24,23,21,21,26,27,30,23,11,33,17,22,16,23,34,31,17,33,26,27,28,24,15
Zc2hc1c,3,1,1,4,2,1,4,1,2,3,2,7,3,2,3,2,1,0,1,4,2,2,5,5,4,5,2,5,5,3,0,4,5,2,2,3,0,5,2,0,5,2,2,3,2,2
Zc3h10,42,23,50,59,28,41,64,32,50,48,73,87,61,40,61,59,61,61,35,42,11,75,53,34,40,28,29,49,55,54,44,29,34,32,31,45,38,39,42,21,45,38,41,28,32,23
Zc3h11a,65,39,93,131,96,86,102,93,113,92,90,99,86,71,81,109,116,128,83,56,36,121,98,45,73,75,75,41,96,83,62,38,91,42,61,95,61,69,69,50,99,54,76,45,60,84
Zc3h12a,14,6,19,53,38,22,29,20,70,14,50,43,13,19,27,16,16,12,15,12,5,29,32,18,22,35,24,24,12,28,28,12,21,18,15,18,13,11,17,16,33,16,21,12,16,15
Zc3h12c,10,2,1,15,4,4,9,6,10,5,11,3,3,5,7,3,5,7,9,2,5,14,8,6,5,5,2,7,11,8,4,2,8,4,5,2,5,3,2,5,8,6,4,6,4,1
Zc3h12d,4,2,4,14,15,6,12,7,11,6,12,8,6,6,9,10,4,16,1,6,1,4,10,7,13,10,10,8,11,12,16,8,16,3,7,5,5,9,5,7,13,7,10,4,13,9
Zc3h13,29,14,28,75,16,32,46,32,31,34,68,54,45,39,44,30,46,44,32,30,11,45,35,13,42,22,43,41,57,50,34,21,29,32,27,35,33,36,31,17,35,29,31,26,21,24
Zc3h14,57,18,39,74,48,56,45,51,67,49,72,61,64,56,54,73,67,77,52,58,22,89,65,43,50,57,53,45,70,52,46,24,54,16,76,44,45,48,48,17,63,34,48,34,33,50
Zc3h15,100,47,104,140,100,79,107,69,128,87,98,133,91,101,116,114,111,111,84,87,39,152,101,74,106,94,91,96,111,130,73,70,103,56,69,80,79,82,102,47,136,91,69,49,82,68
Zc3h18,204,101,182,275,186,145,190,196,211,180,216,265,186,167,168,229,195,228,175,153,62,259,179,116,158,176,152,188,187,161,141,120,147,110,149,165,146,179,181,98,227,151,177,136,152,155
Zc3h3,23,7,26,30,32,26,26,30,29,33,44,38,26,19,25,24,24,29,18,19,3,38,26,16,17,19,23,24,27,22,29,16,20,18,21,10,14,23,19,15,26,19,29,12,19,16
Zc3h4,87,43,74,137,63,87,68,111,110,99,104,125,90,59,85,130,126,133,83,77,42,143,109,73,87,105,74,98,111,88,94,51,82,64,81,76,76,74,81,58,138,70,86,62,72,76
Zc3h7a,157,129,169,248,218,168,253,198,224,155,262,345,152,136,213,208,240,282,178,169,89,222,190,149,139,166,175,150,187,185,265,138,185,131,142,137,130,151,192,109,244,146,148,176,148,152
Zc3h7b,144,73,112,184,146,127,181,108,167,121,176,158,148,122,134,147,183,197,137,143,55,234,151,109,139,168,120,128,139,174,121,94,144,108,149,147,98,128,124,76,193,143,128,93,120,126
Zc3h8,48,17,24,56,18,21,30,37,24,17,42,43,31,29,36,22,34,39,25,22,12,54,33,21,17,30,22,21,36,32,24,18,20,20,17,41,26,22,27,19,36,23,27,11,22,28
Zc3hav1,15,15,12,30,19,17,23,23,21,11,12,23,15,11,19,14,19,25,12,17,4,20,28,10,19,13,15,12,17,14,34,11,18,11,13,13,10,17,17,15,15,16,14,12,9,14
Zc3hc1,48,38,35,69,68,41,56,70,74,58,71,86,70,55,60,73,79,82,57,56,15,80,81,58,58,67,70,62,78,73,83,41,64,38,74,44,66,67,56,49,91,60,61,45,53,57
Zc4h2,3,3,4,2,1,2,2,6,2,3,2,7,3,2,4,3,2,2,3,4,1,0,6,1,0,5,1,5,5,6,1,2,2,3,2,1,1,1,3,0,2,2,4,0,1,1
Zcchc10,30,11,18,18,8,16,20,25,20,22,22,38,21,20,25,24,22,20,35,19,11,24,21,9,15,19,25,22,23,23,25,8,25,10,13,16,20,14,16,4,25,15,16,11,11,14
Zcchc11,75,30,77,188,90,59,89,84,112,72,102,92,69,62,85,166,139,184,105,75,38,192,61,56,62,52,77,94,109,92,97,46,66,67,60,94,85,64,73,26,103,49,76,70,66,63
Zcchc14,86,48,97,158,99,81,122,71,103,69,109,100,112,79,140,117,151,90,81,71,40,84,145,60,121,99,69,70,116,111,38,64,82,56,83,87,95,85,104,66,133,83,87,73,78,62
Zcchc17,126,71,118,126,140,134,129,146,187,118,133,202,106,90,111,144,165,164,106,131,50,132,140,90,106,107,137,128,154,137,112,73,123,98,118,92,81,130,113,68,167,102,93,87,78,86
Zcchc2,126,65,90,165,83,104,148,88,117,109,178,152,118,105,111,134,168,106,117,117,56,180,131,69,103,107,108,95,133,151,119,66,99,71,84,103,79,116,102,53,79,117,86,71,94,83
Zcchc24,454,220,411,541,372,466,456,404,607,497,549,623,461,443,525,575,554,366,468,410,157,404,480,296,422,549,547,494,651,646,342,317,441,368,463,422,392,436,523,313,674,455,517,359,431,454
Zcchc3,2,1,2,16,3,1,10,1,9,4,4,5,5,1,4,8,4,12,7,5,0,13,6,4,4,5,6,10,8,5,2,0,0,1,7,1,1,4,3,0,6,3,4,2,4,2
Zcchc4,16,5,11,9,5,13,14,9,18,7,13,12,9,10,16,13,11,11,12,20,9,20,14,4,12,11,8,13,15,9,11,14,8,7,15,8,11,11,15,6,10,16,8,12,9,6
Zcchc6,186,104,155,317,211,151,245,192,216,201,241,189,183,134,194,240,235,189,222,150,67,253,213,103,168,178,133,155,200,194,198,125,192,132,136,140,135,192,167,87,245,126,137,118,117,130
Zcchc7,74,43,81,105,85,72,86,95,112,67,116,137,88,66,85,83,95,124,71,55,24,136,84,48,85,70,56,57,79,63,65,58,73,48,62,48,57,62,64,39,93,61,59,57,47,71
Zcchc8,2,4,2,4,2,4,1,4,0,4,6,4,3,1,4,4,3,7,2,2,0,3,3,3,3,2,3,3,6,1,3,0,2,3,4,4,2,4,3,3,1,2,3,0,3,3
Zcchc9,31,24,37,48,36,28,30,26,38,26,34,58,34,28,47,38,42,40,34,28,9,50,41,18,20,43,25,29,31,37,33,19,25,21,30,26,33,19,28,14,47,25,28,16,17,20
Zcrb1,359,192,374,563,330,389,464,347,466,360,486,456,377,376,431,503,406,454,335,361,200,523,457,302,409,333,346,440,432,457,378,309,457,314,396,368,340,352,435,207,513,421,373,320,384,346
Zcwpw1,23,6,11,17,9,5,13,14,15,14,14,12,12,11,14,17,21,17,13,10,6,9,12,9,17,6,16,17,10,9,9,9,8,6,3,6,9,8,12,8,11,12,12,11,9,9
Zdhhc12,116,39,102,156,86,115,157,126,182,111,140,224,134,115,117,116,133,204,121,111,43,166,161,78,125,112,121,156,138,144,135,79,93,94,119,91,83,134,134,72,153,108,114,98,100,83
Zdhhc13,4,3,7,13,12,4,9,10,12,8,13,8,4,2,11,11,17,7,9,7,2,11,10,4,7,7,4,13,7,7,10,2,6,2,4,7,6,6,2,2,5,3,6,3,6,3
Zdhhc14,27,17,18,32,26,15,13,25,30,22,38,35,16,23,25,40,38,38,28,26,14,44,24,21,23,22,30,22,30,16,14,8,21,17,25,13,21,24,12,18,34,15,19,16,15,22
Zdhhc16,76,34,53,120,94,87,97,86,84,86,94,100,94,81,76,103,100,133,86,105,42,122,101,42,74,105,76,89,82,78,55,57,93,53,95,82,79,87,95,52,137,77,72,58,65,68
Zdhhc17,40,19,34,57,32,34,51,51,47,34,55,48,39,27,49,41,47,49,43,32,16,66,50,16,35,35,26,36,48,31,45,29,38,19,38,32,31,43,32,20,62,34,27,35,19,22
Zdhhc18,102,75,121,120,107,113,125,106,144,93,125,113,111,87,110,149,124,159,105,123,37,142,124,87,102,124,125,103,132,127,100,65,114,91,116,107,84,104,110,64,117,101,70,107,75,107
Zdhhc20,9,9,6,15,10,8,12,8,13,6,7,4,13,9,5,4,14,9,5,9,1,12,6,6,3,8,7,9,5,9,8,8,4,6,10,16,9,8,1,2,7,9,4,4,8,6
Zdhhc21,22,11,34,30,41,21,39,33,30,25,35,49,32,23,38,25,26,40,40,32,16,43,29,23,27,28,30,30,31,25,25,22,38,16,22,17,29,18,20,19,38,21,21,21,17,14
Zdhhc24,9,1,9,9,9,9,9,15,13,8,17,22,9,8,6,13,11,14,9,12,1,17,11,8,14,9,10,12,16,9,10,4,9,10,7,6,5,13,7,5,11,6,10,4,12,10
Zdhhc4,98,54,105,141,95,109,125,125,141,114,138,173,124,134,115,123,127,170,103,87,51,181,158,73,124,152,123,129,165,150,104,105,145,106,137,157,109,98,161,81,177,133,143,84,145,105
Zdhhc5,211,149,230,319,260,237,275,246,337,261,343,321,305,280,296,317,298,334,260,241,113,340,307,206,280,267,280,304,321,312,236,186,280,214,273,265,245,249,287,172,369,291,268,219,236,267
Zdhhc6,193,91,153,224,141,164,181,149,258,214,243,274,205,220,212,255,226,282,192,179,60,269,220,100,218,200,188,232,288,224,156,121,163,110,169,130,110,155,214,109,257,210,194,107,150,186
Zdhhc7,89,52,87,128,88,96,114,116,135,78,126,146,108,119,125,96,104,100,82,77,45,117,150,74,94,107,104,121,140,109,119,81,119,76,87,97,66,103,123,49,171,100,111,74,87,77
Zdhhc9,442,270,431,702,577,514,590,569,708,592,686,762,599,530,554,680,646,432,563,569,236,485,707,381,549,600,586,602,838,737,429,366,582,445,550,530,477,598,647,382,810,662,596,478,599,557
Zeb1,26,11,16,23,25,18,22,30,31,12,21,25,25,19,28,26,28,29,24,20,5,39,31,12,17,31,20,27,32,24,16,10,25,11,21,19,14,22,18,20,26,22,18,11,16,20
Zeb2,4,3,1,5,1,0,11,3,3,6,3,4,2,3,1,2,3,2,5,4,1,5,0,1,4,1,4,4,4,8,3,0,1,2,1,2,1,1,1,0,1,2,1,0,2,3
Zeb2os,0,1,7,10,4,1,5,10,7,7,12,3,3,1,10,8,13,8,2,7,2,17,5,4,6,5,6,6,6,8,16,6,1,3,5,3,5,5,6,1,5,5,8,6,2,0
Zer1,101,50,95,131,77,87,109,128,142,81,128,154,123,101,105,117,137,132,120,114,24,137,117,92,127,120,116,105,159,138,102,94,97,90,124,123,97,116,104,62,174,118,117,90,90,105
Zfand1,20,11,8,24,12,15,16,6,23,21,8,17,21,20,20,22,18,18,15,14,10,25,20,16,21,20,7,10,18,22,13,14,13,8,18,15,12,6,27,10,14,19,11,7,11,21
Zfand2a,33,25,46,47,53,50,54,46,63,38,53,83,52,46,38,50,56,101,31,30,34,78,46,30,35,40,51,47,50,49,61,33,49,47,53,47,43,47,66,33,66,45,50,49,41,35
Zfand2b,184,84,152,253,87,180,136,132,215,177,205,231,205,181,175,232,200,167,153,149,64,242,211,110,159,185,143,190,261,201,138,108,188,117,199,178,135,166,187,94,243,154,183,124,173,160
Zfand3,217,148,227,409,257,279,324,270,359,236,346,307,298,254,311,347,328,369,293,227,107,353,344,203,305,307,294,281,367,337,267,213,318,218,307,315,262,283,306,208,433,317,308,274,282,261
Zfand4,53,14,38,66,58,43,67,72,77,56,65,55,56,49,65,73,60,27,72,42,26,55,114,44,69,75,72,62,77,51,36,42,75,26,69,50,64,75,54,60,97,52,57,33,49,61
Zfand6,265,127,218,521,209,237,274,227,291,323,395,306,273,353,380,466,375,379,336,228,104,397,332,175,259,236,240,357,385,330,180,215,241,117,335,246,232,282,297,155,283,288,285,180,232,293
Zfat,2,3,3,5,3,4,2,4,3,3,4,1,6,3,4,4,1,3,3,1,1,4,4,2,2,2,4,4,3,7,3,4,6,2,2,6,2,2,1,1,7,4,2,0,1,3
Zfc3h1,3,5,7,10,5,6,12,3,4,5,6,8,2,4,11,4,4,3,7,5,5,4,8,5,5,3,2,4,5,6,3,4,11,2,2,3,4,5,5,2,4,6,2,1,2,1
Zfhx2,141,59,87,122,94,80,84,85,105,105,133,164,97,85,101,92,121,58,87,97,31,58,83,60,96,67,94,92,84,103,69,52,94,51,83,83,56,53,79,32,112,63,64,70,75,67
Zfhx3,40,19,28,45,23,26,28,22,41,37,25,50,16,21,36,50,42,30,38,31,9,37,31,19,14,29,30,40,38,26,27,22,24,17,28,23,17,17,29,14,35,21,30,20,19,27
Zfhx4,4,1,3,10,6,4,6,5,5,3,7,3,4,4,5,7,9,1,7,4,1,6,4,6,5,5,5,2,7,6,2,3,9,0,4,4,2,9,6,3,7,9,0,5,2,6
Zfp1,53,30,43,50,49,45,54,42,53,34,63,63,51,38,42,42,41,62,35,38,23,77,43,23,30,40,35,49,39,43,52,30,35,28,40,36,26,34,38,19,37,21,36,30,30,29
Zfp105,3,3,2,2,1,1,3,6,2,2,0,2,2,4,2,4,4,8,0,3,1,3,6,2,1,1,3,2,0,5,4,2,4,2,2,1,3,1,3,2,3,3,4,1,1,2
Zfp106,143,75,123,189,129,114,156,105,151,105,196,173,146,132,147,157,159,177,146,123,50,237,142,88,114,143,129,112,131,143,122,94,114,90,119,109,106,113,123,73,181,132,115,85,110,120
Zfp108,10,5,4,6,3,3,7,2,5,7,6,12,9,6,6,4,5,3,0,4,6,2,10,9,5,5,1,3,6,4,2,2,5,2,3,4,1,6,5,2,4,7,7,3,6,6
Zfp11,4,2,3,8,2,2,2,1,3,4,3,8,5,2,4,2,3,7,0,6,1,6,4,2,4,2,2,4,3,6,5,3,1,3,4,8,1,8,6,2,6,2,7,3,3,3
Zfp110,59,39,73,130,89,62,69,69,81,73,112,133,90,78,94,98,78,118,64,69,22,125,75,47,55,61,66,55,80,81,41,47,62,37,44,54,57,54,69,32,82,59,60,56,51,54
Zfp112,1,2,4,5,0,2,1,1,2,1,2,3,1,2,3,3,6,1,4,2,2,6,2,1,1,3,2,2,1,2,1,1,1,0,1,1,0,2,0,1,3,6,1,0,1,2
Zfp113,7,0,2,2,8,1,4,2,8,1,7,8,1,4,4,3,4,3,3,1,1,14,3,2,1,1,0,4,3,5,2,2,2,3,5,0,2,8,3,0,2,3,1,4,2,4
Zfp119a,4,2,2,5,3,4,4,1,9,2,8,0,2,3,7,1,5,5,5,5,1,3,6,5,7,5,4,4,5,3,5,2,5,4,4,5,1,3,5,4,5,3,5,4,4,1
Zfp119b,5,2,8,5,2,2,3,5,5,5,5,9,1,2,7,7,8,1,8,1,2,9,9,4,7,10,6,8,9,5,3,4,5,1,5,8,5,5,3,4,2,7,4,2,1,7
Zfp12,20,9,16,21,13,14,17,19,19,21,17,16,13,11,18,13,19,25,10,21,5,24,15,14,13,22,14,20,23,19,16,4,11,9,14,13,12,14,15,7,24,12,14,7,7,12
Zfp120,5,3,7,11,11,13,9,7,16,13,13,18,5,7,12,16,16,12,15,15,5,14,15,3,10,17,6,13,12,14,4,14,10,1,11,15,7,10,10,6,10,14,10,8,14,8
Zfp13,2,3,4,6,6,6,6,12,6,4,3,7,5,4,7,4,13,5,5,7,1,6,5,2,5,2,1,5,6,4,2,1,6,3,2,1,2,3,1,2,1,3,1,1,8,3
Zfp131,31,13,29,33,23,22,29,26,22,22,34,30,15,18,21,24,15,21,23,10,9,34,30,8,31,26,21,31,30,28,8,14,13,6,22,12,15,18,20,7,17,12,11,15,18,14
Zfp14,5,1,3,7,1,3,5,5,7,5,2,3,5,2,4,5,2,10,2,1,2,3,4,1,4,1,1,1,4,4,4,2,5,1,0,6,3,3,1,1,3,2,3,0,0,5
Zfp141,24,11,20,27,13,15,28,15,15,9,34,21,12,10,20,22,13,19,9,13,4,18,20,6,27,16,17,21,18,29,10,15,11,11,12,10,20,18,19,10,22,18,25,17,8,12
Zfp143,17,7,6,28,13,11,11,15,18,15,30,24,7,14,13,9,14,17,19,13,7,29,10,12,15,10,21,14,13,17,10,7,13,12,11,10,12,8,6,13,12,9,13,9,13,14
Zfp148,10,6,7,19,22,15,17,12,25,19,21,16,21,25,21,32,33,25,17,19,7,19,29,4,19,19,20,23,28,12,5,16,16,7,9,11,14,18,9,11,26,20,14,11,15,21
Zfp180,49,20,48,72,32,47,60,34,75,36,80,73,66,57,63,65,51,56,52,41,12,82,61,44,48,41,46,50,51,82,30,23,49,34,49,56,41,50,57,21,76,42,40,41,31,48
Zfp182,7,1,1,2,2,1,3,6,5,4,2,6,1,3,2,2,1,5,2,2,0,3,6,1,3,3,5,2,4,3,1,1,5,2,2,4,0,1,4,2,5,2,1,3,1,0
Zfp185,0,0,0,2,1,1,1,1,1,0,0,1,0,1,0,1,1,1,0,0,2,0,2,1,0,0,0,1,2,7,1,0,0,0,0,0,0,0,0,0,3,0,0,0,0,0
Zfp189,14,8,7,19,5,16,15,10,14,6,8,14,15,10,19,15,12,21,5,9,3,9,10,6,11,7,13,6,15,9,2,8,6,6,10,7,8,4,2,2,17,8,7,6,5,7
Zfp191,19,5,22,22,14,13,18,15,18,24,16,26,20,10,26,12,17,24,18,7,8,29,21,10,17,31,12,16,19,22,13,17,24,2,13,17,13,14,6,10,10,11,18,10,14,14
Zfp2,15,6,15,12,6,10,7,10,15,9,17,6,13,8,17,7,12,11,14,6,1,6,10,6,18,5,7,14,14,11,6,9,10,7,7,4,10,10,10,8,8,9,13,6,7,10
Zfp207,192,102,180,337,186,205,220,235,350,255,276,407,271,184,310,314,247,389,220,197,73,410,272,169,238,253,205,251,290,245,222,158,240,141,206,196,211,237,205,169,357,231,195,180,206,189
Zfp212,33,14,41,56,28,30,22,27,32,25,49,36,43,23,37,48,45,34,20,29,13,49,35,21,29,40,20,28,28,44,27,20,29,23,26,27,27,23,26,14,37,29,26,31,28,23
Zfp213,32,23,28,47,15,24,40,35,34,35,36,47,44,35,59,21,25,47,19,31,11,39,33,25,36,21,30,13,50,45,22,22,22,14,22,27,32,23,21,11,26,22,25,23,28,27
Zfp217,28,12,15,39,40,17,27,28,43,29,34,50,24,15,33,38,41,42,23,20,6,44,34,13,31,29,22,23,34,31,20,13,24,27,18,21,24,31,13,11,37,19,15,20,22,16
Zfp219,88,39,75,86,54,48,88,66,70,62,128,108,73,62,65,76,68,79,51,63,19,88,76,50,50,63,64,56,91,75,42,44,55,50,54,51,58,80,53,37,99,51,61,49,55,48
Zfp229,4,2,4,5,3,4,8,4,13,6,9,9,7,4,10,6,4,6,8,5,4,10,7,2,3,6,6,6,3,3,2,3,6,1,3,5,0,7,5,4,5,4,7,0,2,4
Zfp235,10,3,13,15,8,7,7,6,7,4,13,18,9,5,3,6,10,5,5,11,1,3,7,6,12,5,7,9,10,6,4,7,8,2,6,1,4,7,1,8,5,5,6,4,5,9
Zfp236,20,11,19,19,19,20,18,14,16,13,23,27,15,21,22,22,29,19,23,9,9,31,21,12,16,24,16,18,23,14,13,9,17,12,24,16,15,18,10,7,13,15,15,7,15,11
Zfp260,31,22,35,46,14,35,36,18,30,47,43,77,37,31,39,33,44,18,41,32,9,23,39,18,23,36,20,36,25,48,16,29,37,20,48,35,36,35,32,20,62,40,30,24,18,38
Zfp263,61,29,47,82,47,45,65,53,65,44,92,93,62,56,56,56,41,71,59,38,25,92,62,36,39,38,44,40,52,58,39,36,39,35,51,42,45,39,32,26,33,38,36,27,42,39
Zfp266,48,22,40,64,35,51,52,37,48,41,49,74,44,39,35,46,45,41,39,30,15,46,37,27,38,52,31,22,55,46,26,21,39,19,40,32,26,42,26,19,52,28,27,34,27,29
Zfp27,15,11,22,20,24,13,27,15,26,28,22,35,15,25,18,18,25,22,9,13,7,20,31,18,16,24,11,15,22,17,11,20,23,8,25,7,16,22,11,10,23,20,20,10,13,23
Zfp275,22,10,18,28,14,18,18,26,33,18,25,26,22,19,45,32,26,16,16,13,3,29,22,7,28,27,23,22,22,25,11,12,16,11,28,9,19,18,22,10,22,22,17,11,19,20
Zfp276,37,25,52,92,41,36,76,55,79,34,66,79,56,62,55,35,43,44,30,30,19,40,58,43,68,50,27,49,68,67,31,35,41,33,43,37,39,39,49,31,90,32,69,51,45,46
Zfp277,54,20,16,54,38,29,36,31,57,39,43,47,60,47,38,56,60,53,33,47,23,52,58,26,39,58,35,37,60,57,38,24,45,28,49,42,39,32,42,8,53,42,44,33,35,42
Zfp280b,20,9,16,36,12,16,18,19,18,18,26,37,13,12,19,23,18,19,8,17,7,25,20,16,17,27,16,16,28,16,13,15,20,15,13,15,14,14,19,14,30,20,25,14,17,18
Zfp280d,21,20,25,38,23,26,17,27,39,22,48,34,40,25,34,19,32,30,31,15,16,49,37,16,26,17,28,26,34,24,17,17,32,16,19,14,11,25,18,7,28,20,16,16,9,15
Zfp281,1,0,3,1,2,0,3,4,5,3,0,2,2,0,2,3,0,4,3,4,1,5,6,2,1,2,3,3,4,2,0,5,3,1,4,0,3,4,3,2,3,2,3,1,2,1
Zfp282,4,3,1,7,4,2,3,5,2,2,0,6,2,2,4,5,2,5,1,1,0,10,2,0,4,6,2,1,8,3,1,0,1,1,4,3,5,1,1,1,3,1,1,1,4,1
Zfp292,13,3,10,12,6,15,26,8,15,7,19,21,7,14,5,8,19,13,15,6,4,19,5,5,8,5,8,3,9,11,3,4,2,2,2,7,2,10,5,7,7,2,1,4,5,1
Zfp296,3,1,0,2,2,1,2,6,4,3,4,6,2,2,1,3,6,3,2,1,1,0,2,2,4,2,4,5,2,0,4,2,0,5,3,2,2,1,1,0,3,2,2,1,1,1
Zfp3,2,2,7,7,3,2,2,5,4,5,7,6,9,6,6,4,5,8,5,5,1,8,3,3,6,6,1,2,6,5,7,5,3,2,5,6,3,9,3,2,0,4,1,3,5,5
Zfp30,9,6,6,17,10,9,13,9,16,6,15,10,9,4,7,11,5,9,11,8,2,4,13,7,7,10,10,12,12,10,4,7,7,3,7,3,4,3,5,4,12,4,6,2,4,13
Zfp317,14,10,20,32,15,10,17,6,25,10,26,34,15,18,18,18,18,16,12,13,3,16,15,12,17,11,7,12,24,18,14,11,18,7,15,11,9,13,20,15,19,23,14,12,9,18
Zfp318,6,4,6,10,9,9,16,8,10,8,8,14,6,9,9,5,6,9,8,5,3,9,13,5,9,14,10,12,16,7,2,2,8,3,3,7,9,7,3,4,9,4,4,5,5,8
Zfp319,22,5,9,27,12,18,23,20,19,21,18,22,16,13,29,25,21,25,12,16,10,31,21,14,13,10,12,25,15,22,19,11,15,17,21,16,14,16,22,11,25,6,17,10,15,18
Zfp322a,2,5,1,3,3,1,2,2,5,4,2,13,3,1,2,0,1,8,6,7,2,4,5,3,4,2,3,4,3,3,1,2,2,1,2,0,1,4,1,2,2,3,3,6,3,2
Zfp324,1,2,4,3,7,5,5,3,2,6,5,21,6,5,7,1,7,7,4,10,3,4,4,3,2,5,4,4,9,2,5,5,7,3,7,4,2,6,1,3,7,4,2,1,7,5
Zfp326,38,25,47,74,33,38,57,43,57,51,50,71,57,49,56,82,55,68,51,40,22,97,65,32,47,40,43,63,58,67,31,26,49,31,53,43,35,48,52,27,65,44,44,34,40,34
Zfp330,31,25,42,67,34,37,36,31,45,36,64,95,32,47,54,38,45,89,39,44,12,64,39,24,41,24,40,39,37,50,47,26,48,36,43,30,26,30,29,15,52,39,30,29,30,44
Zfp334,5,1,2,5,1,2,5,0,8,4,6,3,5,5,5,5,5,7,3,5,0,4,9,0,5,6,6,3,6,2,2,5,7,4,3,4,5,3,5,1,4,2,1,5,4,4
Zfp335,20,12,43,62,16,17,42,29,24,17,43,34,41,40,27,32,40,37,30,24,5,38,20,17,22,13,26,25,32,23,19,19,19,24,28,28,24,22,31,12,27,28,21,14,17,23
Zfp341,6,7,10,18,7,14,18,14,18,12,17,27,18,11,20,18,10,16,13,10,3,17,10,9,9,8,16,18,17,9,15,13,8,9,10,11,10,10,11,8,16,19,14,15,18,17
Zfp346,19,12,18,21,18,12,13,19,10,17,36,20,26,17,20,14,20,27,24,17,3,28,14,8,22,21,21,7,22,20,27,8,9,10,14,20,13,12,14,11,18,12,11,13,21,12
Zfp35,34,28,36,57,22,28,38,41,36,25,36,52,47,38,40,33,41,34,27,28,12,47,52,26,35,29,39,34,36,36,36,26,37,24,32,24,34,42,32,21,51,33,39,17,26,33
Zfp354b,3,1,1,5,4,3,1,1,0,4,5,10,1,3,5,6,0,3,2,0,1,1,4,3,3,2,4,5,7,1,0,2,4,0,2,4,3,2,2,3,7,1,2,2,3,2
Zfp358,57,31,43,96,48,47,52,44,65,58,84,62,72,59,58,112,97,87,59,58,22,100,55,31,51,57,67,58,77,66,33,30,53,30,54,39,48,43,32,24,62,27,50,40,46,39
Zfp36,141,64,76,135,139,202,97,159,442,166,140,206,147,142,129,137,203,208,151,124,58,273,134,160,152,187,115,175,163,110,114,126,125,108,135,153,120,149,128,136,174,138,166,104,127,131
Zfp362,21,16,22,49,23,29,43,33,34,19,38,41,42,21,29,37,40,45,39,25,13,49,52,31,36,43,20,31,31,39,18,28,37,23,18,35,27,32,26,18,47,15,29,21,15,29
Zfp367,15,5,8,21,19,10,14,11,13,22,26,18,14,13,13,20,15,10,12,11,4,19,20,12,6,12,8,16,25,10,9,15,12,1,15,10,12,9,9,6,23,13,8,11,6,21
Zfp36l1,389,174,335,589,536,576,385,379,1032,544,571,678,386,488,465,624,808,492,544,451,176,645,528,394,426,467,465,521,599,493,308,467,507,214,367,485,366,385,494,250,478,472,396,363,357,377
Zfp383,10,2,11,17,11,10,10,7,15,14,15,12,4,14,6,7,11,15,10,6,2,18,7,12,2,7,6,7,10,4,8,4,7,8,10,10,9,8,9,7,5,10,6,9,4,3
Zfp384,81,41,61,107,68,61,80,73,88,108,105,129,91,78,91,124,112,141,84,70,24,120,82,49,84,81,77,59,88,74,76,57,77,68,53,73,49,72,74,46,82,80,79,54,64,73
Zfp385a,89,53,70,137,61,68,94,82,134,82,141,140,68,71,117,126,89,85,95,60,22,101,84,41,74,96,80,91,73,78,56,67,73,86,83,51,44,75,62,49,78,88,65,60,60,71
Zfp385b,60,47,33,62,58,39,48,50,70,78,63,75,35,41,43,86,97,72,58,56,22,94,53,30,59,62,61,71,101,49,36,40,46,38,35,43,41,42,59,26,71,45,53,39,30,45
Zfp39,0,2,3,4,4,4,6,6,9,2,4,8,3,3,5,4,5,5,2,2,0,5,5,6,3,3,3,2,4,3,3,2,2,1,3,5,2,5,4,0,1,7,7,2,4,4
Zfp395,93,30,60,115,48,75,66,75,90,73,78,59,73,64,66,108,96,67,71,55,24,87,63,42,45,69,57,75,113,43,35,57,61,41,79,79,80,60,54,39,118,50,66,59,59,64
Zfp397,5,3,2,3,3,4,7,8,4,4,7,8,6,8,5,4,3,6,13,9,1,7,6,4,3,4,2,2,5,7,2,1,8,2,3,4,3,2,2,2,3,2,0,1,2,2
Zfp407,8,10,12,23,14,15,9,15,21,14,23,19,15,11,11,16,19,17,8,12,9,31,22,11,10,14,21,11,21,11,24,11,21,11,17,14,9,11,10,12,21,11,10,8,8,11
Zfp408,18,11,13,25,13,21,17,18,11,12,21,22,15,10,16,12,14,13,10,12,7,20,11,7,14,11,10,14,13,17,4,5,16,18,6,11,9,12,15,4,11,9,6,9,17,10
Zfp41,1,2,7,8,3,5,9,13,12,7,6,18,5,5,6,7,6,13,10,7,2,6,5,6,3,9,5,5,11,13,7,6,11,2,7,9,4,5,3,3,11,10,4,4,4,6
Zfp410,39,24,38,58,18,41,56,28,40,44,69,66,41,40,59,52,49,41,49,40,9,40,45,37,38,27,33,36,43,43,45,25,33,27,47,38,31,54,39,22,53,51,42,31,28,38
Zfp414,32,15,30,61,23,33,48,47,36,29,58,49,34,40,35,52,37,45,35,29,14,54,42,26,33,36,32,39,44,39,33,37,41,23,29,30,33,35,25,25,66,36,27,26,28,22
Zfp418,0,0,2,0,3,1,0,1,1,1,1,0,2,1,0,0,2,7,0,0,0,1,4,1,1,0,1,1,1,0,0,0,0,0,0,0,0,0,0,0,1,0,0,1,1,2
Zfp420,5,0,4,6,1,4,7,4,8,4,9,9,3,6,7,6,10,7,7,9,1,0,3,2,7,5,5,7,11,10,3,5,9,3,8,5,6,6,9,2,4,7,11,4,5,1
Zfp422,19,9,23,31,24,19,20,29,27,21,28,38,19,21,29,24,26,21,29,21,12,33,37,11,28,13,20,23,32,33,8,22,22,12,19,15,17,20,23,13,31,16,17,14,13,28
Zfp423,3,0,1,3,2,0,2,1,1,3,3,2,0,3,4,4,3,5,2,2,4,0,2,3,4,1,1,3,2,6,3,2,2,3,3,3,2,6,2,1,7,5,1,2,1,1
Zfp426,4,5,4,5,3,5,1,2,7,5,2,6,8,2,7,3,4,3,2,2,2,3,5,2,8,3,0,3,5,4,2,2,3,0,7,1,1,1,5,3,4,4,1,1,2,6
Zfp428,12,8,5,10,5,19,13,14,14,10,13,15,12,13,13,11,21,21,7,14,5,11,16,7,11,6,10,15,7,12,9,6,15,8,11,14,10,16,16,9,20,15,8,8,9,8
Zfp429,5,2,6,7,9,4,1,6,6,7,5,4,7,4,9,5,5,6,4,5,3,3,9,3,2,4,3,3,7,5,7,1,2,2,4,7,2,2,4,1,4,0,3,3,2,4
Zfp438,6,1,5,12,7,5,12,5,11,3,14,12,7,7,4,10,13,13,4,4,2,12,14,4,10,8,4,10,10,10,9,3,3,3,5,7,5,1,8,6,4,3,2,13,5,3
Zfp442,5,2,1,3,3,1,4,2,8,3,5,3,6,1,2,7,3,5,2,3,2,2,1,3,1,0,2,2,3,1,4,0,3,3,3,1,0,1,0,1,1,3,1,3,1,1
Zfp445,12,3,12,11,9,10,9,6,17,3,11,6,7,15,8,12,8,8,24,9,2,2,16,4,16,8,3,5,10,7,6,14,11,5,10,4,14,5,9,2,10,8,4,1,7,17
Zfp451,26,18,24,43,31,25,26,30,38,17,52,37,24,21,35,39,31,36,34,32,10,58,29,20,21,21,25,29,33,32,21,10,32,9,25,18,27,21,42,14,28,25,24,17,21,20
Zfp454,2,1,3,3,4,3,5,4,4,5,3,9,6,7,0,2,4,1,3,3,1,3,2,3,2,3,2,9,6,5,0,0,1,1,5,1,1,2,4,1,2,3,3,3,1,3
Zfp46,24,12,27,31,19,25,28,19,18,23,27,32,22,18,15,26,30,28,22,15,5,28,20,12,25,15,19,21,28,32,10,8,21,18,24,27,19,16,18,8,33,13,25,18,18,23
Zfp467,107,61,105,167,87,109,133,103,133,144,145,121,118,112,154,160,147,80,121,112,40,150,163,96,181,165,110,154,242,154,87,75,143,105,120,115,113,127,106,120,194,134,130,110,144,133
Zfp472,3,0,3,8,3,3,0,2,2,3,3,0,1,6,8,4,3,3,4,3,2,7,6,1,3,4,2,2,7,8,2,4,2,0,1,1,2,5,0,2,4,4,2,2,4,3
Zfp503,8,5,14,16,8,16,13,15,7,9,13,18,20,11,13,18,16,14,12,12,6,14,20,9,8,9,5,14,18,15,10,7,12,8,7,8,10,13,5,5,10,9,7,10,11,10
Zfp507,29,14,15,37,29,16,24,10,24,23,36,22,31,15,29,30,31,30,21,18,8,45,25,26,28,28,26,23,41,25,20,24,32,17,16,21,21,18,23,12,33,20,24,17,19,20
Zfp51,3,0,3,1,2,0,3,3,4,4,7,3,4,3,5,5,2,8,1,3,2,4,4,1,3,1,3,1,4,3,5,4,5,1,2,1,4,2,2,1,4,5,4,2,2,3
Zfp511,51,25,41,70,41,43,53,52,44,47,67,52,45,36,53,68,52,66,41,40,13,51,59,26,43,36,28,54,42,59,36,37,35,32,59,43,43,46,39,34,41,41,53,27,41,42
Zfp512,27,11,21,41,35,35,37,23,27,31,55,40,29,25,34,36,48,71,27,32,14,46,26,19,37,30,28,34,32,28,19,17,28,14,27,24,23,20,24,11,43,22,22,27,23,21
Zfp513,67,52,76,124,63,66,92,95,80,70,107,121,81,71,85,58,73,116,75,57,22,117,83,66,87,51,78,69,104,86,95,61,53,43,65,51,56,76,73,35,86,62,91,53,50,47
Zfp516,22,5,12,30,9,8,12,12,24,7,22,24,17,13,8,24,13,20,22,12,4,23,14,7,18,20,14,8,17,13,22,9,10,14,13,6,9,12,16,8,20,11,7,9,10,7
Zfp518b,2,1,2,4,3,0,9,4,7,1,5,6,2,2,6,2,5,13,6,3,0,2,3,0,7,3,6,2,1,5,5,4,2,1,3,2,5,5,5,0,1,3,3,0,3,4
Zfp523,116,72,103,150,98,84,121,102,112,121,163,138,68,92,107,179,153,161,105,98,32,148,125,67,116,92,107,107,132,88,89,74,105,97,119,86,89,119,129,80,175,107,97,88,98,90
Zfp524,150,62,146,182,94,126,145,148,209,134,203,186,139,129,176,227,226,217,148,118,59,307,178,107,152,119,122,160,236,145,131,102,105,105,150,124,102,143,127,103,214,159,151,93,148,128
Zfp526,5,3,1,2,2,1,3,1,2,1,5,4,3,3,4,1,3,7,2,3,3,6,4,1,4,2,2,6,5,1,2,3,3,2,4,3,2,2,4,1,2,2,3,4,4,3
Zfp53,2,5,3,5,10,2,2,5,6,2,5,8,1,7,12,3,6,6,6,7,0,7,7,3,5,2,1,3,3,3,2,1,1,0,7,7,5,6,6,6,5,4,0,3,1,3
Zfp532,5,4,9,25,22,6,14,20,10,10,15,12,7,7,7,9,10,11,9,8,5,18,14,5,6,11,8,9,11,14,3,7,8,8,8,9,9,20,9,4,11,12,10,16,15,9
Zfp54,4,1,4,4,1,7,6,4,5,6,7,4,5,0,8,3,4,4,6,5,0,5,9,7,5,5,1,2,5,1,1,4,4,1,3,9,3,3,0,2,3,5,5,4,4,2
Zfp553,30,21,24,42,20,23,32,20,25,29,29,33,26,18,38,27,19,34,8,24,9,30,13,14,23,18,32,25,37,26,21,18,28,16,20,25,13,25,24,10,39,13,16,13,21,15
Zfp563,1,1,11,5,5,6,8,3,7,11,7,9,5,5,3,3,5,5,8,6,2,5,6,3,4,6,4,7,4,1,8,6,8,1,9,3,5,8,3,3,5,6,8,2,8,5
Zfp566,2,5,3,8,3,2,7,4,2,3,8,8,6,2,3,3,0,8,4,2,0,11,2,4,5,2,5,2,3,5,2,1,9,2,2,2,2,2,3,2,3,2,4,2,0,2
Zfp568,22,4,15,29,22,11,23,16,24,7,27,23,11,16,20,26,23,26,19,15,12,29,24,12,15,18,21,25,19,32,10,15,25,14,12,15,10,13,19,10,28,18,20,15,10,16
Zfp574,1,0,2,3,0,3,1,4,3,2,0,1,1,2,1,0,6,0,1,2,0,1,3,1,0,1,0,0,2,2,2,1,2,3,2,2,0,1,1,0,0,1,1,1,3,2
Zfp579,70,23,45,87,66,54,52,66,119,57,68,86,51,55,90,80,85,95,49,49,19,91,59,36,49,54,58,66,77,66,38,31,47,31,43,36,40,49,41,28,51,47,33,44,40,41
Zfp58,7,3,10,11,8,5,10,6,6,8,8,11,11,6,6,14,6,9,9,10,6,10,8,8,12,7,9,12,8,9,6,9,8,5,7,11,6,5,13,5,6,6,12,9,2,12
Zfp580,7,4,6,12,2,4,13,10,13,10,10,8,10,11,10,15,16,22,6,5,4,28,9,4,14,8,5,7,8,6,7,4,10,7,5,3,9,11,4,7,9,2,5,3,3,6
Zfp59,0,6,6,3,4,0,3,1,4,3,6,7,5,3,4,8,5,6,5,7,1,10,5,3,7,7,2,2,6,3,6,3,5,1,5,4,1,6,6,0,7,5,5,3,3,5
Zfp592,25,18,14,42,34,25,38,21,29,27,30,39,18,20,24,60,30,27,21,17,11,29,32,12,28,30,18,33,20,27,11,11,20,15,28,19,19,21,31,9,29,27,21,13,13,25
Zfp593,12,6,12,39,13,10,12,13,21,12,15,23,12,10,6,8,25,21,12,9,3,24,6,5,16,9,13,14,12,18,15,7,12,16,12,7,10,11,15,4,11,9,13,7,12,15
Zfp595,6,2,5,9,7,5,6,5,13,7,10,13,7,8,6,8,9,6,11,7,3,12,15,2,8,8,8,10,10,10,4,3,5,6,10,5,8,9,6,5,14,8,3,5,6,8
Zfp597,8,6,6,24,10,16,4,16,11,10,16,23,10,10,16,11,12,16,12,13,4,19,6,4,13,4,7,6,19,9,6,4,10,7,7,5,11,9,12,4,7,8,13,6,7,12
Zfp598,198,107,167,268,126,173,233,177,232,148,273,261,217,188,200,256,233,173,200,158,54,298,217,105,185,142,217,180,176,196,140,119,165,120,172,173,118,142,179,86,178,147,168,94,161,160
Zfp605,2,1,4,2,2,1,2,1,3,2,2,7,5,2,2,1,1,4,2,1,0,10,7,3,2,3,1,0,4,2,0,3,0,0,2,5,2,2,2,0,1,1,4,0,3,0
Zfp606,3,2,8,6,2,7,6,5,8,1,8,7,9,5,8,7,6,3,6,6,3,9,7,1,2,6,5,8,4,3,0,5,5,1,3,4,1,1,4,1,2,3,5,3,3,3
Zfp607,1,3,2,5,2,2,1,3,4,4,2,3,6,1,5,1,5,3,2,3,0,5,1,1,3,1,3,1,3,3,4,1,2,1,3,2,1,3,3,0,0,0,1,0,4,2
Zfp608,3,1,1,5,2,1,0,6,4,6,2,9,4,2,5,4,4,10,3,1,1,3,2,1,6,4,1,0,3,2,4,5,3,4,2,2,2,5,0,1,10,4,2,0,3,5
Zfp609,42,28,49,113,69,57,67,57,74,42,101,81,76,57,86,77,83,92,60,56,20,125,62,40,46,64,52,57,81,78,42,37,44,33,51,54,48,42,55,31,64,40,50,42,34,52
Zfp61,4,2,3,6,2,7,3,5,4,2,4,3,8,3,5,5,4,2,4,1,1,5,4,2,4,3,2,4,6,1,6,3,4,4,1,1,3,1,7,1,7,2,1,5,3,1
Zfp612,3,1,2,10,2,2,5,2,3,2,6,8,3,6,3,6,8,3,3,0,1,3,3,0,3,5,2,4,5,2,0,3,1,1,3,2,2,1,2,0,1,1,5,1,2,1
Zfp617,43,20,40,64,44,33,40,30,52,37,64,79,47,33,35,28,44,50,31,33,10,54,50,26,45,26,42,45,48,41,36,24,37,15,35,29,24,28,27,14,41,33,46,32,30,28
Zfp618,7,2,4,13,6,2,7,9,7,7,12,9,10,2,2,5,4,9,11,4,3,13,2,1,6,6,1,2,9,4,5,1,8,2,5,4,7,6,1,6,5,1,5,4,2,2
Zfp619,3,1,0,4,3,4,5,4,6,2,1,8,3,6,3,3,1,5,5,3,1,4,0,5,3,1,5,6,4,3,2,1,6,0,2,1,2,2,4,3,0,6,1,4,1,0
Zfp62,14,4,8,11,8,6,12,9,15,13,7,16,7,6,11,7,6,9,12,4,3,15,8,4,15,9,1,9,13,10,12,5,14,1,6,5,4,6,7,2,9,4,4,7,4,6
Zfp623,29,19,34,53,38,34,41,36,57,38,43,63,47,47,58,56,38,59,31,24,9,66,38,24,40,44,25,32,45,63,31,17,29,14,31,25,25,33,24,18,39,32,45,21,26,31
Zfp626,12,4,7,6,12,8,9,14,9,9,14,7,6,4,7,8,3,7,8,2,6,13,8,2,7,10,9,8,7,8,6,8,9,4,7,6,4,5,4,6,9,3,10,5,6,7
Zfp628,32,19,34,51,23,26,34,31,25,32,44,36,31,42,44,53,49,41,35,18,5,52,30,19,25,19,33,29,33,43,25,25,24,28,33,26,22,34,32,11,37,24,22,17,26,32
Zfp629,31,16,26,66,20,31,37,30,40,37,52,47,41,34,35,46,38,45,26,29,3,55,35,30,36,32,34,47,51,38,21,26,43,23,29,31,24,32,31,18,40,21,33,28,28,32
Zfp637,74,30,90,145,90,102,112,86,152,67,129,142,143,99,132,165,128,150,90,84,45,161,130,86,123,104,97,115,138,118,71,72,105,72,108,74,79,102,108,57,137,88,102,80,89,85
Zfp638,4,2,0,4,4,3,6,3,7,7,5,1,3,5,4,6,2,5,6,2,1,6,1,1,1,3,2,2,2,5,1,4,4,0,4,2,4,4,2,3,0,2,5,5,3,3
Zfp639,69,19,51,76,43,63,82,58,72,60,75,69,66,58,66,87,82,93,47,44,32,124,58,18,66,59,49,57,64,80,38,35,50,39,55,40,44,49,45,26,61,58,57,43,56,42
Zfp64,22,23,28,40,39,28,29,44,46,42,41,47,25,14,24,28,34,51,40,27,13,50,32,23,38,31,22,23,45,28,29,12,26,20,26,33,31,36,37,14,38,27,20,25,26,23
Zfp644,7,1,7,11,7,14,4,3,4,9,9,9,6,5,10,14,10,8,4,7,3,9,6,4,3,4,7,6,5,7,6,2,3,1,9,6,5,6,7,4,7,4,3,7,6,8
Zfp646,30,15,24,40,14,21,32,22,24,16,35,36,37,21,29,27,19,26,31,15,2,32,22,11,22,16,26,32,30,26,25,14,16,16,23,21,19,23,17,13,37,18,27,14,21,22
Zfp647,5,3,3,6,3,4,2,2,8,5,8,10,3,3,0,9,5,8,3,5,3,5,3,3,3,5,3,6,3,4,1,2,2,3,5,4,2,3,6,2,6,2,5,5,4,1
Zfp65,16,10,8,31,20,17,23,19,17,11,23,20,20,15,19,16,21,28,11,6,6,16,19,15,18,8,13,12,16,9,11,16,23,16,12,14,8,16,18,9,26,18,13,9,15,13
Zfp652,12,3,7,17,12,9,12,15,10,13,8,16,14,9,14,17,10,9,8,5,7,16,14,10,10,7,12,7,7,8,13,10,14,9,8,12,7,15,8,6,21,9,12,7,11,11
Zfp653,39,31,33,67,36,42,41,38,41,33,89,51,45,41,53,52,57,66,32,28,9,89,38,18,40,38,31,45,37,38,20,16,31,25,36,28,29,31,38,17,55,38,31,27,28,29
Zfp655,23,16,28,51,27,46,37,31,62,34,50,55,44,35,37,39,44,50,32,40,11,40,56,34,53,31,26,54,46,55,43,23,34,23,28,31,34,45,39,30,52,43,37,31,21,38
Zfp658,1,0,1,2,3,2,1,3,0,1,2,6,1,1,3,2,1,2,2,1,2,1,2,0,2,0,3,1,0,2,0,3,0,2,1,1,1,1,1,1,1,1,1,0,0,1
Zfp661,18,9,16,13,11,18,12,16,7,14,26,29,15,13,12,16,24,22,8,10,6,24,12,11,15,17,12,18,15,16,10,19,16,9,13,7,15,18,12,9,18,11,15,17,18,12
Zfp664,68,35,48,87,93,63,61,52,120,74,94,92,78,57,98,75,79,111,67,67,28,103,78,45,64,79,70,75,75,88,62,46,87,51,43,58,75,73,67,45,106,63,73,60,70,74
Zfp667,1,3,4,4,7,1,2,3,4,3,4,3,5,2,2,5,3,3,2,3,2,4,5,3,5,2,3,2,3,3,1,3,6,1,2,3,2,1,2,2,2,6,4,1,1,1
Zfp668,12,13,9,24,13,9,20,24,13,19,23,27,17,12,18,18,12,31,14,16,10,31,16,4,10,17,12,18,19,15,28,6,21,10,15,14,12,18,14,10,12,7,13,14,8,12
Zfp672,20,12,23,44,25,30,32,33,47,29,30,47,41,33,38,29,26,38,14,31,18,37,38,27,36,33,27,26,45,29,20,17,31,13,29,29,23,22,44,10,35,32,26,27,23,23
Zfp687,68,24,60,79,54,52,88,67,58,57,70,86,61,53,43,81,76,88,68,44,22,101,67,38,35,68,57,52,61,62,52,46,62,44,56,50,41,47,62,37,77,45,52,36,44,36
Zfp688,18,15,18,32,22,24,33,28,27,24,33,36,28,22,24,29,32,35,27,29,7,53,26,15,25,25,20,24,24,32,38,17,37,17,23,26,17,29,19,18,32,18,26,18,14,15
Zfp69,3,1,5,4,1,3,4,4,4,1,3,2,3,2,8,8,9,7,0,3,2,14,3,2,3,1,4,4,3,5,8,4,3,4,2,0,6,1,4,5,3,3,5,4,2,6
Zfp691,34,13,30,32,28,23,36,32,36,40,54,48,28,25,42,32,36,32,21,26,12,41,28,17,29,33,32,34,43,30,40,32,20,22,24,17,17,37,31,22,43,24,38,14,27,28
Zfp692,43,23,37,56,48,41,52,58,47,37,52,93,45,46,58,46,52,46,45,48,19,29,56,37,37,26,35,65,47,50,42,40,55,45,48,49,34,36,44,16,54,24,23,27,29,25
Zfp7,10,0,11,10,14,5,7,8,6,5,8,10,10,6,10,9,5,16,7,10,5,13,8,7,11,10,8,6,10,8,15,4,9,11,10,4,4,11,1,3,5,3,6,3,7,4
Zfp703,57,32,52,111,41,45,61,56,48,30,88,66,67,42,71,64,66,46,56,37,22,69,67,47,57,49,58,56,52,67,44,18,46,31,46,47,41,55,62,29,75,37,53,31,26,32
Zfp704,6,6,6,8,2,2,5,6,7,5,2,6,6,4,13,6,9,13,0,3,2,18,5,2,5,6,9,10,12,3,2,6,7,2,6,4,9,7,4,1,6,7,8,2,4,5
Zfp707,143,77,125,211,119,207,149,204,236,199,204,216,140,131,188,303,237,113,162,154,51,114,158,101,131,183,159,175,239,165,116,126,146,119,195,142,190,143,177,125,192,193,136,136,131,157
Zfp710,43,43,71,98,64,54,92,94,59,65,70,89,73,51,87,71,80,85,55,60,28,81,102,44,78,55,81,48,76,68,109,63,64,75,56,39,59,61,48,33,83,57,72,39,55,59
Zfp715,2,2,4,11,10,7,6,8,5,2,5,10,5,4,5,5,2,2,3,3,0,9,4,1,5,0,4,5,5,2,1,1,3,0,4,1,3,7,1,1,2,6,2,3,2,3
Zfp719,4,3,1,4,2,2,6,9,4,4,0,7,4,1,1,2,4,5,4,1,2,5,0,1,1,4,1,2,2,2,1,4,4,0,4,1,2,1,1,0,2,2,0,1,2,2
Zfp74,11,6,8,14,8,7,8,10,8,20,18,14,17,10,16,11,14,13,3,10,6,10,9,7,15,12,8,9,13,9,6,8,11,6,5,7,13,15,5,6,12,7,9,6,3,6
Zfp740,121,56,95,155,89,75,82,76,104,94,132,101,88,69,99,159,148,134,107,94,37,155,88,44,75,90,79,81,87,79,85,65,72,70,90,89,74,64,77,60,141,69,70,82,57,69
Zfp746,60,38,45,112,67,68,75,89,103,60,98,87,85,70,68,102,66,110,64,60,34,136,81,58,64,66,47,66,80,87,94,58,77,45,89,65,56,62,59,48,86,66,71,45,57,63
Zfp747,21,10,17,26,21,22,22,11,15,11,14,14,12,15,15,20,19,19,10,7,7,26,16,4,26,18,11,13,23,28,15,6,16,8,18,10,9,13,15,4,18,11,23,16,17,12
Zfp750,42,32,37,103,42,37,34,40,77,34,49,50,55,30,48,46,52,76,33,34,12,62,56,27,24,47,34,30,58,38,35,30,29,34,46,27,49,30,33,28,53,47,43,20,41,41
Zfp758,1,0,1,1,5,4,1,3,6,3,2,6,1,3,2,0,5,5,1,3,2,7,3,2,4,4,3,6,4,2,0,0,0,0,1,0,3,3,1,0,1,2,2,1,1,1
Zfp760,0,1,2,1,2,1,0,0,6,1,1,2,0,0,0,0,2,2,0,0,0,3,0,0,1,1,0,0,3,1,1,1,0,0,1,0,0,1,0,4,1,1,1,2,4,0
Zfp764,7,6,9,14,10,5,3,8,8,9,6,8,9,9,9,11,4,17,4,4,5,18,6,5,3,4,9,9,9,7,6,6,9,5,4,7,7,7,3,4,12,8,10,5,9,6
Zfp768,80,46,83,131,49,82,82,59,89,79,118,114,140,82,107,106,80,54,85,67,23,95,82,67,81,72,83,63,101,89,49,54,68,43,72,73,52,73,94,55,107,83,85,61,78,75
Zfp770,2,2,0,2,3,0,3,0,0,0,2,6,3,1,0,1,1,2,1,0,1,6,1,1,2,2,2,0,3,5,2,0,0,2,5,1,4,0,0,2,3,0,1,1,1,0
Zfp771,170,102,139,216,114,184,172,123,228,135,219,175,177,163,159,223,204,173,161,128,44,201,147,93,177,144,141,132,198,187,130,104,128,111,158,120,137,126,153,84,180,128,136,114,136,132
Zfp772,1,2,1,3,1,1,3,1,2,3,5,7,2,4,3,5,5,3,4,1,2,2,6,2,4,3,2,3,5,4,2,2,2,0,1,0,7,4,3,0,1,0,4,0,1,4
Zfp777,61,33,48,75,29,39,57,44,52,41,75,46,69,64,60,65,55,60,42,42,19,72,68,32,57,50,37,55,64,67,56,43,50,30,51,33,37,52,53,35,72,39,68,41,45,58
Zfp780b,18,6,15,17,14,10,20,6,22,12,15,26,16,7,10,17,11,9,6,15,5,13,17,9,9,21,11,10,16,14,6,12,9,12,12,11,6,11,8,5,13,7,10,6,7,7
Zfp784,10,5,8,13,9,15,12,10,19,11,16,16,17,12,9,18,16,17,16,15,4,16,13,3,8,11,3,9,9,10,7,9,12,5,12,14,9,8,12,8,16,8,11,13,15,8
Zfp787,64,47,72,99,76,85,93,77,96,93,93,125,113,91,80,89,92,105,71,90,28,128,98,63,97,94,82,81,114,125,66,54,86,53,79,84,73,67,88,63,123,89,80,80,88,79
Zfp790,22,7,9,12,11,11,14,13,8,8,16,22,11,12,15,14,10,17,7,9,3,17,10,8,13,11,9,11,14,15,12,8,10,9,10,8,6,6,8,2,13,7,14,6,6,9
Zfp799,7,3,8,4,5,4,4,8,8,6,9,6,4,8,8,6,5,11,5,4,1,3,5,4,9,6,9,8,7,2,7,6,2,2,7,3,5,4,5,5,5,10,6,6,6,3
Zfp800,4,3,5,4,3,7,5,5,6,4,2,7,1,5,4,0,2,10,2,5,1,8,2,4,7,3,3,2,5,2,4,3,2,1,5,3,3,0,5,3,5,4,3,2,3,1
Zfp809,49,15,52,53,47,52,74,41,74,56,60,61,41,31,29,61,55,56,66,59,29,45,104,58,77,69,64,85,51,94,52,31,54,30,40,50,27,53,74,26,91,42,66,39,61,50
Zfp810,7,2,2,2,8,3,6,3,14,7,9,6,5,6,9,3,4,16,5,7,2,4,8,0,6,6,3,3,5,8,5,11,2,2,5,4,1,6,3,6,6,2,2,5,2,5
Zfp821,22,11,15,30,14,12,24,18,14,18,24,16,21,11,18,28,35,26,23,15,2,23,22,14,12,22,14,26,14,27,15,11,15,18,17,13,15,19,16,9,35,19,18,10,14,15
Zfp825,1,0,2,3,1,2,1,5,1,0,2,3,4,1,3,2,2,2,0,2,1,8,5,1,1,0,2,2,2,2,3,3,2,2,2,1,1,1,1,0,5,1,1,1,4,1
Zfp830,5,1,8,4,8,5,10,4,9,7,8,10,2,6,5,5,4,6,4,2,2,6,3,3,1,4,1,4,7,4,8,8,4,1,4,1,11,2,1,3,6,4,8,6,4,3
Zfp839,37,16,29,39,22,33,29,32,51,27,53,44,41,30,31,45,32,50,37,19,8,51,40,16,30,39,19,28,37,32,33,15,21,15,27,25,24,32,25,17,45,26,32,29,25,32
Zfp84,4,6,7,16,12,8,8,10,8,9,12,17,8,4,12,13,4,13,5,11,3,14,9,2,7,9,7,5,10,10,6,4,6,5,9,5,8,5,14,7,5,6,5,4,6,3
Zfp862-ps,7,8,10,9,3,4,9,5,8,6,17,18,4,5,8,12,8,13,2,3,1,12,7,5,3,4,7,11,13,5,2,3,3,3,8,6,6,7,5,2,11,1,5,13,3,5
Zfp865,9,3,15,17,8,8,9,13,20,20,10,20,16,8,19,24,17,30,8,7,3,25,9,10,21,13,11,15,15,18,15,5,14,9,13,13,8,7,12,8,27,13,14,14,15,8
Zfp866,15,12,26,27,5,15,17,21,24,20,17,25,16,16,16,15,24,18,23,18,6,25,24,10,16,19,13,23,28,19,9,8,15,8,10,7,13,16,25,5,15,12,17,5,13,14
Zfp867,4,3,3,7,7,3,3,5,4,1,7,4,1,1,2,9,6,4,10,2,1,5,4,2,3,2,4,0,0,6,1,3,0,0,3,2,2,2,1,3,4,3,1,0,0,1
Zfp868,10,4,9,22,4,10,8,9,12,7,7,19,5,8,7,5,5,13,6,9,7,15,7,5,9,6,7,9,12,11,6,7,11,7,7,5,8,6,4,2,10,5,5,7,5,8
Zfp869,11,8,7,26,12,15,7,18,11,12,11,22,13,16,15,12,14,15,5,9,4,22,17,3,11,10,10,9,9,10,14,10,10,5,12,4,6,8,5,8,7,4,15,8,6,11
Zfp87,3,1,2,4,2,3,6,4,3,3,1,6,4,5,5,2,5,4,4,9,3,6,4,2,4,5,3,7,6,10,3,2,1,1,8,1,3,3,6,1,2,4,1,2,1,2
Zfp870,1,1,1,4,3,2,0,1,3,2,4,3,8,4,5,3,3,2,2,3,0,6,2,1,2,4,3,2,3,8,0,1,3,1,2,2,1,2,2,1,3,3,3,2,3,2
Zfp871,16,14,16,20,22,31,21,20,22,23,34,22,20,10,16,29,10,15,28,12,5,33,21,7,14,16,14,17,29,12,7,5,17,4,13,8,13,9,8,7,11,6,10,7,6,9
Zfp874a,5,2,3,2,2,6,5,1,9,5,5,8,1,3,7,2,4,3,5,2,1,8,6,2,4,5,5,4,5,10,1,3,4,0,4,4,1,2,2,3,3,5,5,3,1,4
Zfp874b,4,1,1,3,6,9,5,3,7,8,8,7,4,2,11,4,4,8,1,2,2,11,6,2,4,7,3,5,8,4,2,4,7,3,3,6,2,1,3,4,1,4,4,3,2,1
Zfp882,1,0,1,4,4,6,4,2,2,2,3,7,3,2,5,9,1,4,0,3,1,3,3,2,1,2,5,5,5,2,2,0,3,2,4,1,2,3,2,1,4,1,2,2,2,0
Zfp9,13,19,19,11,11,7,12,14,13,7,17,62,9,5,4,4,7,28,1,11,1,16,9,2,2,4,12,0,8,3,6,7,3,2,6,2,2,13,3,1,5,6,6,3,9,8
Zfp90,21,7,15,28,13,8,16,19,17,14,15,25,18,9,8,21,19,28,10,8,6,40,18,4,18,17,11,6,14,16,17,16,12,13,8,5,5,13,9,4,13,4,15,12,8,10
Zfp91,39,25,45,56,43,56,58,44,68,56,49,51,60,66,76,62,55,56,51,56,33,77,67,45,45,42,45,56,63,57,32,29,42,17,48,37,38,54,51,35,72,57,37,33,24,43
Zfp91Cntf,45,31,48,47,10,29,31,25,17,29,34,40,21,33,31,72,26,34,42,28,2,31,35,15,20,11,25,24,34,24,31,15,20,21,28,24,11,16,20,16,33,26,22,23,25,15
Zfp93,3,0,4,1,2,3,1,2,3,3,5,1,1,0,5,2,5,2,1,3,3,4,5,2,2,5,2,2,8,0,1,1,4,2,4,6,6,5,1,7,1,3,3,2,4,2
Zfp930,0,2,1,3,3,2,0,3,0,0,2,6,1,1,1,1,1,1,0,1,0,1,4,3,1,1,3,1,1,2,1,1,0,0,3,0,0,1,0,0,2,0,4,0,1,2
Zfp932,1,3,2,2,1,1,3,1,0,1,6,3,3,2,1,0,2,1,0,2,1,0,4,1,1,0,3,1,0,3,0,1,2,0,3,1,2,3,1,0,2,1,1,1,2,1
Zfp935,0,2,7,10,4,4,4,3,3,3,1,10,2,2,8,9,2,6,3,6,0,5,6,5,4,9,4,5,6,6,2,1,4,0,1,4,2,6,0,1,3,7,2,3,6,1
Zfp937,3,0,5,3,5,0,3,2,2,6,1,10,0,0,4,4,1,1,4,1,0,1,6,3,3,4,3,4,3,1,3,3,4,3,3,0,3,3,2,2,6,3,3,1,2,4
Zfp938,3,0,3,10,6,6,2,4,0,1,4,9,1,1,4,6,8,7,5,4,1,2,8,2,7,7,5,7,6,2,4,1,2,3,1,4,3,3,6,1,5,4,0,3,2,4
Zfp939,2,2,1,3,1,5,1,2,4,1,3,1,3,0,2,9,1,6,4,3,1,4,1,1,1,3,1,3,2,1,2,0,3,3,0,1,3,1,2,1,2,1,4,3,1,0
Zfp94,4,1,7,3,4,1,3,2,5,2,4,5,2,4,6,0,4,5,1,2,1,7,1,2,4,5,0,4,1,3,4,0,3,1,1,6,1,5,2,2,6,3,0,1,3,1
Zfp941,0,0,0,3,0,0,0,0,3,1,4,2,1,2,2,3,1,2,6,0,0,3,2,0,1,1,2,4,2,0,1,1,2,1,0,0,1,0,0,1,3,1,0,0,0,1
Zfp942,3,3,2,5,6,6,8,3,6,3,7,10,4,7,6,3,5,6,4,6,3,5,7,3,6,3,5,5,4,5,2,3,3,0,8,7,11,5,2,1,4,6,6,5,5,5
Zfp943,9,8,8,11,7,15,16,7,13,8,9,16,12,16,7,10,8,11,6,14,1,17,14,6,9,2,7,15,21,12,7,3,12,2,6,5,8,16,9,3,8,8,10,6,6,9
Zfp944,3,2,7,11,12,3,6,5,10,4,4,16,9,6,9,8,12,9,4,8,2,12,12,6,4,7,2,7,8,9,3,2,6,3,5,6,2,4,6,3,7,5,5,3,9,6
Zfp946,4,0,1,6,1,1,0,2,0,1,1,2,0,1,3,1,1,1,0,1,0,0,2,1,1,4,2,1,1,0,1,2,3,2,5,1,1,0,1,1,0,1,0,0,1,0
Zfp948,4,0,2,5,6,2,2,1,2,5,3,7,1,3,6,5,6,4,2,1,1,2,5,3,2,5,6,8,2,2,2,3,3,2,4,2,0,4,2,1,5,2,2,0,5,2
Zfp949,3,0,2,3,2,4,5,2,8,4,6,4,2,5,0,4,3,0,1,1,1,1,4,3,1,5,3,4,3,1,1,2,4,0,1,2,3,1,1,0,2,3,2,2,2,4
Zfp950,113,41,88,148,136,81,142,122,152,108,152,282,75,72,116,77,106,199,111,108,42,230,114,81,101,113,98,103,129,96,101,67,119,72,77,97,67,94,73,67,131,78,64,76,79,50
Zfp952,19,15,13,27,11,16,26,32,22,16,26,29,24,26,24,16,24,19,16,11,7,16,25,7,19,18,19,17,21,15,22,11,17,20,21,19,12,22,12,11,13,15,20,17,11,11
Zfp954,16,7,16,17,11,16,17,12,18,13,13,26,14,10,15,25,20,16,20,9,8,20,15,12,17,12,9,10,13,13,14,10,15,8,12,12,11,13,18,4,16,12,6,12,8,13
Zfp955b,7,13,14,28,11,7,19,17,19,12,17,11,18,17,18,13,11,13,14,4,4,19,10,7,13,7,13,9,16,11,9,15,11,6,8,13,9,10,6,5,12,15,12,9,6,15
Zfp956,8,6,8,12,7,11,10,12,12,9,15,20,13,10,19,13,16,22,11,16,6,16,12,6,6,8,5,15,13,11,6,16,8,7,13,3,12,12,16,10,13,11,13,9,7,20
Zfp958,5,3,4,0,3,2,2,2,4,3,4,5,1,1,2,7,6,2,3,3,4,3,1,4,11,2,2,5,5,5,1,3,2,2,6,7,3,3,3,2,3,1,2,0,1,3
Zfp959,20,9,21,36,12,20,18,16,21,19,24,28,23,12,23,30,19,22,13,20,9,16,31,11,15,11,14,22,13,24,11,19,20,14,14,11,16,19,16,10,28,17,13,15,15,22
Zfp961,6,4,9,13,7,8,10,5,12,14,7,4,9,13,11,16,5,7,4,7,0,7,9,11,16,18,8,8,18,14,2,6,16,6,8,10,7,13,9,1,7,5,6,10,9,6
Zfp963,4,3,2,8,4,10,6,7,7,9,11,15,1,6,10,4,6,7,6,4,1,2,7,2,5,6,4,7,9,14,3,2,5,2,5,2,7,5,5,1,11,7,4,6,2,8
Zfpl1,91,40,67,95,61,104,93,72,99,70,101,123,70,61,96,101,86,110,77,86,21,115,83,68,69,84,70,88,94,105,46,56,77,69,75,65,44,78,71,37,108,63,66,37,49,57
Zfpm1,371,212,454,568,271,406,388,349,343,352,505,441,432,363,403,464,421,315,383,346,120,373,420,222,283,333,333,359,409,336,217,211,312,262,354,329,295,317,326,151,447,318,301,244,297,292
Zfr,40,25,24,52,49,36,42,42,65,32,52,94,45,51,56,43,41,76,26,34,22,46,63,39,36,51,45,51,55,48,22,27,62,21,37,37,43,38,51,42,40,30,34,27,35,28
Zfx,23,17,27,33,21,19,21,23,40,20,44,47,28,25,24,36,35,39,23,23,14,43,27,12,29,19,25,25,37,30,22,15,22,16,19,19,14,23,27,24,33,19,21,16,14,17
Zfyve1,150,46,106,191,126,156,182,131,195,149,196,185,122,115,167,215,227,144,168,141,41,159,187,129,137,145,122,216,191,187,115,113,146,110,145,124,128,170,151,77,224,155,125,111,79,95
Zfyve16,2,0,3,3,4,6,3,3,5,3,6,5,1,3,2,1,7,5,1,4,3,3,4,1,1,0,8,2,0,1,0,1,4,0,2,0,0,0,2,1,3,3,0,1,0,4
Zfyve19,117,72,91,136,93,106,107,125,133,94,120,169,107,103,115,132,120,183,102,114,38,176,112,84,106,110,83,125,120,117,95,86,114,94,127,106,93,113,120,60,182,98,104,102,77,96
Zfyve21,90,38,98,126,71,107,142,113,176,145,115,166,149,135,151,152,152,118,110,126,38,124,205,100,141,121,108,203,235,170,82,85,128,97,163,152,110,132,178,118,194,130,161,83,134,146
Zfyve26,48,26,26,72,46,54,74,63,61,30,69,46,52,35,58,57,52,55,37,39,21,68,70,32,48,43,42,46,62,65,40,29,47,28,40,33,24,37,18,23,73,52,52,25,23,37
Zfyve27,16,8,18,27,22,16,12,9,24,9,23,24,16,24,22,23,24,17,15,14,1,19,19,21,9,18,13,21,22,15,12,11,9,10,18,13,12,11,15,4,26,15,18,9,23,12
Zgpat,32,12,16,32,20,19,31,28,55,21,36,36,38,32,25,35,41,35,15,30,10,41,29,26,30,34,26,31,42,36,39,28,28,19,46,24,21,28,29,24,42,29,31,19,20,27
Zhx1,24,21,20,53,26,21,36,28,50,36,42,34,28,31,25,46,34,34,36,30,6,47,40,16,28,29,33,31,43,24,16,22,26,3,37,16,20,22,22,21,31,27,21,18,21,28
Zhx2,35,22,30,40,25,12,30,29,36,22,33,34,27,26,21,41,31,20,34,24,8,25,35,16,28,27,25,33,36,33,13,31,25,22,23,24,12,18,20,18,39,31,30,25,30,25
Zhx3,41,23,31,45,30,36,40,29,45,29,44,37,31,40,27,51,25,35,30,27,10,46,36,18,43,30,34,37,40,37,29,19,27,18,30,26,23,30,35,13,47,27,42,19,23,26
Zkscan1,34,20,26,33,30,58,19,23,53,62,47,56,41,41,41,67,67,30,32,30,12,41,48,19,46,43,40,39,71,42,20,23,34,20,32,24,21,27,34,20,63,40,32,17,29,34
Zkscan14,20,11,21,20,19,20,20,16,40,31,34,29,32,35,30,69,35,31,18,16,10,35,20,12,15,30,21,30,40,43,31,20,21,25,25,20,22,38,27,21,36,43,25,21,22,31
Zkscan17,78,40,66,140,77,94,86,63,94,66,126,75,110,83,74,96,134,121,87,51,29,176,62,59,79,82,64,80,112,92,67,37,87,53,74,62,37,66,77,36,94,65,72,63,59,48
Zkscan3,31,14,50,94,40,48,78,43,76,49,91,98,52,62,90,80,71,62,79,50,14,55,96,49,78,68,29,67,74,69,30,48,69,23,52,63,39,64,40,37,66,55,59,33,48,50
Zkscan4,3,1,1,6,1,2,5,2,5,3,3,5,3,3,3,1,4,1,1,1,1,4,3,2,3,5,1,2,2,3,0,1,2,4,5,1,2,1,4,2,1,1,4,1,3,2
Zkscan5,37,26,43,49,25,52,58,56,59,33,78,69,55,51,46,77,59,41,36,63,11,54,75,40,89,60,58,59,86,94,32,33,42,27,44,47,39,48,69,34,81,60,60,48,40,53
Zkscan6,17,5,16,28,11,12,28,16,23,16,20,28,18,19,12,31,32,25,21,16,11,24,18,13,10,18,17,11,22,18,25,10,8,15,21,17,20,15,22,9,23,23,23,11,18,13
Zmat2,13,6,7,4,7,9,11,3,11,6,8,12,6,9,15,12,7,9,3,8,1,11,6,3,12,8,8,13,10,11,7,4,7,2,7,7,10,7,8,3,8,5,13,6,11,4
Zmat3,13,15,24,28,24,23,24,24,26,21,27,39,33,35,29,21,23,80,21,26,14,52,36,26,37,19,19,19,26,26,19,20,27,13,24,25,18,21,21,14,34,19,25,21,24,26
Zmat5,37,19,30,42,23,35,41,44,54,30,51,60,35,24,42,46,35,51,44,28,9,33,26,26,40,33,34,46,47,49,33,24,29,36,39,25,28,42,27,17,39,40,44,19,22,29
Zmiz1,72,43,84,97,77,90,91,89,119,78,90,121,116,77,90,98,133,93,101,72,33,104,126,79,98,109,66,96,111,71,76,56,103,95,83,77,79,117,85,47,108,64,83,70,48,92
Zmiz2,96,59,73,132,69,92,96,88,103,92,115,126,84,67,99,107,111,122,108,92,31,106,83,59,83,91,102,113,102,86,94,52,87,83,83,68,80,83,88,55,112,80,81,75,73,68
Zmpste24,121,66,111,165,148,130,195,138,194,124,183,175,125,127,149,177,153,194,152,153,66,176,196,90,160,144,139,129,150,166,127,126,157,86,133,144,139,132,170,91,271,154,132,126,123,102
Zmym1,11,6,6,9,5,8,7,12,9,8,10,9,7,8,10,9,4,14,4,9,1,13,18,6,10,10,7,17,12,7,10,6,8,6,8,13,10,10,7,4,10,9,9,4,9,10
Zmym3,42,29,41,63,52,36,57,50,74,61,76,80,62,37,52,78,78,68,49,51,21,77,50,48,52,54,39,44,80,58,50,40,59,35,58,47,50,54,43,28,66,42,52,40,41,36
Zmym4,21,4,11,26,16,18,21,18,27,19,14,16,14,10,17,19,17,28,16,15,12,28,11,9,11,12,9,17,21,20,15,7,12,4,7,12,14,9,14,10,18,12,14,11,10,19
Zmym5,21,9,22,39,27,15,39,24,28,23,33,25,28,22,26,17,28,31,27,24,16,42,29,20,36,33,20,18,32,33,19,20,24,13,28,11,17,16,21,11,31,16,23,23,19,12
Zmym6,11,4,6,13,9,8,12,9,21,7,19,22,10,8,13,15,11,17,12,5,5,13,17,7,17,6,6,18,16,11,3,9,6,10,11,10,6,7,7,7,8,7,12,6,7,7
Zmynd10,2,0,0,6,0,1,4,3,0,5,2,2,2,1,4,2,0,9,0,2,0,7,2,1,1,1,2,7,4,1,1,0,0,1,2,0,0,2,3,0,1,2,3,3,3,1
Zmynd11,201,106,196,299,234,183,238,189,239,177,265,231,240,179,213,270,276,303,215,201,106,369,236,134,216,213,159,213,233,209,170,134,190,146,183,169,152,153,176,128,247,196,152,152,178,184
Zmynd12,0,0,2,1,0,2,0,0,1,2,1,1,3,0,0,1,1,3,0,0,1,10,2,2,3,1,1,1,2,0,0,0,0,0,0,0,1,0,0,0,3,1,0,0,0,0
Zmynd15,23,21,25,44,23,30,57,34,28,17,58,25,33,19,33,41,34,36,24,23,11,38,30,20,36,19,30,24,36,37,63,25,20,19,21,24,27,31,15,12,30,20,33,22,13,22
Zmynd19,22,23,29,42,21,19,37,17,26,12,26,44,21,20,29,27,22,30,27,25,10,31,32,20,30,25,19,22,23,27,28,23,22,19,18,26,22,21,25,17,24,28,23,21,19,23
Zmynd8,61,38,51,109,78,59,89,84,67,66,97,89,74,52,67,86,80,87,69,53,31,86,83,56,71,70,57,78,81,57,77,60,61,55,66,54,68,69,62,39,113,62,64,42,58,54
Znf512b,39,28,42,71,35,37,51,45,65,39,72,50,45,48,43,62,58,67,37,41,9,98,44,22,41,31,41,34,60,50,31,31,34,29,41,32,38,44,38,25,68,38,46,26,45,40
Znfx1,107,82,135,170,148,147,147,160,169,108,200,234,160,151,185,170,186,173,142,141,64,235,194,168,166,157,124,122,170,151,313,122,182,137,142,135,112,157,135,84,226,146,134,152,126,149
Znhit1,358,168,356,472,324,335,416,383,459,364,415,502,368,364,379,386,429,505,358,392,149,391,502,256,382,332,373,448,484,496,355,290,366,256,377,394,320,433,442,297,542,453,365,340,419,414
Znhit2,166,111,188,245,155,191,194,210,247,137,276,295,215,194,223,221,195,242,193,173,52,282,217,144,218,184,184,193,230,222,176,133,168,140,210,169,157,196,185,136,259,197,223,189,189,180
Znhit3,45,20,37,54,39,41,47,37,64,31,59,58,70,48,53,30,50,53,43,36,30,55,49,24,44,32,31,39,54,50,37,43,36,35,43,47,46,46,55,24,63,50,39,30,36,38
Znhit6,3,4,5,7,3,5,3,6,7,3,4,8,3,3,5,7,1,4,3,7,2,6,6,2,1,7,2,2,5,5,4,4,5,5,4,2,5,5,7,1,8,4,2,6,4,5
Znrd1,96,58,88,126,95,113,102,126,145,91,125,147,109,101,110,97,115,136,89,98,35,133,129,61,101,92,123,97,132,123,104,79,93,66,92,68,71,92,105,53,129,95,69,64,86,85
Znrd1as,54,19,45,68,44,42,63,49,75,48,47,51,68,42,62,50,63,77,41,61,23,65,58,48,48,53,41,53,56,80,51,40,58,30,55,66,66,58,42,37,62,51,52,44,52,54
Znrf1,9,6,8,11,4,7,11,8,9,8,9,4,7,8,8,15,14,10,16,10,3,8,7,8,7,8,3,6,12,13,9,5,7,4,9,7,6,7,9,8,16,8,13,6,3,2
Znrf2,50,33,47,99,59,69,78,49,108,66,81,105,78,63,62,92,92,64,57,71,22,87,81,46,68,110,56,66,83,81,59,61,80,46,77,68,70,59,62,46,104,86,87,46,60,69
Znrf3,22,16,27,73,18,26,35,28,25,36,32,28,33,47,31,45,36,39,33,25,13,44,28,13,20,23,24,32,18,25,10,18,31,18,26,19,20,22,18,15,41,22,25,24,20,26
Zpr1,24,4,32,65,29,25,28,18,20,15,38,11,13,25,25,102,59,75,34,26,13,94,32,18,23,9,26,33,26,28,8,13,18,8,16,34,16,17,16,7,32,26,24,13,16,9
Zranb1,155,77,94,248,134,126,166,110,189,135,216,176,149,70,135,197,197,157,173,114,41,194,146,74,126,137,111,154,183,137,52,81,136,79,116,105,86,143,149,86,164,123,143,97,115,115
Zranb2,37,14,37,54,41,45,48,41,56,44,67,81,36,49,57,43,46,57,45,27,17,74,53,31,44,38,49,53,53,51,27,33,42,13,36,41,30,41,33,23,51,52,37,24,26,34
Zranb3,4,1,2,4,6,5,8,7,6,7,4,8,2,5,9,2,4,9,6,3,2,4,2,9,3,7,3,3,8,3,2,6,6,3,4,4,3,6,1,3,7,3,3,2,3,5
Zrsr2,19,9,19,28,6,8,21,12,16,12,27,21,16,9,16,17,15,24,10,9,5,20,21,13,14,18,21,10,18,15,13,8,15,9,22,11,17,10,27,12,16,14,14,16,16,8
Zscan20,4,3,5,12,1,3,5,6,1,5,8,3,4,3,4,6,4,5,4,2,2,6,4,6,3,1,5,3,2,3,5,3,5,5,1,5,3,2,6,1,7,4,4,5,3,3
Zscan21,67,50,56,145,85,63,88,85,110,91,113,104,95,59,101,105,119,113,85,59,36,125,94,51,69,77,72,73,93,89,70,49,75,56,72,62,64,81,72,42,99,87,69,55,60,64
Zscan22,6,7,14,14,6,10,9,8,14,5,17,20,19,14,15,8,9,10,12,11,6,7,13,2,12,5,9,11,10,14,7,3,12,4,10,3,5,10,8,2,10,5,13,7,10,10
Zscan26,80,40,116,154,103,87,128,78,127,84,107,130,97,95,118,111,90,90,98,78,22,112,97,69,96,75,76,73,81,96,61,73,80,46,77,90,65,67,82,39,104,72,98,45,68,64
Zscan29,38,31,28,49,45,26,62,43,54,26,47,47,51,36,47,41,41,50,34,27,18,58,46,37,39,33,34,40,38,47,43,28,24,23,42,32,26,24,30,15,39,33,29,19,28,36
Zswim1,24,7,17,27,15,19,26,12,28,20,48,45,37,17,28,25,37,30,18,28,8,22,35,19,26,17,22,27,30,25,29,14,23,16,25,16,11,21,20,11,37,18,14,14,24,25
Zswim3,8,7,8,13,8,9,5,9,10,8,9,14,7,7,4,10,10,15,1,3,1,9,14,5,3,8,3,7,13,5,5,8,3,4,7,8,4,7,9,3,11,5,6,4,6,8
Zswim4,33,8,29,46,22,28,32,33,39,24,40,39,38,24,27,37,43,50,26,16,3,44,29,14,26,32,25,31,29,22,27,27,29,22,21,20,13,27,24,20,53,23,25,25,18,21
Zswim5,3,2,7,0,2,0,1,3,2,7,2,1,3,3,6,5,2,3,4,4,1,4,3,4,3,4,3,1,3,4,1,0,3,1,3,3,3,2,3,5,2,3,0,1,0,2
Zswim6,7,3,3,7,5,2,6,12,16,12,18,12,12,6,7,9,10,11,3,4,2,9,9,5,10,5,10,6,6,3,11,4,6,5,7,7,6,7,6,3,11,4,4,2,4,1
Zswim7,48,21,33,42,18,50,58,60,63,43,69,50,45,51,52,64,70,97,51,56,22,87,79,41,50,27,38,76,95,75,57,45,55,38,52,48,54,75,66,33,76,55,53,36,62,47
Zswim8,96,54,84,140,69,83,103,111,94,101,142,150,140,91,86,137,84,130,96,80,31,139,92,75,78,86,97,99,85,91,86,68,81,92,97,98,62,89,99,57,100,74,74,80,71,76
Zufsp,4,0,2,7,11,4,5,5,1,5,8,4,3,1,4,1,5,5,4,4,1,6,3,2,2,4,3,2,2,2,0,3,3,2,6,2,3,2,3,1,3,2,7,3,3,4
Zw10,27,11,18,24,27,32,32,30,36,22,30,44,30,34,22,48,36,46,24,30,14,40,43,19,29,21,30,42,33,30,37,16,23,16,21,25,16,21,19,17,28,23,25,21,25,30
Zwilch,5,1,2,8,2,2,7,6,1,5,6,4,0,3,4,0,0,15,1,3,1,7,2,0,1,3,3,3,7,1,8,5,4,4,3,2,4,4,4,1,1,1,6,3,6,0
Zwint,193,95,160,291,206,198,226,197,279,178,262,247,231,177,256,319,310,465,220,203,121,530,251,132,169,187,153,213,304,248,283,199,233,144,241,222,242,227,241,93,280,162,230,149,183,188
Zxda,18,16,16,26,11,15,19,19,12,18,21,22,8,13,14,23,10,19,21,15,3,18,26,8,20,15,25,15,14,18,20,12,18,9,10,16,17,9,18,6,18,12,14,10,15,13
Zxdb,0,0,1,7,2,0,2,2,2,1,1,1,0,1,2,0,0,0,2,0,1,7,4,0,2,2,0,1,2,0,2,0,2,0,2,2,1,1,3,0,0,0,0,0,0,3
Zxdc,26,7,12,37,23,26,37,28,26,31,45,46,42,33,29,29,35,41,30,24,7,39,33,24,32,38,26,35,33,36,21,17,29,17,25,16,21,31,30,14,44,24,22,27,22,26
Zyg11a,1,2,1,4,2,3,5,0,1,3,6,5,2,1,3,4,4,5,5,2,1,5,6,0,1,1,3,4,2,7,1,2,6,2,2,1,3,1,4,1,11,3,4,2,1,5
Zyg11b,14,6,13,22,19,14,8,8,20,8,23,12,11,10,15,19,20,14,11,11,5,40,22,4,20,8,8,15,12,11,3,8,13,8,12,15,10,9,11,6,14,9,10,10,7,10
Zyx,267,151,251,373,194,180,311,261,289,204,301,337,264,240,295,241,212,300,222,212,73,345,321,176,295,252,225,249,304,248,426,148,238,240,196,189,172,209,238,129,332,227,241,141,222,205
Zzef1,88,44,93,147,113,136,116,115,139,83,149,158,134,92,117,127,149,127,109,97,50,127,117,83,115,82,99,100,111,123,104,75,107,57,100,109,99,83,107,71,133,113,99,77,85,91
Zzz3,42,20,51,93,40,52,50,64,70,63,87,82,50,66,54,83,79,80,72,44,22,118,65,43,52,72,49,52,61,76,48,43,55,38,55,58,39,55,54,33,72,50,46,30,54,43
l7Rn6,159,62,117,205,154,146,148,160,245,186,184,209,177,164,206,175,224,212,148,134,83,226,200,103,181,164,131,194,202,213,182,107,185,90,183,159,147,150,183,108,225,164,155,116,120,139